2023-07-18T18:10:27.400, ubuntu22-b, 0.004184
2023-07-18T18:10:27.606, ubuntu22-b, 0.005000
2023-07-18T18:10:27.811, ubuntu22-b, 0.005023
2023-07-18T18:10:28.017, ubuntu22-b, 0.005549
2023-07-18T18:10:28.225, ubuntu22-b, 0.007416
2023-07-18T18:10:28.430, ubuntu22-b, 0.004756
2023-07-18T18:10:28.635, ubuntu22-b, 0.005100
2023-07-18T18:10:28.841, ubuntu22-b, 0.004891
2023-07-18T18:10:29.046, ubuntu22-b, 0.004896
2023-07-18T18:10:29.257, ubuntu22-b, 0.010517
2023-07-18T18:10:29.462, ubuntu22-b, 0.004894
2023-07-18T18:10:29.668, ubuntu22-b, 0.005093
2023-07-18T18:10:29.873, ubuntu22-b, 0.005367
2023-07-18T18:10:30.079, ubuntu22-b, 0.005038
2023-07-18T18:10:30.284, ubuntu22-b, 0.005109
2023-07-18T18:10:30.490, ubuntu22-b, 0.004960
2023-07-18T18:10:30.695, ubuntu22-b, 0.005071
2023-07-18T18:10:30.900, ubuntu22-b, 0.004477
2023-07-18T18:10:31.105, ubuntu22-b, 0.004593
2023-07-18T18:10:31.310, ubuntu22-b, 0.004559
2023-07-18T18:10:31.515, ubuntu22-b, 0.005203
2023-07-18T18:10:31.722, ubuntu22-b, 0.006177
2023-07-18T18:10:31.927, ubuntu22-b, 0.004731
2023-07-18T18:10:32.132, ubuntu22-b, 0.004859
2023-07-18T18:10:32.337, ubuntu22-b, 0.004835
2023-07-18T18:10:32.546, ubuntu22-b, 0.008289
2023-07-18T18:10:32.751, ubuntu22-b, 0.004737
2023-07-18T18:10:32.957, ubuntu22-b, 0.004940
2023-07-18T18:10:33.162, ubuntu22-b, 0.005139
2023-07-18T18:10:33.367, ubuntu22-b, 0.004709
2023-07-18T18:10:33.573, ubuntu22-b, 0.005083
2023-07-18T18:10:33.778, ubuntu22-b, 0.004730
2023-07-18T18:10:33.983, ubuntu22-b, 0.004762
2023-07-18T18:10:34.188, ubuntu22-b, 0.004757
2023-07-18T18:10:34.393, ubuntu22-b, 0.004783
2023-07-18T18:10:34.598, ubuntu22-b, 0.004823
2023-07-18T18:10:34.803, ubuntu22-b, 0.004733
2023-07-18T18:10:35.009, ubuntu22-b, 0.004758
2023-07-18T18:10:35.214, ubuntu22-b, 0.004850
2023-07-18T18:10:35.419, ubuntu22-d, 0.005046
2023-07-18T18:10:35.624, ubuntu22-b, 0.004882
2023-07-18T18:10:35.830, ubuntu22-d, 0.004922
2023-07-18T18:10:36.035, ubuntu22-d, 0.004940
2023-07-18T18:10:36.241, ubuntu22-b, 0.005462
2023-07-18T18:10:36.516, , 
2023-07-18T18:10:36.723, ubuntu22-d, 0.006267
2023-07-18T18:10:36.928, ubuntu22-d, 0.005368
2023-07-18T18:10:37.134, ubuntu22-d, 0.005118
2023-07-18T18:10:37.338, ubuntu22-d, 0.004685
2023-07-18T18:10:37.544, ubuntu22-d, 0.005307
2023-07-18T18:10:37.750, ubuntu22-d, 0.005100
2023-07-18T18:10:37.955, ubuntu22-d, 0.004908
2023-07-18T18:10:38.160, ubuntu22-d, 0.005051
2023-07-18T18:10:38.366, ubuntu22-d, 0.005049
2023-07-18T18:10:38.571, ubuntu22-d, 0.004949
2023-07-18T18:10:38.776, ubuntu22-d, 0.004978
2023-07-18T18:10:38.981, ubuntu22-d, 0.004926
2023-07-18T18:10:39.187, ubuntu22-d, 0.005092
2023-07-18T18:10:39.392, ubuntu22-d, 0.004837
2023-07-18T18:10:39.598, ubuntu22-d, 0.005297
2023-07-18T18:10:39.803, ubuntu22-d, 0.005051
2023-07-18T18:10:40.009, ubuntu22-d, 0.005479
2023-07-18T18:10:40.215, ubuntu22-d, 0.005018
2023-07-18T18:10:40.420, ubuntu22-d, 0.005153
2023-07-18T18:10:40.626, ubuntu22-d, 0.004871
2023-07-18T18:10:40.831, ubuntu22-d, 0.004546
2023-07-18T18:10:41.036, ubuntu22-d, 0.004891
2023-07-18T18:10:41.241, ubuntu22-d, 0.004545
2023-07-18T18:10:41.447, ubuntu22-d, 0.004873
2023-07-18T18:10:41.652, ubuntu22-d, 0.004879
2023-07-18T18:10:41.857, ubuntu22-d, 0.004974
2023-07-18T18:10:42.063, ubuntu22-d, 0.005171
2023-07-18T18:10:42.268, ubuntu22-d, 0.004720
2023-07-18T18:10:42.473, ubuntu22-d, 0.005022
2023-07-18T18:10:42.678, ubuntu22-d, 0.004815
2023-07-18T18:10:42.884, ubuntu22-d, 0.004755
2023-07-18T18:10:43.089, ubuntu22-d, 0.004689
2023-07-18T18:10:43.295, ubuntu22-d, 0.005554
2023-07-18T18:10:43.503, ubuntu22-d, 0.007552
2023-07-18T18:10:43.708, ubuntu22-d, 0.004758
2023-07-18T18:10:43.914, ubuntu22-d, 0.005372
2023-07-18T18:10:44.119, ubuntu22-d, 0.004948
2023-07-18T18:10:44.324, ubuntu22-d, 0.004889
2023-07-18T18:10:44.530, ubuntu22-d, 0.004961
2023-07-18T18:10:44.735, ubuntu22-d, 0.004898
2023-07-18T18:10:44.940, ubuntu22-d, 0.004776
2023-07-18T18:10:45.145, ubuntu22-d, 0.004982
2023-07-18T18:10:45.351, ubuntu22-d, 0.004981
2023-07-18T18:10:45.556, ubuntu22-b, 0.005208
2023-07-18T18:10:45.762, ubuntu22-d, 0.005161
2023-07-18T18:10:45.967, ubuntu22-b, 0.004660
2023-07-18T18:10:46.172, ubuntu22-b, 0.004714
2023-07-18T18:10:46.385, ubuntu22-b, 0.012325
2023-07-18T18:10:46.589, , 
2023-07-18T18:10:46.797, ubuntu22-b, 0.007447
2023-07-18T18:10:47.005, ubuntu22-b, 0.007742
2023-07-18T18:10:47.217, ubuntu22-b, 0.011870
2023-07-18T18:10:47.425, ubuntu22-b, 0.007236
2023-07-18T18:10:47.633, ubuntu22-b, 0.008133
2023-07-18T18:10:47.842, ubuntu22-b, 0.008539
2023-07-18T18:10:48.048, ubuntu22-b, 0.005554
2023-07-18T18:10:48.254, ubuntu22-b, 0.004969
2023-07-18T18:10:48.459, ubuntu22-b, 0.004682
2023-07-18T18:10:48.664, ubuntu22-b, 0.005042
2023-07-18T18:10:48.881, ubuntu22-b, 0.016403
2023-07-18T18:10:49.089, ubuntu22-b, 0.007439
2023-07-18T18:10:49.337, ubuntu22-b, 0.048158
2023-07-18T18:10:49.545, ubuntu22-b, 0.007105
2023-07-18T18:10:49.753, ubuntu22-b, 0.007581
2023-07-18T18:10:49.969, ubuntu22-b, 0.015716
2023-07-18T18:10:50.209, ubuntu22-b, 0.039566
2023-07-18T18:10:50.453, ubuntu22-b, 0.044055
2023-07-18T18:10:50.667, ubuntu22-b, 0.013014
2023-07-18T18:10:50.881, ubuntu22-b, 0.013999
2023-07-18T18:10:51.161, ubuntu22-b, 0.079535
2023-07-18T18:10:51.366, ubuntu22-b, 0.004783
2023-07-18T18:10:51.572, ubuntu22-b, 0.005208
2023-07-18T18:10:51.777, ubuntu22-b, 0.004977
2023-07-18T18:10:51.982, ubuntu22-b, 0.004876
2023-07-18T18:10:52.249, ubuntu22-b, 0.066476
2023-07-18T18:10:52.454, ubuntu22-b, 0.004898
2023-07-18T18:10:52.659, ubuntu22-b, 0.004938
2023-07-18T18:10:52.865, ubuntu22-b, 0.005021
2023-07-18T18:10:53.070, ubuntu22-b, 0.004685
2023-07-18T18:10:53.293, ubuntu22-b, 0.022604
2023-07-18T18:10:53.530, ubuntu22-b, 0.036797
2023-07-18T18:10:53.737, ubuntu22-b, 0.006150
2023-07-18T18:10:53.945, ubuntu22-b, 0.007682
2023-07-18T18:10:54.150, ubuntu22-b, 0.004690
2023-07-18T18:10:54.357, ubuntu22-b, 0.006373
2023-07-18T18:10:54.562, ubuntu22-b, 0.004961
2023-07-18T18:10:54.768, ubuntu22-c, 0.005466
2023-07-18T18:10:54.973, ubuntu22-b, 0.004867
2023-07-18T18:10:55.178, ubuntu22-b, 0.004873
2023-07-18T18:10:55.384, ubuntu22-c, 0.005033
2023-07-18T18:10:55.589, ubuntu22-b, 0.004724
2023-07-18T18:10:55.794, ubuntu22-c, 0.004905
2023-07-18T18:10:55.999, ubuntu22-c, 0.005022
2023-07-18T18:10:56.204, ubuntu22-b, 0.004779
2023-07-18T18:10:56.413, ubuntu22-b, 0.007938
2023-07-18T18:10:56.623, ubuntu22-c, 0.009372
2023-07-18T18:10:56.834, ubuntu22-c, 0.010887
2023-07-18T18:10:57.043, ubuntu22-c, 0.008418
2023-07-18T18:10:57.254, ubuntu22-c, 0.010995
2023-07-18T18:10:57.462, ubuntu22-c, 0.007557
2023-07-18T18:10:57.674, ubuntu22-c, 0.011706
2023-07-18T18:10:57.882, ubuntu22-c, 0.007527
2023-07-18T18:10:58.087, ubuntu22-c, 0.004852
2023-07-18T18:10:58.292, ubuntu22-c, 0.004853
2023-07-18T18:10:58.498, ubuntu22-c, 0.005134
2023-07-18T18:10:58.709, ubuntu22-c, 0.011222
2023-07-18T18:10:58.918, ubuntu22-c, 0.008230
2023-07-18T18:10:59.123, ubuntu22-c, 0.004866
2023-07-18T18:10:59.328, ubuntu22-c, 0.004680
2023-07-18T18:10:59.534, ubuntu22-c, 0.004871
2023-07-18T18:10:59.741, ubuntu22-c, 0.004901
2023-07-18T18:10:59.948, ubuntu22-c, 0.006633
2023-07-18T18:11:00.156, ubuntu22-c, 0.007868
2023-07-18T18:11:00.362, ubuntu22-c, 0.004992
2023-07-18T18:11:00.567, ubuntu22-c, 0.005044
2023-07-18T18:11:00.772, ubuntu22-c, 0.004837
2023-07-18T18:11:00.978, ubuntu22-c, 0.005087
2023-07-18T18:11:01.183, ubuntu22-c, 0.004906
2023-07-18T18:11:01.388, ubuntu22-c, 0.004709
2023-07-18T18:11:01.593, ubuntu22-c, 0.005083
2023-07-18T18:11:01.799, ubuntu22-c, 0.005149
2023-07-18T18:11:02.004, ubuntu22-c, 0.004914
2023-07-18T18:11:02.211, ubuntu22-c, 0.006314
2023-07-18T18:11:02.416, ubuntu22-c, 0.004893
2023-07-18T18:11:02.621, ubuntu22-c, 0.004852
2023-07-18T18:11:02.828, ubuntu22-c, 0.005182
2023-07-18T18:11:03.033, ubuntu22-c, 0.004924
2023-07-18T18:11:03.239, ubuntu22-c, 0.004901
2023-07-18T18:11:03.444, ubuntu22-c, 0.004734
2023-07-18T18:11:03.649, ubuntu22-c, 0.004871
2023-07-18T18:11:03.854, ubuntu22-c, 0.004748
2023-07-18T18:11:04.060, ubuntu22-d, 0.005204
2023-07-18T18:11:04.265, ubuntu22-d, 0.004818
2023-07-18T18:11:04.470, ubuntu22-c, 0.004694
2023-07-18T18:11:04.676, ubuntu22-d, 0.004818
2023-07-18T18:11:04.881, ubuntu22-d, 0.005066
2023-07-18T18:11:05.091, ubuntu22-d, 0.009980
2023-07-18T18:11:05.297, ubuntu22-d, 0.005720
2023-07-18T18:11:05.506, ubuntu22-d, 0.008342
2023-07-18T18:11:05.712, ubuntu22-d, 0.005176
2023-07-18T18:11:05.917, ubuntu22-d, 0.005366
2023-07-18T18:11:06.122, ubuntu22-d, 0.004908
2023-07-18T18:11:06.328, ubuntu22-d, 0.004905
2023-07-18T18:11:06.533, ubuntu22-d, 0.004904
2023-07-18T18:11:06.742, ubuntu22-d, 0.005500
2023-07-18T18:11:06.947, ubuntu22-d, 0.004822
2023-07-18T18:11:07.154, ubuntu22-d, 0.006646
2023-07-18T18:11:07.361, ubuntu22-d, 0.006940
2023-07-18T18:11:07.569, ubuntu22-d, 0.007446
2023-07-18T18:11:07.774, ubuntu22-d, 0.005161
2023-07-18T18:11:07.980, ubuntu22-d, 0.005005
2023-07-18T18:11:08.185, ubuntu22-d, 0.005350
2023-07-18T18:11:08.391, ubuntu22-d, 0.005363
2023-07-18T18:11:08.597, ubuntu22-d, 0.005145
2023-07-18T18:11:08.803, ubuntu22-d, 0.005857
2023-07-18T18:11:09.008, ubuntu22-d, 0.005046
2023-07-18T18:11:09.214, ubuntu22-d, 0.004813
2023-07-18T18:11:09.419, ubuntu22-d, 0.004718
2023-07-18T18:11:09.624, ubuntu22-d, 0.004786
2023-07-18T18:11:09.829, ubuntu22-d, 0.004803
2023-07-18T18:11:10.034, ubuntu22-d, 0.004658
2023-07-18T18:11:10.248, ubuntu22-d, 0.013601
2023-07-18T18:11:10.453, ubuntu22-d, 0.005135
2023-07-18T18:11:10.659, ubuntu22-d, 0.004647
2023-07-18T18:11:10.866, ubuntu22-d, 0.006623
2023-07-18T18:11:11.072, ubuntu22-d, 0.005647
2023-07-18T18:11:11.278, ubuntu22-d, 0.006435
2023-07-18T18:11:11.484, ubuntu22-d, 0.005329
2023-07-18T18:11:11.690, ubuntu22-d, 0.004997
2023-07-18T18:11:11.895, ubuntu22-d, 0.004775
2023-07-18T18:11:12.103, ubuntu22-d, 0.007453
2023-07-18T18:11:12.308, ubuntu22-d, 0.004918
2023-07-18T18:11:12.513, ubuntu22-d, 0.004849
2023-07-18T18:11:12.718, ubuntu22-d, 0.004611
2023-07-18T18:11:12.924, ubuntu22-d, 0.005063
2023-07-18T18:11:13.129, ubuntu22-d, 0.004888
2023-07-18T18:11:13.335, ubuntu22-d, 0.005160
2023-07-18T18:11:13.540, ubuntu22-d, 0.004871
2023-07-18T18:11:13.745, ubuntu22-d, 0.004955
2023-07-18T18:11:13.950, ubuntu22-d, 0.004893
2023-07-18T18:11:14.157, ubuntu22-d, 0.006400
2023-07-18T18:11:14.363, ubuntu22-d, 0.005055
2023-07-18T18:11:14.568, ubuntu22-d, 0.005108
2023-07-18T18:11:14.774, ubuntu22-d, 0.004762
2023-07-18T18:11:14.979, ubuntu22-d, 0.004908
2023-07-18T18:11:15.184, ubuntu22-d, 0.004882
2023-07-18T18:11:15.389, ubuntu22-d, 0.004726
2023-07-18T18:11:15.594, ubuntu22-b, 0.004750
2023-07-18T18:11:15.799, ubuntu22-b, 0.004541
2023-07-18T18:11:16.005, ubuntu22-d, 0.004895
2023-07-18T18:11:16.211, ubuntu22-d, 0.004935
2023-07-18T18:11:16.421, ubuntu22-b, 0.009421
2023-07-18T18:11:16.628, ubuntu22-b, 0.007229
2023-07-18T18:11:16.836, ubuntu22-b, 0.007889
2023-07-18T18:11:17.049, ubuntu22-b, 0.011932
2023-07-18T18:11:17.277, ubuntu22-b, 0.027617
2023-07-18T18:11:17.482, ubuntu22-b, 0.004816
2023-07-18T18:11:17.695, ubuntu22-b, 0.013176
2023-07-18T18:11:17.901, ubuntu22-b, 0.004914
2023-07-18T18:11:18.109, ubuntu22-b, 0.007551
2023-07-18T18:11:18.315, ubuntu22-b, 0.005502
2023-07-18T18:11:18.524, ubuntu22-b, 0.008746
2023-07-18T18:11:18.729, ubuntu22-b, 0.004960
2023-07-18T18:11:18.936, ubuntu22-b, 0.005883
2023-07-18T18:11:19.141, ubuntu22-b, 0.005513
2023-07-18T18:11:19.347, ubuntu22-b, 0.004960
2023-07-18T18:11:19.552, ubuntu22-b, 0.004698
2023-07-18T18:11:19.757, ubuntu22-b, 0.004598
2023-07-18T18:11:19.962, ubuntu22-b, 0.004619
2023-07-18T18:11:20.167, ubuntu22-b, 0.004909
2023-07-18T18:11:20.379, ubuntu22-b, 0.011342
2023-07-18T18:11:20.588, ubuntu22-b, 0.008668
2023-07-18T18:11:20.800, ubuntu22-b, 0.011900
2023-07-18T18:11:21.006, ubuntu22-b, 0.004909
2023-07-18T18:11:21.211, ubuntu22-b, 0.004741
2023-07-18T18:11:21.416, ubuntu22-b, 0.004843
2023-07-18T18:11:21.621, ubuntu22-b, 0.004933
2023-07-18T18:11:21.826, ubuntu22-b, 0.004649
2023-07-18T18:11:22.031, ubuntu22-b, 0.005012
2023-07-18T18:11:22.236, ubuntu22-b, 0.004610
2023-07-18T18:11:22.445, ubuntu22-b, 0.007810
2023-07-18T18:11:22.650, ubuntu22-d, 0.005218
2023-07-18T18:11:22.855, ubuntu22-b, 0.004813
2023-07-18T18:11:23.060, ubuntu22-d, 0.004766
2023-07-18T18:11:23.266, ubuntu22-b, 0.005348
2023-07-18T18:11:23.471, ubuntu22-b, 0.004846
2023-07-18T18:11:23.678, ubuntu22-d, 0.005809
2023-07-18T18:11:23.883, ubuntu22-d, 0.004837
2023-07-18T18:11:24.088, ubuntu22-b, 0.004636
2023-07-18T18:11:24.293, ubuntu22-d, 0.005052
2023-07-18T18:11:24.498, ubuntu22-d, 0.004860
2023-07-18T18:11:24.704, ubuntu22-d, 0.004882
2023-07-18T18:11:24.909, ubuntu22-d, 0.004914
2023-07-18T18:11:25.114, ubuntu22-d, 0.004958
2023-07-18T18:11:25.324, ubuntu22-d, 0.008780
2023-07-18T18:11:25.529, ubuntu22-d, 0.005536
2023-07-18T18:11:25.737, ubuntu22-d, 0.007685
2023-07-18T18:11:25.943, ubuntu22-d, 0.004953
2023-07-18T18:11:26.149, ubuntu22-d, 0.006378
2023-07-18T18:11:26.355, ubuntu22-d, 0.004938
2023-07-18T18:11:26.560, ubuntu22-d, 0.004770
2023-07-18T18:11:26.767, ubuntu22-d, 0.006577
2023-07-18T18:11:26.977, ubuntu22-d, 0.009870
2023-07-18T18:11:27.187, ubuntu22-d, 0.009248
2023-07-18T18:11:27.392, ubuntu22-d, 0.004824
2023-07-18T18:11:27.598, ubuntu22-d, 0.005045
2023-07-18T18:11:27.805, ubuntu22-d, 0.006689
2023-07-18T18:11:28.019, ubuntu22-d, 0.013623
2023-07-18T18:11:28.224, ubuntu22-d, 0.005164
2023-07-18T18:11:28.430, ubuntu22-d, 0.005183
2023-07-18T18:11:28.635, ubuntu22-d, 0.004956
2023-07-18T18:11:28.840, ubuntu22-d, 0.004827
2023-07-18T18:11:29.050, ubuntu22-c, 0.009463
2023-07-18T18:11:29.255, ubuntu22-c, 0.005067
2023-07-18T18:11:29.461, ubuntu22-d, 0.004911
2023-07-18T18:11:29.666, ubuntu22-c, 0.004895
2023-07-18T18:11:29.872, ubuntu22-d, 0.005398
2023-07-18T18:11:30.077, ubuntu22-c, 0.005169
2023-07-18T18:11:30.282, ubuntu22-c, 0.004699
2023-07-18T18:11:30.488, ubuntu22-c, 0.004983
2023-07-18T18:11:30.693, ubuntu22-c, 0.005184
2023-07-18T18:11:30.900, ubuntu22-c, 0.005569
2023-07-18T18:11:31.105, ubuntu22-c, 0.004856
2023-07-18T18:11:31.310, ubuntu22-c, 0.004831
2023-07-18T18:11:31.522, ubuntu22-c, 0.008807
2023-07-18T18:11:31.727, ubuntu22-c, 0.005081
2023-07-18T18:11:31.934, ubuntu22-c, 0.006053
2023-07-18T18:11:32.139, ubuntu22-c, 0.004953
2023-07-18T18:11:32.344, ubuntu22-c, 0.004663
2023-07-18T18:11:32.550, ubuntu22-c, 0.004863
2023-07-18T18:11:32.755, ubuntu22-c, 0.005231
2023-07-18T18:11:32.963, ubuntu22-c, 0.007551
2023-07-18T18:11:33.168, ubuntu22-c, 0.004834
2023-07-18T18:11:33.374, ubuntu22-c, 0.005167
2023-07-18T18:11:33.579, ubuntu22-c, 0.004861
2023-07-18T18:11:33.784, ubuntu22-c, 0.004977
2023-07-18T18:11:33.990, ubuntu22-c, 0.004807
2023-07-18T18:11:34.195, ubuntu22-c, 0.004894
2023-07-18T18:11:34.400, ubuntu22-c, 0.004820
2023-07-18T18:11:34.606, ubuntu22-c, 0.005513
2023-07-18T18:11:34.811, ubuntu22-c, 0.005093
2023-07-18T18:11:35.022, ubuntu22-c, 0.010146
2023-07-18T18:11:35.228, ubuntu22-c, 0.005468
2023-07-18T18:11:35.433, ubuntu22-c, 0.005001
2023-07-18T18:11:35.639, ubuntu22-d, 0.005495
2023-07-18T18:11:35.845, ubuntu22-c, 0.005209
2023-07-18T18:11:36.050, ubuntu22-d, 0.004978
2023-07-18T18:11:36.255, ubuntu22-d, 0.004801
2023-07-18T18:11:36.460, ubuntu22-d, 0.004902
2023-07-18T18:11:36.666, ubuntu22-d, 0.005048
2023-07-18T18:11:36.871, ubuntu22-d, 0.004920
2023-07-18T18:11:37.076, ubuntu22-d, 0.004984
2023-07-18T18:11:37.281, , 
2023-07-18T18:11:37.486, ubuntu22-d, 0.005086
2023-07-18T18:11:37.691, ubuntu22-d, 0.004800
2023-07-18T18:11:37.896, ubuntu22-d, 0.004903
2023-07-18T18:11:38.102, ubuntu22-d, 0.004806
2023-07-18T18:11:38.307, ubuntu22-d, 0.004812
2023-07-18T18:11:38.512, ubuntu22-d, 0.004878
2023-07-18T18:11:38.724, ubuntu22-d, 0.011399
2023-07-18T18:11:38.929, ubuntu22-d, 0.005344
2023-07-18T18:11:39.134, ubuntu22-d, 0.004990
2023-07-18T18:11:39.340, ubuntu22-d, 0.004767
2023-07-18T18:11:39.545, ubuntu22-d, 0.005053
2023-07-18T18:11:39.750, ubuntu22-d, 0.004889
2023-07-18T18:11:39.959, ubuntu22-d, 0.008286
2023-07-18T18:11:40.165, ubuntu22-d, 0.005690
2023-07-18T18:11:40.371, ubuntu22-d, 0.004966
2023-07-18T18:11:40.576, ubuntu22-d, 0.004943
2023-07-18T18:11:40.781, ubuntu22-d, 0.005072
2023-07-18T18:11:40.987, ubuntu22-d, 0.004990
2023-07-18T18:11:41.192, ubuntu22-d, 0.004943
2023-07-18T18:11:41.401, ubuntu22-d, 0.008061
2023-07-18T18:11:41.606, ubuntu22-d, 0.005064
2023-07-18T18:11:41.811, ubuntu22-d, 0.004686
2023-07-18T18:11:42.016, ubuntu22-d, 0.004938
2023-07-18T18:11:42.221, ubuntu22-d, 0.004705
2023-07-18T18:11:42.427, ubuntu22-d, 0.005168
2023-07-18T18:11:42.632, ubuntu22-d, 0.004699
2023-07-18T18:11:42.837, ubuntu22-d, 0.004741
2023-07-18T18:11:43.043, ubuntu22-d, 0.004955
2023-07-18T18:11:43.248, ubuntu22-d, 0.005411
2023-07-18T18:11:43.454, ubuntu22-d, 0.004940
2023-07-18T18:11:43.659, ubuntu22-d, 0.004702
2023-07-18T18:11:43.864, ubuntu22-d, 0.004913
2023-07-18T18:11:44.070, ubuntu22-d, 0.005208
2023-07-18T18:11:44.275, ubuntu22-d, 0.004686
2023-07-18T18:11:44.480, ubuntu22-d, 0.004749
2023-07-18T18:11:44.685, ubuntu22-d, 0.005088
2023-07-18T18:11:44.890, ubuntu22-d, 0.004895
2023-07-18T18:11:45.096, ubuntu22-d, 0.005153
2023-07-18T18:11:45.301, ubuntu22-d, 0.005156
2023-07-18T18:11:45.507, ubuntu22-d, 0.005301
2023-07-18T18:11:45.713, ubuntu22-d, 0.005581
2023-07-18T18:11:45.918, ubuntu22-d, 0.004751
2023-07-18T18:11:46.125, ubuntu22-d, 0.006827
2023-07-18T18:11:46.331, ubuntu22-b, 0.005186
2023-07-18T18:11:46.540, ubuntu22-b, 0.008894
2023-07-18T18:11:46.748, ubuntu22-d, 0.007159
2023-07-18T18:11:46.953, ubuntu22-b, 0.004912
2023-07-18T18:11:47.162, ubuntu22-d, 0.007879
2023-07-18T18:11:47.367, ubuntu22-b, 0.005467
2023-07-18T18:11:47.573, ubuntu22-b, 0.005003
2023-07-18T18:11:47.778, ubuntu22-b, 0.005005
2023-07-18T18:11:47.983, ubuntu22-b, 0.005003
2023-07-18T18:11:48.189, ubuntu22-b, 0.005105
2023-07-18T18:11:48.394, ubuntu22-b, 0.005173
2023-07-18T18:11:48.600, ubuntu22-b, 0.004722
2023-07-18T18:11:48.815, ubuntu22-b, 0.014803
2023-07-18T18:11:49.021, ubuntu22-b, 0.005297
2023-07-18T18:11:49.237, ubuntu22-b, 0.015767
2023-07-18T18:11:49.473, ubuntu22-b, 0.035708
2023-07-18T18:11:49.685, ubuntu22-b, 0.011751
2023-07-18T18:11:49.890, ubuntu22-b, 0.005088
2023-07-18T18:11:50.096, ubuntu22-b, 0.005912
2023-07-18T18:11:50.302, ubuntu22-b, 0.005470
2023-07-18T18:11:50.508, ubuntu22-b, 0.005556
2023-07-18T18:11:50.713, ubuntu22-b, 0.004967
2023-07-18T18:11:50.919, ubuntu22-b, 0.005044
2023-07-18T18:11:51.128, ubuntu22-b, 0.008873
2023-07-18T18:11:51.339, ubuntu22-b, 0.010175
2023-07-18T18:11:51.550, ubuntu22-b, 0.010780
2023-07-18T18:11:51.758, ubuntu22-b, 0.007980
2023-07-18T18:11:51.964, ubuntu22-b, 0.005723
2023-07-18T18:11:52.170, ubuntu22-b, 0.005297
2023-07-18T18:11:52.376, ubuntu22-b, 0.005830
2023-07-18T18:11:52.581, ubuntu22-b, 0.004923
2023-07-18T18:11:52.787, ubuntu22-b, 0.005177
2023-07-18T18:11:52.992, ubuntu22-b, 0.005250
2023-07-18T18:11:53.198, ubuntu22-b, 0.005332
2023-07-18T18:11:53.404, ubuntu22-b, 0.005265
2023-07-18T18:11:53.609, ubuntu22-b, 0.005240
2023-07-18T18:11:53.815, ubuntu22-b, 0.005088
2023-07-18T18:11:54.020, ubuntu22-b, 0.005195
2023-07-18T18:11:54.227, ubuntu22-b, 0.005763
2023-07-18T18:11:54.439, ubuntu22-b, 0.011623
2023-07-18T18:11:54.644, ubuntu22-b, 0.005274
2023-07-18T18:11:54.850, ubuntu22-b, 0.005242
2023-07-18T18:11:55.055, ubuntu22-b, 0.005252
2023-07-18T18:11:55.262, ubuntu22-c, 0.005885
2023-07-18T18:11:55.467, ubuntu22-c, 0.005008
2023-07-18T18:11:55.672, ubuntu22-c, 0.004991
2023-07-18T18:11:55.878, ubuntu22-c, 0.005052
2023-07-18T18:11:56.083, ubuntu22-b, 0.005344
2023-07-18T18:11:56.289, ubuntu22-c, 0.005049
2023-07-18T18:11:56.496, ubuntu22-b, 0.006747
2023-07-18T18:11:56.702, ubuntu22-b, 0.005163
2023-07-18T18:11:56.907, ubuntu22-b, 0.004936
2023-07-18T18:11:57.111, , 
2023-07-18T18:11:57.318, ubuntu22-c, 0.006182
2023-07-18T18:11:57.530, ubuntu22-c, 0.011715
2023-07-18T18:11:57.740, ubuntu22-c, 0.010220
2023-07-18T18:11:57.950, ubuntu22-c, 0.009079
2023-07-18T18:11:58.158, ubuntu22-c, 0.007296
2023-07-18T18:11:58.410, ubuntu22-c, 0.051866
2023-07-18T18:11:58.626, ubuntu22-c, 0.015639
2023-07-18T18:11:58.832, ubuntu22-c, 0.006306
2023-07-18T18:11:59.050, ubuntu22-c, 0.016826
2023-07-18T18:11:59.258, ubuntu22-c, 0.007518
2023-07-18T18:11:59.463, ubuntu22-c, 0.005390
2023-07-18T18:11:59.668, ubuntu22-c, 0.004823
2023-07-18T18:11:59.874, ubuntu22-c, 0.005091
2023-07-18T18:12:00.079, ubuntu22-c, 0.005223
2023-07-18T18:12:00.285, ubuntu22-c, 0.005019
2023-07-18T18:12:00.491, ubuntu22-c, 0.005758
2023-07-18T18:12:00.697, ubuntu22-c, 0.005316
2023-07-18T18:12:00.902, ubuntu22-c, 0.005278
2023-07-18T18:12:01.108, ubuntu22-c, 0.005267
2023-07-18T18:12:01.313, ubuntu22-c, 0.005292
2023-07-18T18:12:01.521, ubuntu22-c, 0.007334
2023-07-18T18:12:01.727, ubuntu22-c, 0.005175
2023-07-18T18:12:01.936, ubuntu22-c, 0.008737
2023-07-18T18:12:02.142, ubuntu22-c, 0.005672
2023-07-18T18:12:02.348, ubuntu22-c, 0.005139
2023-07-18T18:12:02.553, ubuntu22-c, 0.005192
2023-07-18T18:12:02.759, ubuntu22-c, 0.005328
2023-07-18T18:12:02.965, ubuntu22-c, 0.005554
2023-07-18T18:12:03.171, ubuntu22-c, 0.005137
2023-07-18T18:12:03.377, ubuntu22-c, 0.005622
2023-07-18T18:12:03.582, ubuntu22-c, 0.005399
2023-07-18T18:12:03.789, ubuntu22-c, 0.005886
2023-07-18T18:12:03.994, ubuntu22-c, 0.005166
2023-07-18T18:12:04.200, ubuntu22-c, 0.005506
2023-07-18T18:12:04.406, ubuntu22-c, 0.005460
2023-07-18T18:12:04.612, ubuntu22-c, 0.005132
2023-07-18T18:12:04.817, ubuntu22-c, 0.004856
2023-07-18T18:12:05.024, ubuntu22-c, 0.006319
2023-07-18T18:12:05.230, ubuntu22-c, 0.005349
2023-07-18T18:12:05.435, ubuntu22-c, 0.004914
2023-07-18T18:12:05.640, ubuntu22-c, 0.005095
2023-07-18T18:12:05.846, ubuntu22-c, 0.005253
2023-07-18T18:12:06.052, ubuntu22-c, 0.005296
2023-07-18T18:12:06.257, ubuntu22-c, 0.005194
2023-07-18T18:12:06.463, ubuntu22-c, 0.005023
2023-07-18T18:12:06.668, ubuntu22-c, 0.005216
2023-07-18T18:12:06.875, ubuntu22-c, 0.006306
2023-07-18T18:12:07.081, ubuntu22-c, 0.005515
2023-07-18T18:12:07.287, ubuntu22-c, 0.005356
2023-07-18T18:12:07.493, ubuntu22-b, 0.005582
2023-07-18T18:12:07.698, ubuntu22-c, 0.005122
2023-07-18T18:12:07.904, ubuntu22-b, 0.005301
2023-07-18T18:12:08.110, ubuntu22-b, 0.005317
2023-07-18T18:12:08.315, ubuntu22-b, 0.005087
2023-07-18T18:12:08.521, ubuntu22-b, 0.005497
2023-07-18T18:12:08.727, ubuntu22-b, 0.005263
2023-07-18T18:12:08.933, ubuntu22-b, 0.005444
2023-07-18T18:12:09.142, ubuntu22-c, 0.008008
2023-07-18T18:12:09.348, ubuntu22-b, 0.005698
2023-07-18T18:12:09.554, ubuntu22-b, 0.005574
2023-07-18T18:12:09.760, ubuntu22-b, 0.005225
2023-07-18T18:12:09.966, ubuntu22-b, 0.005489
2023-07-18T18:12:10.173, ubuntu22-b, 0.006686
2023-07-18T18:12:10.378, ubuntu22-b, 0.005088
2023-07-18T18:12:10.584, ubuntu22-b, 0.005220
2023-07-18T18:12:10.790, ubuntu22-b, 0.005149
2023-07-18T18:12:10.995, ubuntu22-b, 0.005401
2023-07-18T18:12:11.202, ubuntu22-b, 0.005920
2023-07-18T18:12:11.407, ubuntu22-b, 0.005010
2023-07-18T18:12:11.613, ubuntu22-b, 0.005414
2023-07-18T18:12:11.819, ubuntu22-b, 0.005137
2023-07-18T18:12:12.024, ubuntu22-b, 0.005274
2023-07-18T18:12:12.230, ubuntu22-b, 0.005154
2023-07-18T18:12:12.436, ubuntu22-b, 0.005387
2023-07-18T18:12:12.642, ubuntu22-b, 0.005680
2023-07-18T18:12:12.848, ubuntu22-b, 0.005633
2023-07-18T18:12:13.054, ubuntu22-b, 0.005426
2023-07-18T18:12:13.260, ubuntu22-b, 0.005653
2023-07-18T18:12:13.466, ubuntu22-b, 0.005662
2023-07-18T18:12:13.672, ubuntu22-b, 0.005045
2023-07-18T18:12:13.877, ubuntu22-b, 0.005274
2023-07-18T18:12:14.083, ubuntu22-b, 0.005410
2023-07-18T18:12:14.289, ubuntu22-b, 0.005238
2023-07-18T18:12:14.495, ubuntu22-b, 0.005260
2023-07-18T18:12:14.701, ubuntu22-b, 0.005414
2023-07-18T18:12:14.906, ubuntu22-b, 0.005366
2023-07-18T18:12:15.113, ubuntu22-b, 0.005686
2023-07-18T18:12:15.318, ubuntu22-b, 0.004750
2023-07-18T18:12:15.524, ubuntu22-c, 0.005277
2023-07-18T18:12:15.729, ubuntu22-c, 0.004695
2023-07-18T18:12:15.935, ubuntu22-b, 0.005482
2023-07-18T18:12:16.141, ubuntu22-b, 0.005069
2023-07-18T18:12:16.346, ubuntu22-c, 0.005025
2023-07-18T18:12:16.561, ubuntu22-b, 0.014003
2023-07-18T18:12:16.766, ubuntu22-b, 0.005087
2023-07-18T18:12:16.972, ubuntu22-c, 0.005275
2023-07-18T18:12:17.180, ubuntu22-c, 0.007979
2023-07-18T18:12:17.386, ubuntu22-c, 0.005115
2023-07-18T18:12:17.592, ubuntu22-c, 0.005547
2023-07-18T18:12:17.797, ubuntu22-c, 0.004967
2023-07-18T18:12:18.002, ubuntu22-c, 0.005105
2023-07-18T18:12:18.208, ubuntu22-c, 0.004901
2023-07-18T18:12:18.414, ubuntu22-c, 0.005450
2023-07-18T18:12:18.620, ubuntu22-c, 0.005816
2023-07-18T18:12:18.825, ubuntu22-c, 0.005142
2023-07-18T18:12:19.032, ubuntu22-c, 0.006276
2023-07-18T18:12:19.238, ubuntu22-c, 0.005167
2023-07-18T18:12:19.443, ubuntu22-c, 0.004846
2023-07-18T18:12:19.648, ubuntu22-c, 0.004932
2023-07-18T18:12:19.854, ubuntu22-c, 0.005143
2023-07-18T18:12:20.059, ubuntu22-c, 0.005036
2023-07-18T18:12:20.264, ubuntu22-c, 0.004877
2023-07-18T18:12:20.469, ubuntu22-c, 0.004868
2023-07-18T18:12:20.675, ubuntu22-c, 0.005595
2023-07-18T18:12:20.880, ubuntu22-c, 0.004793
2023-07-18T18:12:21.086, ubuntu22-c, 0.005048
2023-07-18T18:12:21.291, ubuntu22-c, 0.004670
2023-07-18T18:12:21.496, ubuntu22-c, 0.004781
2023-07-18T18:12:21.701, ubuntu22-c, 0.005224
2023-07-18T18:12:21.907, ubuntu22-c, 0.005447
2023-07-18T18:12:22.112, ubuntu22-c, 0.004811
2023-07-18T18:12:22.318, ubuntu22-c, 0.005023
2023-07-18T18:12:22.523, ubuntu22-c, 0.005185
2023-07-18T18:12:22.729, ubuntu22-c, 0.004805
2023-07-18T18:12:22.936, ubuntu22-c, 0.007436
2023-07-18T18:12:23.142, ubuntu22-c, 0.004667
2023-07-18T18:12:23.346, ubuntu22-c, 0.004716
2023-07-18T18:12:23.552, ubuntu22-c, 0.004867
2023-07-18T18:12:23.758, ubuntu22-c, 0.006051
2023-07-18T18:12:23.965, ubuntu22-c, 0.006385
2023-07-18T18:12:24.170, ubuntu22-d, 0.005347
2023-07-18T18:12:24.376, ubuntu22-c, 0.005190
2023-07-18T18:12:24.584, ubuntu22-c, 0.007684
2023-07-18T18:12:24.789, ubuntu22-c, 0.004880
2023-07-18T18:12:24.996, ubuntu22-d, 0.005752
2023-07-18T18:12:25.200, , 
2023-07-18T18:12:25.406, ubuntu22-d, 0.005700
2023-07-18T18:12:25.614, ubuntu22-d, 0.008419
2023-07-18T18:12:25.820, ubuntu22-d, 0.004896
2023-07-18T18:12:26.028, ubuntu22-d, 0.007677
2023-07-18T18:12:26.234, ubuntu22-d, 0.005263
2023-07-18T18:12:26.439, ubuntu22-d, 0.005382
2023-07-18T18:12:26.645, ubuntu22-d, 0.005555
2023-07-18T18:12:26.850, ubuntu22-d, 0.004910
2023-07-18T18:12:27.056, ubuntu22-d, 0.004876
2023-07-18T18:12:27.261, ubuntu22-d, 0.004961
2023-07-18T18:12:27.466, ubuntu22-d, 0.004813
2023-07-18T18:12:27.671, ubuntu22-d, 0.004801
2023-07-18T18:12:27.877, ubuntu22-d, 0.005872
2023-07-18T18:12:28.085, ubuntu22-d, 0.007168
2023-07-18T18:12:28.291, ubuntu22-d, 0.004978
2023-07-18T18:12:28.496, ubuntu22-d, 0.004896
2023-07-18T18:12:28.701, ubuntu22-d, 0.005031
2023-07-18T18:12:28.907, ubuntu22-d, 0.004957
2023-07-18T18:12:29.112, ubuntu22-d, 0.005224
2023-07-18T18:12:29.318, ubuntu22-d, 0.005125
2023-07-18T18:12:29.523, ubuntu22-d, 0.005226
2023-07-18T18:12:29.728, ubuntu22-d, 0.004938
2023-07-18T18:12:29.934, ubuntu22-d, 0.005044
2023-07-18T18:12:30.139, ubuntu22-d, 0.004900
2023-07-18T18:12:30.345, ubuntu22-d, 0.005123
2023-07-18T18:12:30.551, ubuntu22-d, 0.006082
2023-07-18T18:12:30.757, ubuntu22-d, 0.005172
2023-07-18T18:12:30.962, ubuntu22-d, 0.004793
2023-07-18T18:12:31.167, ubuntu22-d, 0.005109
2023-07-18T18:12:31.373, ubuntu22-d, 0.005314
2023-07-18T18:12:31.578, ubuntu22-d, 0.005109
2023-07-18T18:12:31.784, ubuntu22-d, 0.005176
2023-07-18T18:12:31.989, ubuntu22-d, 0.005042
2023-07-18T18:12:32.195, ubuntu22-d, 0.004930
2023-07-18T18:12:32.400, ubuntu22-d, 0.004852
2023-07-18T18:12:32.605, ubuntu22-d, 0.005073
2023-07-18T18:12:32.811, ubuntu22-d, 0.004953
2023-07-18T18:12:33.016, ubuntu22-d, 0.004962
2023-07-18T18:12:33.221, ubuntu22-d, 0.005034
2023-07-18T18:12:33.427, ubuntu22-d, 0.004716
2023-07-18T18:12:33.632, ubuntu22-d, 0.005023
2023-07-18T18:12:33.837, ubuntu22-d, 0.005017
2023-07-18T18:12:34.043, ubuntu22-d, 0.004917
2023-07-18T18:12:34.248, ubuntu22-d, 0.004811
2023-07-18T18:12:34.453, ubuntu22-d, 0.005006
2023-07-18T18:12:34.662, ubuntu22-b, 0.008343
2023-07-18T18:12:34.867, ubuntu22-d, 0.004969
2023-07-18T18:12:35.074, ubuntu22-d, 0.006404
2023-07-18T18:12:35.280, ubuntu22-d, 0.004869
2023-07-18T18:12:35.485, ubuntu22-b, 0.005036
2023-07-18T18:12:35.690, ubuntu22-d, 0.004768
2023-07-18T18:12:35.896, ubuntu22-d, 0.005048
2023-07-18T18:12:36.101, ubuntu22-b, 0.005104
2023-07-18T18:12:36.307, ubuntu22-b, 0.005417
2023-07-18T18:12:36.511, , 
2023-07-18T18:12:36.716, ubuntu22-b, 0.004869
2023-07-18T18:12:36.922, ubuntu22-b, 0.005126
2023-07-18T18:12:37.131, ubuntu22-b, 0.005803
2023-07-18T18:12:37.337, ubuntu22-b, 0.005632
2023-07-18T18:12:37.544, ubuntu22-b, 0.006790
2023-07-18T18:12:37.751, ubuntu22-b, 0.006267
2023-07-18T18:12:37.971, ubuntu22-b, 0.019718
2023-07-18T18:12:38.183, ubuntu22-b, 0.011405
2023-07-18T18:12:38.435, ubuntu22-b, 0.051624
2023-07-18T18:12:38.642, ubuntu22-b, 0.005986
2023-07-18T18:12:38.848, ubuntu22-b, 0.005098
2023-07-18T18:12:39.057, ubuntu22-b, 0.008531
2023-07-18T18:12:39.262, ubuntu22-b, 0.004996
2023-07-18T18:12:39.472, ubuntu22-b, 0.008923
2023-07-18T18:12:39.677, ubuntu22-b, 0.005115
2023-07-18T18:12:39.884, ubuntu22-b, 0.006771
2023-07-18T18:12:40.090, ubuntu22-b, 0.005496
2023-07-18T18:12:40.296, ubuntu22-b, 0.005522
2023-07-18T18:12:40.501, ubuntu22-b, 0.004900
2023-07-18T18:12:40.707, ubuntu22-b, 0.005256
2023-07-18T18:12:40.912, ubuntu22-b, 0.004951
2023-07-18T18:12:41.117, ubuntu22-b, 0.004891
2023-07-18T18:12:41.323, ubuntu22-c, 0.005492
2023-07-18T18:12:41.529, ubuntu22-c, 0.005007
2023-07-18T18:12:41.734, ubuntu22-b, 0.004951
2023-07-18T18:12:41.939, ubuntu22-c, 0.004723
2023-07-18T18:12:42.145, ubuntu22-c, 0.004956
2023-07-18T18:12:42.350, ubuntu22-b, 0.004753
2023-07-18T18:12:42.555, ubuntu22-c, 0.005124
2023-07-18T18:12:42.761, ubuntu22-c, 0.005109
2023-07-18T18:12:42.968, ubuntu22-c, 0.007313
2023-07-18T18:12:43.187, ubuntu22-c, 0.017701
2023-07-18T18:12:43.395, ubuntu22-c, 0.007688
2023-07-18T18:12:43.600, ubuntu22-c, 0.004978
2023-07-18T18:12:43.806, ubuntu22-c, 0.005118
2023-07-18T18:12:44.011, ubuntu22-c, 0.004878
2023-07-18T18:12:44.217, ubuntu22-c, 0.005040
2023-07-18T18:12:44.422, ubuntu22-c, 0.005090
2023-07-18T18:12:44.628, ubuntu22-c, 0.005013
2023-07-18T18:12:44.833, ubuntu22-c, 0.004992
2023-07-18T18:12:45.039, ubuntu22-c, 0.005020
2023-07-18T18:12:45.244, ubuntu22-c, 0.004754
2023-07-18T18:12:45.449, ubuntu22-c, 0.004813
2023-07-18T18:12:45.661, ubuntu22-c, 0.011483
2023-07-18T18:12:45.867, ubuntu22-c, 0.004849
2023-07-18T18:12:46.072, ubuntu22-c, 0.005030
2023-07-18T18:12:46.278, ubuntu22-c, 0.005064
2023-07-18T18:12:46.483, ubuntu22-c, 0.004977
2023-07-18T18:12:46.691, ubuntu22-c, 0.007310
2023-07-18T18:12:46.897, ubuntu22-c, 0.005957
2023-07-18T18:12:47.103, ubuntu22-c, 0.004921
2023-07-18T18:12:47.308, ubuntu22-c, 0.004639
2023-07-18T18:12:47.513, ubuntu22-c, 0.004781
2023-07-18T18:12:47.718, ubuntu22-c, 0.004984
2023-07-18T18:12:47.924, ubuntu22-c, 0.004812
2023-07-18T18:12:48.129, ubuntu22-c, 0.004706
2023-07-18T18:12:48.334, ubuntu22-c, 0.004668
2023-07-18T18:12:48.539, ubuntu22-c, 0.004868
2023-07-18T18:12:48.744, ubuntu22-c, 0.004884
2023-07-18T18:12:48.950, ubuntu22-c, 0.004901
2023-07-18T18:12:49.155, ubuntu22-c, 0.004864
2023-07-18T18:12:49.360, ubuntu22-c, 0.004784
2023-07-18T18:12:49.565, ubuntu22-c, 0.004708
2023-07-18T18:12:49.771, ubuntu22-d, 0.005119
2023-07-18T18:12:49.976, ubuntu22-d, 0.004819
2023-07-18T18:12:50.183, ubuntu22-d, 0.006768
2023-07-18T18:12:50.393, ubuntu22-d, 0.009139
2023-07-18T18:12:50.598, ubuntu22-d, 0.005132
2023-07-18T18:12:50.805, ubuntu22-d, 0.006218
2023-07-18T18:12:51.021, ubuntu22-d, 0.015814
2023-07-18T18:12:51.227, ubuntu22-d, 0.005656
2023-07-18T18:12:51.433, ubuntu22-d, 0.005640
2023-07-18T18:12:51.638, ubuntu22-d, 0.004760
2023-07-18T18:12:51.844, ubuntu22-d, 0.004947
2023-07-18T18:12:52.049, ubuntu22-d, 0.004562
2023-07-18T18:12:52.254, ubuntu22-d, 0.004976
2023-07-18T18:12:52.459, ubuntu22-d, 0.004868
2023-07-18T18:12:52.665, ubuntu22-d, 0.005409
2023-07-18T18:12:52.870, ubuntu22-d, 0.004723
2023-07-18T18:12:53.075, ubuntu22-d, 0.004785
2023-07-18T18:12:53.281, ubuntu22-d, 0.005223
2023-07-18T18:12:53.487, ubuntu22-d, 0.005726
2023-07-18T18:12:53.693, ubuntu22-d, 0.005420
2023-07-18T18:12:53.898, ubuntu22-d, 0.004901
2023-07-18T18:12:54.106, ubuntu22-d, 0.007421
2023-07-18T18:12:54.315, ubuntu22-d, 0.008533
2023-07-18T18:12:54.521, ubuntu22-d, 0.005096
2023-07-18T18:12:54.726, ubuntu22-d, 0.005191
2023-07-18T18:12:54.932, ubuntu22-d, 0.005116
2023-07-18T18:12:55.137, ubuntu22-d, 0.005128
2023-07-18T18:12:55.343, ubuntu22-d, 0.005556
2023-07-18T18:12:55.549, ubuntu22-d, 0.005254
2023-07-18T18:12:55.755, ubuntu22-c, 0.005392
2023-07-18T18:12:55.960, ubuntu22-c, 0.005012
2023-07-18T18:12:56.166, ubuntu22-c, 0.005275
2023-07-18T18:12:56.372, ubuntu22-d, 0.005108
2023-07-18T18:12:56.577, ubuntu22-d, 0.005156
2023-07-18T18:12:56.783, ubuntu22-d, 0.005124
2023-07-18T18:12:56.990, ubuntu22-c, 0.007210
2023-07-18T18:12:57.196, ubuntu22-c, 0.005011
2023-07-18T18:12:57.401, ubuntu22-c, 0.005065
2023-07-18T18:12:57.607, ubuntu22-c, 0.005452
2023-07-18T18:12:57.813, ubuntu22-c, 0.005726
2023-07-18T18:12:58.021, ubuntu22-c, 0.007660
2023-07-18T18:12:58.227, ubuntu22-c, 0.005460
2023-07-18T18:12:58.446, ubuntu22-c, 0.011808
2023-07-18T18:12:58.653, ubuntu22-c, 0.006182
2023-07-18T18:12:58.859, ubuntu22-c, 0.005413
2023-07-18T18:12:59.065, ubuntu22-c, 0.006590
2023-07-18T18:12:59.271, ubuntu22-c, 0.004977
2023-07-18T18:12:59.476, ubuntu22-c, 0.005213
2023-07-18T18:12:59.682, ubuntu22-c, 0.005324
2023-07-18T18:12:59.888, ubuntu22-c, 0.005104
2023-07-18T18:13:00.093, ubuntu22-c, 0.005235
2023-07-18T18:13:00.299, ubuntu22-c, 0.005264
2023-07-18T18:13:00.505, ubuntu22-c, 0.005464
2023-07-18T18:13:00.714, ubuntu22-c, 0.008820
2023-07-18T18:13:00.920, ubuntu22-c, 0.005304
2023-07-18T18:13:01.127, ubuntu22-c, 0.006750
2023-07-18T18:13:01.333, ubuntu22-c, 0.005270
2023-07-18T18:13:01.539, ubuntu22-c, 0.006257
2023-07-18T18:13:01.748, ubuntu22-c, 0.006329
2023-07-18T18:13:01.954, ubuntu22-c, 0.005650
2023-07-18T18:13:02.159, ubuntu22-c, 0.005276
2023-07-18T18:13:02.365, ubuntu22-c, 0.005238
2023-07-18T18:13:02.570, ubuntu22-c, 0.005024
2023-07-18T18:13:02.776, ubuntu22-c, 0.005519
2023-07-18T18:13:02.983, ubuntu22-c, 0.006443
2023-07-18T18:13:03.189, ubuntu22-c, 0.005232
2023-07-18T18:13:03.395, ubuntu22-c, 0.005689
2023-07-18T18:13:03.600, ubuntu22-c, 0.005027
2023-07-18T18:13:03.806, ubuntu22-c, 0.005320
2023-07-18T18:13:04.012, ubuntu22-c, 0.005289
2023-07-18T18:13:04.218, ubuntu22-d, 0.005964
2023-07-18T18:13:04.424, ubuntu22-d, 0.005310
2023-07-18T18:13:04.630, ubuntu22-c, 0.005337
2023-07-18T18:13:04.836, ubuntu22-d, 0.006253
2023-07-18T18:13:05.045, ubuntu22-d, 0.008061
2023-07-18T18:13:05.251, ubuntu22-d, 0.005603
2023-07-18T18:13:05.460, ubuntu22-d, 0.008664
2023-07-18T18:13:05.666, ubuntu22-d, 0.005428
2023-07-18T18:13:05.871, ubuntu22-d, 0.005186
2023-07-18T18:13:06.080, ubuntu22-d, 0.007888
2023-07-18T18:13:06.292, ubuntu22-d, 0.011582
2023-07-18T18:13:06.498, ubuntu22-d, 0.005770
2023-07-18T18:13:06.711, ubuntu22-d, 0.008189
2023-07-18T18:13:06.917, ubuntu22-d, 0.005764
2023-07-18T18:13:07.123, ubuntu22-d, 0.005891
2023-07-18T18:13:07.334, ubuntu22-d, 0.009892
2023-07-18T18:13:07.540, ubuntu22-d, 0.005401
2023-07-18T18:13:07.746, ubuntu22-d, 0.005719
2023-07-18T18:13:07.952, ubuntu22-d, 0.005359
2023-07-18T18:13:08.157, ubuntu22-d, 0.005362
2023-07-18T18:13:08.363, ubuntu22-d, 0.005213
2023-07-18T18:13:08.569, ubuntu22-d, 0.005560
2023-07-18T18:13:08.775, ubuntu22-d, 0.005284
2023-07-18T18:13:08.981, ubuntu22-d, 0.005428
2023-07-18T18:13:09.186, ubuntu22-d, 0.005457
2023-07-18T18:13:09.392, ubuntu22-d, 0.005335
2023-07-18T18:13:09.598, ubuntu22-d, 0.005575
2023-07-18T18:13:09.804, ubuntu22-d, 0.005507
2023-07-18T18:13:10.010, ubuntu22-d, 0.005383
2023-07-18T18:13:10.217, ubuntu22-d, 0.006610
2023-07-18T18:13:10.423, ubuntu22-d, 0.005723
2023-07-18T18:13:10.630, ubuntu22-d, 0.006214
2023-07-18T18:13:10.835, ubuntu22-d, 0.005280
2023-07-18T18:13:11.041, ubuntu22-d, 0.005328
2023-07-18T18:13:11.247, ubuntu22-d, 0.005664
2023-07-18T18:13:11.453, ubuntu22-d, 0.005300
2023-07-18T18:13:11.658, ubuntu22-d, 0.005319
2023-07-18T18:13:11.864, ubuntu22-d, 0.005404
2023-07-18T18:13:12.070, ubuntu22-d, 0.005324
2023-07-18T18:13:12.276, ubuntu22-d, 0.006001
2023-07-18T18:13:12.483, ubuntu22-d, 0.006197
2023-07-18T18:13:12.690, ubuntu22-d, 0.006292
2023-07-18T18:13:12.896, ubuntu22-d, 0.005502
2023-07-18T18:13:13.101, ubuntu22-d, 0.005066
2023-07-18T18:13:13.306, ubuntu22-d, 0.004931
2023-07-18T18:13:13.512, ubuntu22-d, 0.004957
2023-07-18T18:13:13.718, ubuntu22-d, 0.005705
2023-07-18T18:13:13.925, ubuntu22-d, 0.006689
2023-07-18T18:13:14.130, ubuntu22-d, 0.004833
2023-07-18T18:13:14.336, ubuntu22-d, 0.005041
2023-07-18T18:13:14.541, ubuntu22-d, 0.004673
2023-07-18T18:13:14.746, ubuntu22-d, 0.004686
2023-07-18T18:13:14.951, ubuntu22-d, 0.004815
2023-07-18T18:13:15.160, ubuntu22-b, 0.008079
2023-07-18T18:13:15.365, ubuntu22-d, 0.004826
2023-07-18T18:13:15.570, ubuntu22-d, 0.004607
2023-07-18T18:13:15.776, ubuntu22-b, 0.005146
2023-07-18T18:13:15.981, ubuntu22-d, 0.005254
2023-07-18T18:13:16.187, ubuntu22-b, 0.004958
2023-07-18T18:13:16.394, ubuntu22-b, 0.006471
2023-07-18T18:13:16.613, ubuntu22-b, 0.018548
2023-07-18T18:13:16.820, ubuntu22-b, 0.006919
2023-07-18T18:13:17.028, ubuntu22-b, 0.007435
2023-07-18T18:13:17.236, ubuntu22-b, 0.007434
2023-07-18T18:13:17.444, ubuntu22-b, 0.007903
2023-07-18T18:13:17.659, ubuntu22-b, 0.014710
2023-07-18T18:13:17.879, ubuntu22-b, 0.019565
2023-07-18T18:13:18.098, ubuntu22-b, 0.018580
2023-07-18T18:13:18.303, ubuntu22-b, 0.004844
2023-07-18T18:13:18.508, ubuntu22-b, 0.004790
2023-07-18T18:13:18.733, ubuntu22-b, 0.024528
2023-07-18T18:13:18.960, ubuntu22-b, 0.026440
2023-07-18T18:13:19.165, ubuntu22-b, 0.005100
2023-07-18T18:13:19.371, ubuntu22-b, 0.004740
2023-07-18T18:13:19.576, ubuntu22-b, 0.005008
2023-07-18T18:13:19.781, ubuntu22-b, 0.004963
2023-07-18T18:13:19.986, ubuntu22-b, 0.004744
2023-07-18T18:13:20.192, ubuntu22-b, 0.004837
2023-07-18T18:13:20.397, ubuntu22-b, 0.004838
2023-07-18T18:13:20.602, ubuntu22-b, 0.005013
2023-07-18T18:13:20.809, ubuntu22-b, 0.005847
2023-07-18T18:13:21.014, ubuntu22-b, 0.004966
2023-07-18T18:13:21.219, ubuntu22-b, 0.004831
2023-07-18T18:13:21.424, ubuntu22-b, 0.004846
2023-07-18T18:13:21.630, ubuntu22-b, 0.005290
2023-07-18T18:13:21.835, ubuntu22-b, 0.004927
2023-07-18T18:13:22.041, ubuntu22-d, 0.005134
2023-07-18T18:13:22.246, ubuntu22-d, 0.004955
2023-07-18T18:13:22.451, ubuntu22-d, 0.004725
2023-07-18T18:13:22.659, ubuntu22-b, 0.007425
2023-07-18T18:13:22.865, ubuntu22-d, 0.004870
2023-07-18T18:13:23.070, ubuntu22-d, 0.005102
2023-07-18T18:13:23.275, ubuntu22-b, 0.004845
2023-07-18T18:13:23.480, ubuntu22-d, 0.004935
2023-07-18T18:13:23.686, ubuntu22-d, 0.005180
2023-07-18T18:13:23.892, ubuntu22-d, 0.005480
2023-07-18T18:13:24.098, ubuntu22-d, 0.005659
2023-07-18T18:13:24.304, ubuntu22-d, 0.005319
2023-07-18T18:13:24.510, ubuntu22-d, 0.005332
2023-07-18T18:13:24.715, ubuntu22-d, 0.005145
2023-07-18T18:13:24.921, ubuntu22-d, 0.005274
2023-07-18T18:13:25.127, ubuntu22-d, 0.005374
2023-07-18T18:13:25.332, ubuntu22-d, 0.005341
2023-07-18T18:13:25.538, ubuntu22-d, 0.005186
2023-07-18T18:13:25.751, ubuntu22-d, 0.012555
2023-07-18T18:13:25.958, ubuntu22-d, 0.006455
2023-07-18T18:13:26.165, ubuntu22-d, 0.006409
2023-07-18T18:13:26.370, ubuntu22-d, 0.004892
2023-07-18T18:13:26.575, ubuntu22-d, 0.004744
2023-07-18T18:13:26.782, ubuntu22-d, 0.006056
2023-07-18T18:13:26.988, ubuntu22-d, 0.005541
2023-07-18T18:13:27.194, ubuntu22-d, 0.005749
2023-07-18T18:13:27.400, ubuntu22-d, 0.005312
2023-07-18T18:13:27.607, ubuntu22-d, 0.006850
2023-07-18T18:13:27.813, ubuntu22-d, 0.005645
2023-07-18T18:13:28.018, ubuntu22-d, 0.005046
2023-07-18T18:13:28.224, ubuntu22-d, 0.005186
2023-07-18T18:13:28.430, ubuntu22-d, 0.005337
2023-07-18T18:13:28.635, ubuntu22-d, 0.005225
2023-07-18T18:13:28.841, ubuntu22-d, 0.005315
2023-07-18T18:13:29.047, ubuntu22-d, 0.005304
2023-07-18T18:13:29.253, ubuntu22-d, 0.005535
2023-07-18T18:13:29.458, ubuntu22-d, 0.005085
2023-07-18T18:13:29.664, ubuntu22-d, 0.005079
2023-07-18T18:13:29.871, ubuntu22-d, 0.006916
2023-07-18T18:13:30.077, ubuntu22-d, 0.005439
2023-07-18T18:13:30.285, ubuntu22-d, 0.007198
2023-07-18T18:13:30.490, ubuntu22-d, 0.005030
2023-07-18T18:13:30.696, ubuntu22-d, 0.005233
2023-07-18T18:13:30.901, ubuntu22-d, 0.005229
2023-07-18T18:13:31.107, ubuntu22-d, 0.005146
2023-07-18T18:13:31.312, ubuntu22-d, 0.005143
2023-07-18T18:13:31.522, ubuntu22-d, 0.006821
2023-07-18T18:13:31.728, ubuntu22-d, 0.005157
2023-07-18T18:13:31.933, ubuntu22-d, 0.005162
2023-07-18T18:13:32.139, ubuntu22-d, 0.005107
2023-07-18T18:13:32.344, ubuntu22-d, 0.005095
2023-07-18T18:13:32.550, ubuntu22-b, 0.005714
2023-07-18T18:13:32.756, ubuntu22-b, 0.005512
2023-07-18T18:13:32.962, ubuntu22-b, 0.005120
2023-07-18T18:13:33.167, ubuntu22-b, 0.004606
2023-07-18T18:13:33.372, ubuntu22-d, 0.005121
2023-07-18T18:13:33.579, ubuntu22-b, 0.006454
2023-07-18T18:13:33.796, ubuntu22-b, 0.016548
2023-07-18T18:13:34.016, ubuntu22-b, 0.019407
2023-07-18T18:13:34.224, ubuntu22-b, 0.007663
2023-07-18T18:13:34.431, ubuntu22-b, 0.007166
2023-07-18T18:13:34.640, ubuntu22-b, 0.007781
2023-07-18T18:13:34.845, ubuntu22-b, 0.005250
2023-07-18T18:13:35.051, ubuntu22-b, 0.005109
2023-07-18T18:13:35.257, ubuntu22-b, 0.005210
2023-07-18T18:13:35.462, ubuntu22-b, 0.005140
2023-07-18T18:13:35.672, ubuntu22-b, 0.009311
2023-07-18T18:13:35.908, ubuntu22-b, 0.035701
2023-07-18T18:13:36.113, ubuntu22-b, 0.005176
2023-07-18T18:13:36.319, ubuntu22-b, 0.005380
2023-07-18T18:13:36.535, ubuntu22-b, 0.015465
2023-07-18T18:13:36.742, ubuntu22-b, 0.005798
2023-07-18T18:13:36.948, ubuntu22-b, 0.005475
2023-07-18T18:13:37.153, ubuntu22-b, 0.005518
2023-07-18T18:13:37.359, ubuntu22-b, 0.005186
2023-07-18T18:13:37.564, ubuntu22-b, 0.005030
2023-07-18T18:13:37.770, ubuntu22-b, 0.005176
2023-07-18T18:13:37.975, ubuntu22-b, 0.005020
2023-07-18T18:13:38.182, ubuntu22-b, 0.005970
2023-07-18T18:13:38.392, ubuntu22-b, 0.009749
2023-07-18T18:13:38.598, ubuntu22-b, 0.006059
2023-07-18T18:13:38.803, ubuntu22-b, 0.004649
2023-07-18T18:13:39.009, ubuntu22-b, 0.004900
2023-07-18T18:13:39.214, ubuntu22-b, 0.004841
2023-07-18T18:13:39.420, ubuntu22-b, 0.005509
2023-07-18T18:13:39.626, ubuntu22-c, 0.005549
2023-07-18T18:13:39.831, ubuntu22-c, 0.004847
2023-07-18T18:13:40.036, ubuntu22-c, 0.004928
2023-07-18T18:13:40.241, ubuntu22-c, 0.004903
2023-07-18T18:13:40.447, ubuntu22-c, 0.004979
2023-07-18T18:13:40.652, ubuntu22-b, 0.005406
2023-07-18T18:13:40.858, ubuntu22-b, 0.005047
2023-07-18T18:13:41.063, ubuntu22-b, 0.004930
2023-07-18T18:13:41.268, ubuntu22-c, 0.004924
2023-07-18T18:13:41.474, ubuntu22-c, 0.004940
2023-07-18T18:13:41.681, ubuntu22-c, 0.007381
2023-07-18T18:13:41.887, ubuntu22-c, 0.004856
2023-07-18T18:13:42.096, ubuntu22-c, 0.009339
2023-07-18T18:13:42.302, ubuntu22-c, 0.004925
2023-07-18T18:13:42.507, ubuntu22-c, 0.004974
2023-07-18T18:13:42.712, ubuntu22-c, 0.004842
2023-07-18T18:13:42.918, ubuntu22-c, 0.005069
2023-07-18T18:13:43.123, ubuntu22-c, 0.004925
2023-07-18T18:13:43.329, ubuntu22-c, 0.005229
2023-07-18T18:13:43.534, ubuntu22-c, 0.005247
2023-07-18T18:13:43.740, ubuntu22-c, 0.004822
2023-07-18T18:13:43.945, ubuntu22-c, 0.004978
2023-07-18T18:13:44.150, ubuntu22-c, 0.005102
2023-07-18T18:13:44.356, ubuntu22-c, 0.005117
2023-07-18T18:13:44.564, ubuntu22-c, 0.007644
2023-07-18T18:13:44.770, ubuntu22-c, 0.005042
2023-07-18T18:13:44.979, ubuntu22-c, 0.008627
2023-07-18T18:13:45.187, ubuntu22-c, 0.007193
2023-07-18T18:13:45.392, ubuntu22-c, 0.005123
2023-07-18T18:13:45.598, ubuntu22-c, 0.004894
2023-07-18T18:13:45.803, ubuntu22-c, 0.004868
2023-07-18T18:13:46.009, ubuntu22-c, 0.005230
2023-07-18T18:13:46.214, ubuntu22-c, 0.004974
2023-07-18T18:13:46.419, ubuntu22-c, 0.004966
2023-07-18T18:13:46.625, ubuntu22-c, 0.004939
2023-07-18T18:13:46.831, ubuntu22-c, 0.005250
2023-07-18T18:13:47.036, ubuntu22-c, 0.004985
2023-07-18T18:13:47.241, ubuntu22-c, 0.005084
2023-07-18T18:13:47.447, ubuntu22-c, 0.005238
2023-07-18T18:13:47.652, ubuntu22-c, 0.005219
2023-07-18T18:13:47.858, ubuntu22-c, 0.005375
2023-07-18T18:13:48.064, ubuntu22-c, 0.004929
2023-07-18T18:13:48.269, ubuntu22-c, 0.004780
2023-07-18T18:13:48.474, ubuntu22-c, 0.004970
2023-07-18T18:13:48.679, ubuntu22-c, 0.004864
2023-07-18T18:13:48.884, ubuntu22-c, 0.004785
2023-07-18T18:13:49.090, ubuntu22-c, 0.004966
2023-07-18T18:13:49.295, ubuntu22-c, 0.004886
2023-07-18T18:13:49.501, ubuntu22-c, 0.005095
2023-07-18T18:13:49.706, ubuntu22-c, 0.005414
2023-07-18T18:13:49.912, ubuntu22-c, 0.004990
2023-07-18T18:13:50.117, ubuntu22-c, 0.004999
2023-07-18T18:13:50.323, ubuntu22-c, 0.005303
2023-07-18T18:13:50.529, ubuntu22-c, 0.005323
2023-07-18T18:13:50.734, ubuntu22-c, 0.005103
2023-07-18T18:13:50.940, ubuntu22-c, 0.005280
2023-07-18T18:13:51.146, ubuntu22-c, 0.005823
2023-07-18T18:13:51.352, ubuntu22-b, 0.005492
2023-07-18T18:13:51.558, ubuntu22-c, 0.005311
2023-07-18T18:13:51.763, ubuntu22-b, 0.004932
2023-07-18T18:13:51.968, ubuntu22-b, 0.004822
2023-07-18T18:13:52.174, ubuntu22-c, 0.004931
2023-07-18T18:13:52.379, ubuntu22-b, 0.004743
2023-07-18T18:13:52.584, ubuntu22-b, 0.004838
2023-07-18T18:13:52.788, , 
2023-07-18T18:13:52.994, ubuntu22-b, 0.005645
2023-07-18T18:13:53.201, ubuntu22-b, 0.006101
2023-07-18T18:13:53.406, ubuntu22-b, 0.005241
2023-07-18T18:13:53.612, ubuntu22-b, 0.005261
2023-07-18T18:13:53.817, ubuntu22-b, 0.004848
2023-07-18T18:13:54.022, ubuntu22-b, 0.004783
2023-07-18T18:13:54.228, ubuntu22-b, 0.004995
2023-07-18T18:13:54.433, ubuntu22-b, 0.004892
2023-07-18T18:13:54.639, ubuntu22-b, 0.005704
2023-07-18T18:13:54.846, ubuntu22-b, 0.006292
2023-07-18T18:13:55.051, ubuntu22-b, 0.005347
2023-07-18T18:13:55.257, ubuntu22-b, 0.004948
2023-07-18T18:13:55.462, ubuntu22-b, 0.005224
2023-07-18T18:13:55.668, ubuntu22-b, 0.004959
2023-07-18T18:13:55.887, ubuntu22-b, 0.019128
2023-07-18T18:13:56.100, ubuntu22-b, 0.012201
2023-07-18T18:13:56.382, ubuntu22-b, 0.081241
2023-07-18T18:13:56.589, ubuntu22-b, 0.006548
2023-07-18T18:13:56.795, ubuntu22-b, 0.005615
2023-07-18T18:13:57.003, ubuntu22-b, 0.007638
2023-07-18T18:13:57.208, ubuntu22-b, 0.005336
2023-07-18T18:13:57.416, ubuntu22-b, 0.006902
2023-07-18T18:13:57.626, ubuntu22-b, 0.009333
2023-07-18T18:13:57.832, ubuntu22-b, 0.005909
2023-07-18T18:13:58.038, ubuntu22-b, 0.005724
2023-07-18T18:13:58.255, ubuntu22-b, 0.016808
2023-07-18T18:13:58.461, ubuntu22-b, 0.005146
2023-07-18T18:13:58.666, ubuntu22-b, 0.004669
2023-07-18T18:13:58.872, ubuntu22-b, 0.005182
2023-07-18T18:13:59.078, ubuntu22-b, 0.005367
2023-07-18T18:13:59.283, ubuntu22-b, 0.005432
2023-07-18T18:13:59.490, ubuntu22-d, 0.005707
2023-07-18T18:13:59.695, ubuntu22-d, 0.004904
2023-07-18T18:13:59.901, ubuntu22-b, 0.005099
2023-07-18T18:14:00.107, ubuntu22-b, 0.005903
2023-07-18T18:14:00.313, ubuntu22-b, 0.005761
2023-07-18T18:14:00.519, ubuntu22-d, 0.005427
2023-07-18T18:14:00.725, ubuntu22-d, 0.005362
2023-07-18T18:14:00.931, ubuntu22-d, 0.006365
2023-07-18T18:14:01.137, ubuntu22-d, 0.005211
2023-07-18T18:14:01.343, ubuntu22-d, 0.005135
2023-07-18T18:14:01.549, ubuntu22-d, 0.005537
2023-07-18T18:14:01.754, ubuntu22-d, 0.005237
2023-07-18T18:14:01.960, ubuntu22-d, 0.005211
2023-07-18T18:14:02.169, ubuntu22-d, 0.008816
2023-07-18T18:14:02.375, ubuntu22-d, 0.005249
2023-07-18T18:14:02.580, ubuntu22-d, 0.005092
2023-07-18T18:14:02.786, ubuntu22-d, 0.005263
2023-07-18T18:14:02.992, ubuntu22-d, 0.005218
2023-07-18T18:14:03.200, ubuntu22-d, 0.007684
2023-07-18T18:14:03.405, ubuntu22-d, 0.005420
2023-07-18T18:14:03.611, ubuntu22-d, 0.005296
2023-07-18T18:14:03.817, ubuntu22-d, 0.005533
2023-07-18T18:14:04.023, ubuntu22-d, 0.005330
2023-07-18T18:14:04.229, ubuntu22-d, 0.005329
2023-07-18T18:14:04.434, ubuntu22-d, 0.005157
2023-07-18T18:14:04.640, ubuntu22-d, 0.005396
2023-07-18T18:14:04.846, ubuntu22-d, 0.005522
2023-07-18T18:14:05.052, ubuntu22-d, 0.005613
2023-07-18T18:14:05.258, ubuntu22-d, 0.005520
2023-07-18T18:14:05.464, ubuntu22-d, 0.005497
2023-07-18T18:14:05.670, ubuntu22-d, 0.005607
2023-07-18T18:14:05.876, ubuntu22-d, 0.005506
2023-07-18T18:14:06.081, ubuntu22-d, 0.005270
2023-07-18T18:14:06.287, ubuntu22-d, 0.005468
2023-07-18T18:14:06.493, ubuntu22-d, 0.005728
2023-07-18T18:14:06.706, ubuntu22-d, 0.012599
2023-07-18T18:14:06.912, ubuntu22-d, 0.005379
2023-07-18T18:14:07.118, ubuntu22-d, 0.005803
2023-07-18T18:14:07.324, ubuntu22-d, 0.005278
2023-07-18T18:14:07.530, ubuntu22-d, 0.005376
2023-07-18T18:14:07.735, ubuntu22-d, 0.005294
2023-07-18T18:14:07.941, ubuntu22-d, 0.005213
2023-07-18T18:14:08.146, ubuntu22-d, 0.005384
2023-07-18T18:14:08.353, ubuntu22-d, 0.006202
2023-07-18T18:14:08.564, ubuntu22-d, 0.009961
2023-07-18T18:14:08.770, ubuntu22-d, 0.005541
2023-07-18T18:14:08.976, ubuntu22-d, 0.005555
2023-07-18T18:14:09.182, ubuntu22-d, 0.005391
2023-07-18T18:14:09.387, ubuntu22-d, 0.005123
2023-07-18T18:14:09.593, ubuntu22-d, 0.005157
2023-07-18T18:14:09.798, ubuntu22-d, 0.005025
2023-07-18T18:14:10.004, ubuntu22-d, 0.005457
2023-07-18T18:14:10.211, ubuntu22-d, 0.006258
2023-07-18T18:14:10.417, ubuntu22-b, 0.005883
2023-07-18T18:14:10.624, ubuntu22-b, 0.005652
2023-07-18T18:14:10.835, ubuntu22-b, 0.010572
2023-07-18T18:14:11.103, ubuntu22-b, 0.067479
2023-07-18T18:14:11.315, ubuntu22-b, 0.012151
2023-07-18T18:14:11.524, ubuntu22-b, 0.007736
2023-07-18T18:14:11.731, ubuntu22-b, 0.007295
2023-07-18T18:14:11.947, ubuntu22-b, 0.015084
2023-07-18T18:14:12.152, ubuntu22-b, 0.005107
2023-07-18T18:14:12.359, ubuntu22-b, 0.006752
2023-07-18T18:14:12.565, ubuntu22-b, 0.004983
2023-07-18T18:14:12.771, ubuntu22-b, 0.005224
2023-07-18T18:14:12.980, ubuntu22-b, 0.008542
2023-07-18T18:14:13.186, ubuntu22-b, 0.005521
2023-07-18T18:14:13.395, ubuntu22-b, 0.008965
2023-07-18T18:14:13.607, ubuntu22-b, 0.011466
2023-07-18T18:14:13.815, ubuntu22-b, 0.007496
2023-07-18T18:14:14.021, ubuntu22-b, 0.005389
2023-07-18T18:14:14.226, ubuntu22-b, 0.004957
2023-07-18T18:14:14.432, ubuntu22-b, 0.005207
2023-07-18T18:14:14.638, ubuntu22-b, 0.005177
2023-07-18T18:14:14.843, ubuntu22-b, 0.005252
2023-07-18T18:14:15.049, ubuntu22-b, 0.005337
2023-07-18T18:14:15.256, ubuntu22-b, 0.006400
2023-07-18T18:14:15.461, ubuntu22-b, 0.005199
2023-07-18T18:14:15.667, ubuntu22-b, 0.005200
2023-07-18T18:14:15.873, ubuntu22-b, 0.005140
2023-07-18T18:14:16.079, ubuntu22-b, 0.005289
2023-07-18T18:14:16.284, ubuntu22-b, 0.004928
2023-07-18T18:14:16.491, ubuntu22-b, 0.006737
2023-07-18T18:14:16.712, ubuntu22-b, 0.020482
2023-07-18T18:14:16.919, ubuntu22-c, 0.006303
2023-07-18T18:14:17.124, ubuntu22-b, 0.005043
2023-07-18T18:14:17.344, ubuntu22-b, 0.019555
2023-07-18T18:14:17.550, ubuntu22-b, 0.005602
2023-07-18T18:14:17.758, ubuntu22-b, 0.006598
2023-07-18T18:14:17.964, ubuntu22-c, 0.006055
2023-07-18T18:14:18.170, ubuntu22-c, 0.005271
2023-07-18T18:14:18.375, ubuntu22-c, 0.004990
2023-07-18T18:14:18.580, ubuntu22-c, 0.004972
2023-07-18T18:14:18.786, ubuntu22-c, 0.005312
2023-07-18T18:14:18.993, ubuntu22-c, 0.006858
2023-07-18T18:14:19.199, ubuntu22-c, 0.005105
2023-07-18T18:14:19.405, ubuntu22-c, 0.005596
2023-07-18T18:14:19.611, ubuntu22-c, 0.005322
2023-07-18T18:14:19.816, ubuntu22-c, 0.005189
2023-07-18T18:14:20.022, ubuntu22-c, 0.005385
2023-07-18T18:14:20.228, ubuntu22-c, 0.005395
2023-07-18T18:14:20.438, ubuntu22-c, 0.005330
2023-07-18T18:14:20.644, ubuntu22-c, 0.006274
2023-07-18T18:14:20.850, ubuntu22-c, 0.005195
2023-07-18T18:14:21.056, ubuntu22-c, 0.005389
2023-07-18T18:14:21.262, ubuntu22-c, 0.005669
2023-07-18T18:14:21.467, ubuntu22-c, 0.005194
2023-07-18T18:14:21.673, ubuntu22-c, 0.005095
2023-07-18T18:14:21.879, ubuntu22-c, 0.004951
2023-07-18T18:14:22.084, ubuntu22-c, 0.005131
2023-07-18T18:14:22.289, ubuntu22-c, 0.004977
2023-07-18T18:14:22.495, ubuntu22-c, 0.005069
2023-07-18T18:14:22.700, ubuntu22-c, 0.005087
2023-07-18T18:14:22.906, ubuntu22-c, 0.005156
2023-07-18T18:14:23.111, ubuntu22-c, 0.005038
2023-07-18T18:14:23.317, ubuntu22-c, 0.005249
2023-07-18T18:14:23.522, ubuntu22-c, 0.004910
2023-07-18T18:14:23.728, ubuntu22-c, 0.005065
2023-07-18T18:14:23.933, ubuntu22-c, 0.005104
2023-07-18T18:14:24.139, ubuntu22-c, 0.005078
2023-07-18T18:14:24.344, ubuntu22-c, 0.004905
2023-07-18T18:14:24.550, ubuntu22-c, 0.005095
2023-07-18T18:14:24.755, ubuntu22-c, 0.005018
2023-07-18T18:14:24.960, ubuntu22-c, 0.005058
2023-07-18T18:14:25.166, ubuntu22-c, 0.005125
2023-07-18T18:14:25.371, ubuntu22-c, 0.005022
2023-07-18T18:14:25.577, ubuntu22-c, 0.005338
2023-07-18T18:14:25.783, ubuntu22-c, 0.005053
2023-07-18T18:14:25.988, ubuntu22-c, 0.005072
2023-07-18T18:14:26.194, ubuntu22-c, 0.005269
2023-07-18T18:14:26.399, ubuntu22-c, 0.005044
2023-07-18T18:14:26.605, ubuntu22-c, 0.005589
2023-07-18T18:14:26.811, ubuntu22-c, 0.005300
2023-07-18T18:14:27.016, ubuntu22-b, 0.005354
2023-07-18T18:14:27.222, ubuntu22-b, 0.004941
2023-07-18T18:14:27.427, ubuntu22-c, 0.004940
2023-07-18T18:14:27.651, ubuntu22-b, 0.023634
2023-07-18T18:14:27.857, ubuntu22-b, 0.005551
2023-07-18T18:14:28.064, ubuntu22-b, 0.006553
2023-07-18T18:14:28.276, ubuntu22-b, 0.012146
2023-07-18T18:14:28.491, ubuntu22-b, 0.014912
2023-07-18T18:14:28.699, ubuntu22-b, 0.007544
2023-07-18T18:14:28.907, ubuntu22-b, 0.007492
2023-07-18T18:14:29.119, ubuntu22-b, 0.011700
2023-07-18T18:14:29.325, ubuntu22-b, 0.005188
2023-07-18T18:14:29.667, ubuntu22-b, 0.142410
2023-07-18T18:14:29.900, ubuntu22-b, 0.032366
2023-07-18T18:14:30.108, ubuntu22-b, 0.007918
2023-07-18T18:14:30.328, ubuntu22-b, 0.018881
2023-07-18T18:14:30.535, ubuntu22-b, 0.006983
2023-07-18T18:14:30.740, ubuntu22-b, 0.004851
2023-07-18T18:14:30.946, ubuntu22-b, 0.005591
2023-07-18T18:14:31.152, ubuntu22-b, 0.005291
2023-07-18T18:14:31.357, ubuntu22-b, 0.005113
2023-07-18T18:14:31.563, ubuntu22-b, 0.005212
2023-07-18T18:14:31.769, ubuntu22-b, 0.005371
2023-07-18T18:14:31.974, ubuntu22-b, 0.004850
2023-07-18T18:14:32.179, ubuntu22-b, 0.004911
2023-07-18T18:14:32.386, ubuntu22-b, 0.005962
2023-07-18T18:14:32.591, ubuntu22-b, 0.004843
2023-07-18T18:14:32.796, ubuntu22-c, 0.005192
2023-07-18T18:14:33.002, ubuntu22-c, 0.004919
2023-07-18T18:14:33.207, ubuntu22-b, 0.004815
2023-07-18T18:14:33.412, ubuntu22-c, 0.004817
2023-07-18T18:14:33.617, ubuntu22-c, 0.004804
2023-07-18T18:14:33.822, ubuntu22-b, 0.004811
2023-07-18T18:14:34.029, ubuntu22-b, 0.006130
2023-07-18T18:14:34.233, , 
2023-07-18T18:14:34.439, ubuntu22-c, 0.005463
2023-07-18T18:14:34.644, ubuntu22-c, 0.004988
2023-07-18T18:14:34.850, ubuntu22-c, 0.005552
2023-07-18T18:14:35.055, ubuntu22-c, 0.004962
2023-07-18T18:14:35.261, ubuntu22-c, 0.004993
2023-07-18T18:14:35.466, ubuntu22-c, 0.004680
2023-07-18T18:14:35.671, ubuntu22-c, 0.004699
2023-07-18T18:14:35.876, ubuntu22-c, 0.004672
2023-07-18T18:14:36.081, ubuntu22-c, 0.004910
2023-07-18T18:14:36.286, ubuntu22-c, 0.004871
2023-07-18T18:14:36.492, ubuntu22-c, 0.004893
2023-07-18T18:14:36.712, ubuntu22-c, 0.015096
2023-07-18T18:14:36.920, ubuntu22-c, 0.007724
2023-07-18T18:14:37.126, ubuntu22-c, 0.005147
2023-07-18T18:14:37.331, ubuntu22-c, 0.005255
2023-07-18T18:14:37.537, ubuntu22-c, 0.004993
2023-07-18T18:14:37.742, ubuntu22-c, 0.005143
2023-07-18T18:14:37.947, ubuntu22-c, 0.004835
2023-07-18T18:14:38.153, ubuntu22-c, 0.004880
2023-07-18T18:14:38.358, ubuntu22-c, 0.005006
2023-07-18T18:14:38.563, ubuntu22-c, 0.004729
2023-07-18T18:14:38.768, ubuntu22-c, 0.005000
2023-07-18T18:14:38.974, ubuntu22-c, 0.005100
2023-07-18T18:14:39.179, ubuntu22-c, 0.004812
2023-07-18T18:14:39.385, ubuntu22-c, 0.005226
2023-07-18T18:14:39.590, ubuntu22-c, 0.004782
2023-07-18T18:14:39.795, ubuntu22-c, 0.004839
2023-07-18T18:14:40.000, ubuntu22-c, 0.005023
2023-07-18T18:14:40.209, ubuntu22-c, 0.008441
2023-07-18T18:14:40.415, ubuntu22-c, 0.005295
2023-07-18T18:14:40.621, ubuntu22-c, 0.005852
2023-07-18T18:14:40.827, ubuntu22-c, 0.005234
2023-07-18T18:14:41.032, ubuntu22-c, 0.004950
2023-07-18T18:14:41.252, ubuntu22-c, 0.019006
2023-07-18T18:14:41.458, ubuntu22-c, 0.005229
2023-07-18T18:14:41.663, ubuntu22-d, 0.005449
2023-07-18T18:14:41.869, ubuntu22-d, 0.004905
2023-07-18T18:14:42.074, ubuntu22-d, 0.005013
2023-07-18T18:14:42.279, ubuntu22-c, 0.005094
2023-07-18T18:14:42.484, , 
2023-07-18T18:14:42.689, ubuntu22-d, 0.005093
2023-07-18T18:14:42.894, ubuntu22-d, 0.004727
2023-07-18T18:14:43.099, ubuntu22-d, 0.004774
2023-07-18T18:14:43.305, ubuntu22-d, 0.004957
2023-07-18T18:14:43.510, ubuntu22-d, 0.005310
2023-07-18T18:14:43.715, ubuntu22-d, 0.004951
2023-07-18T18:14:43.921, ubuntu22-d, 0.004966
2023-07-18T18:14:44.126, ubuntu22-d, 0.005341
2023-07-18T18:14:44.332, ubuntu22-d, 0.005131
2023-07-18T18:14:44.537, ubuntu22-d, 0.004840
2023-07-18T18:14:44.743, ubuntu22-d, 0.005138
2023-07-18T18:14:44.948, ubuntu22-d, 0.004915
2023-07-18T18:14:45.153, ubuntu22-d, 0.004930
2023-07-18T18:14:45.359, ubuntu22-d, 0.005216
2023-07-18T18:14:45.564, ubuntu22-d, 0.005270
2023-07-18T18:14:45.770, ubuntu22-d, 0.005281
2023-07-18T18:14:45.975, ubuntu22-d, 0.005056
2023-07-18T18:14:46.181, ubuntu22-d, 0.005093
2023-07-18T18:14:46.386, ubuntu22-d, 0.005002
2023-07-18T18:14:46.592, ubuntu22-d, 0.005700
2023-07-18T18:14:46.797, ubuntu22-d, 0.004939
2023-07-18T18:14:47.003, ubuntu22-d, 0.004768
2023-07-18T18:14:47.208, ubuntu22-d, 0.004858
2023-07-18T18:14:47.413, ubuntu22-d, 0.005266
2023-07-18T18:14:47.618, ubuntu22-d, 0.004674
2023-07-18T18:14:47.824, ubuntu22-d, 0.005134
2023-07-18T18:14:48.029, ubuntu22-d, 0.005060
2023-07-18T18:14:48.235, ubuntu22-d, 0.004848
2023-07-18T18:14:48.440, ubuntu22-d, 0.004763
2023-07-18T18:14:48.645, ubuntu22-d, 0.004899
2023-07-18T18:14:48.850, ubuntu22-d, 0.004898
2023-07-18T18:14:49.055, ubuntu22-d, 0.004940
2023-07-18T18:14:49.261, ubuntu22-d, 0.004921
2023-07-18T18:14:49.466, ubuntu22-d, 0.004946
2023-07-18T18:14:49.671, ubuntu22-d, 0.004909
2023-07-18T18:14:49.877, ubuntu22-d, 0.004852
2023-07-18T18:14:50.082, ubuntu22-d, 0.004876
2023-07-18T18:14:50.292, ubuntu22-d, 0.009841
2023-07-18T18:14:50.498, ubuntu22-d, 0.004939
2023-07-18T18:14:50.703, ubuntu22-d, 0.004876
2023-07-18T18:14:50.908, ubuntu22-d, 0.004994
2023-07-18T18:14:51.114, ubuntu22-d, 0.005227
2023-07-18T18:14:51.320, ubuntu22-d, 0.005485
2023-07-18T18:14:51.526, ubuntu22-b, 0.005580
2023-07-18T18:14:51.731, ubuntu22-d, 0.005071
2023-07-18T18:14:51.936, ubuntu22-d, 0.005024
2023-07-18T18:14:52.142, ubuntu22-d, 0.005274
2023-07-18T18:14:52.347, ubuntu22-b, 0.004937
2023-07-18T18:14:52.551, , 
2023-07-18T18:14:52.757, ubuntu22-b, 0.005025
2023-07-18T18:14:52.964, ubuntu22-b, 0.006893
2023-07-18T18:14:53.170, ubuntu22-b, 0.005016
2023-07-18T18:14:53.385, ubuntu22-b, 0.014500
2023-07-18T18:14:53.599, ubuntu22-b, 0.013491
2023-07-18T18:14:53.804, ubuntu22-b, 0.004867
2023-07-18T18:14:54.009, ubuntu22-b, 0.005000
2023-07-18T18:14:54.215, ubuntu22-b, 0.005764
2023-07-18T18:14:54.421, ubuntu22-b, 0.005210
2023-07-18T18:14:54.630, ubuntu22-b, 0.008423
2023-07-18T18:14:54.835, ubuntu22-b, 0.004872
2023-07-18T18:14:55.040, ubuntu22-b, 0.005020
2023-07-18T18:14:55.246, ubuntu22-b, 0.005384
2023-07-18T18:14:55.451, ubuntu22-b, 0.004851
2023-07-18T18:14:55.657, ubuntu22-b, 0.005112
2023-07-18T18:14:55.862, ubuntu22-b, 0.005071
2023-07-18T18:14:56.068, ubuntu22-b, 0.004925
2023-07-18T18:14:56.273, ubuntu22-b, 0.005240
2023-07-18T18:14:56.495, ubuntu22-b, 0.021392
2023-07-18T18:14:56.705, ubuntu22-b, 0.009495
2023-07-18T18:14:56.911, ubuntu22-b, 0.005639
2023-07-18T18:14:57.119, ubuntu22-b, 0.007489
2023-07-18T18:14:57.325, ubuntu22-b, 0.005548
2023-07-18T18:14:57.530, ubuntu22-b, 0.004806
2023-07-18T18:14:57.739, ubuntu22-b, 0.008248
2023-07-18T18:14:57.945, ubuntu22-b, 0.005381
2023-07-18T18:14:58.151, ubuntu22-b, 0.005408
2023-07-18T18:14:58.357, ubuntu22-c, 0.005648
2023-07-18T18:14:58.563, ubuntu22-c, 0.005767
2023-07-18T18:14:58.769, ubuntu22-b, 0.005446
2023-07-18T18:14:58.976, ubuntu22-c, 0.006079
2023-07-18T18:14:59.182, ubuntu22-c, 0.005397
2023-07-18T18:14:59.386, , 
2023-07-18T18:14:59.592, ubuntu22-c, 0.005153
2023-07-18T18:14:59.797, ubuntu22-c, 0.005345
2023-07-18T18:15:00.005, ubuntu22-c, 0.007251
2023-07-18T18:15:00.211, ubuntu22-c, 0.005570
2023-07-18T18:15:00.417, ubuntu22-c, 0.005378
2023-07-18T18:15:00.623, ubuntu22-c, 0.005131
2023-07-18T18:15:00.829, ubuntu22-c, 0.005361
2023-07-18T18:15:01.034, ubuntu22-c, 0.004971
2023-07-18T18:15:01.240, ubuntu22-c, 0.005161
2023-07-18T18:15:01.446, ubuntu22-c, 0.005238
2023-07-18T18:15:01.651, ubuntu22-c, 0.005238
2023-07-18T18:15:01.857, ubuntu22-c, 0.005259
2023-07-18T18:15:02.063, ubuntu22-c, 0.005205
2023-07-18T18:15:02.268, ubuntu22-c, 0.005333
2023-07-18T18:15:02.474, ubuntu22-c, 0.005202
2023-07-18T18:15:02.680, ubuntu22-c, 0.005351
2023-07-18T18:15:02.885, ubuntu22-c, 0.005059
2023-07-18T18:15:03.091, ubuntu22-c, 0.005098
2023-07-18T18:15:03.297, ubuntu22-c, 0.005566
2023-07-18T18:15:03.503, ubuntu22-c, 0.005557
2023-07-18T18:15:03.709, ubuntu22-c, 0.005392
2023-07-18T18:15:03.915, ubuntu22-c, 0.005189
2023-07-18T18:15:04.121, ubuntu22-c, 0.005676
2023-07-18T18:15:04.326, ubuntu22-c, 0.005167
2023-07-18T18:15:04.532, ubuntu22-c, 0.005518
2023-07-18T18:15:04.738, ubuntu22-c, 0.005221
2023-07-18T18:15:04.946, ubuntu22-c, 0.007334
2023-07-18T18:15:05.160, ubuntu22-c, 0.009915
2023-07-18T18:15:05.379, ubuntu22-c, 0.017499
2023-07-18T18:15:05.584, ubuntu22-c, 0.005192
2023-07-18T18:15:05.790, ubuntu22-d, 0.005476
2023-07-18T18:15:05.995, ubuntu22-c, 0.005102
2023-07-18T18:15:06.201, ubuntu22-c, 0.005031
2023-07-18T18:15:06.407, ubuntu22-c, 0.005318
2023-07-18T18:15:06.612, ubuntu22-d, 0.005018
2023-07-18T18:15:06.817, ubuntu22-c, 0.005214
2023-07-18T18:15:07.023, ubuntu22-d, 0.005038
2023-07-18T18:15:07.228, ubuntu22-c, 0.005062
2023-07-18T18:15:07.433, , 
2023-07-18T18:15:07.637, , 
2023-07-18T18:15:07.844, ubuntu22-d, 0.006564
2023-07-18T18:15:08.049, ubuntu22-d, 0.005321
2023-07-18T18:15:08.255, ubuntu22-d, 0.005116
2023-07-18T18:15:08.460, ubuntu22-d, 0.004945
2023-07-18T18:15:08.665, ubuntu22-d, 0.005106
2023-07-18T18:15:08.871, ubuntu22-d, 0.004925
2023-07-18T18:15:09.076, ubuntu22-d, 0.005115
2023-07-18T18:15:09.282, ubuntu22-d, 0.005245
2023-07-18T18:15:09.487, ubuntu22-d, 0.004658
2023-07-18T18:15:09.692, ubuntu22-d, 0.004999
2023-07-18T18:15:09.897, ubuntu22-d, 0.004838
2023-07-18T18:15:10.103, ubuntu22-d, 0.004925
2023-07-18T18:15:10.312, ubuntu22-d, 0.008996
2023-07-18T18:15:10.518, ubuntu22-d, 0.005304
2023-07-18T18:15:10.723, ubuntu22-d, 0.004951
2023-07-18T18:15:10.928, ubuntu22-d, 0.005060
2023-07-18T18:15:11.134, ubuntu22-d, 0.005030
2023-07-18T18:15:11.339, ubuntu22-d, 0.004888
2023-07-18T18:15:11.544, ubuntu22-d, 0.005149
2023-07-18T18:15:11.754, ubuntu22-d, 0.008541
2023-07-18T18:15:11.959, ubuntu22-d, 0.004996
2023-07-18T18:15:12.165, ubuntu22-d, 0.005367
2023-07-18T18:15:12.370, ubuntu22-d, 0.005004
2023-07-18T18:15:12.575, ubuntu22-d, 0.004785
2023-07-18T18:15:12.781, ubuntu22-d, 0.005124
2023-07-18T18:15:12.986, ubuntu22-d, 0.004967
2023-07-18T18:15:13.192, ubuntu22-d, 0.005650
2023-07-18T18:15:13.398, ubuntu22-d, 0.005332
2023-07-18T18:15:13.603, ubuntu22-d, 0.004878
2023-07-18T18:15:13.808, ubuntu22-d, 0.005033
2023-07-18T18:15:14.016, ubuntu22-d, 0.007693
2023-07-18T18:15:14.222, ubuntu22-d, 0.004965
2023-07-18T18:15:14.427, ubuntu22-d, 0.004968
2023-07-18T18:15:14.632, ubuntu22-d, 0.004944
2023-07-18T18:15:14.838, ubuntu22-d, 0.004910
2023-07-18T18:15:15.043, ubuntu22-d, 0.005082
2023-07-18T18:15:15.248, ubuntu22-d, 0.004805
2023-07-18T18:15:15.454, ubuntu22-d, 0.005240
2023-07-18T18:15:15.660, ubuntu22-d, 0.005894
2023-07-18T18:15:15.865, ubuntu22-d, 0.004872
2023-07-18T18:15:16.070, ubuntu22-d, 0.004589
2023-07-18T18:15:16.285, ubuntu22-d, 0.014701
2023-07-18T18:15:16.491, ubuntu22-d, 0.004809
2023-07-18T18:15:16.707, ubuntu22-d, 0.016011
2023-07-18T18:15:16.913, ubuntu22-b, 0.005362
2023-07-18T18:15:17.118, ubuntu22-b, 0.005188
2023-07-18T18:15:17.324, ubuntu22-d, 0.005021
2023-07-18T18:15:17.529, ubuntu22-b, 0.004904
2023-07-18T18:15:17.737, ubuntu22-b, 0.007461
2023-07-18T18:15:17.942, ubuntu22-d, 0.005056
2023-07-18T18:15:18.146, , 
2023-07-18T18:15:18.355, ubuntu22-b, 0.008016
2023-07-18T18:15:18.563, ubuntu22-b, 0.007703
2023-07-18T18:15:18.775, ubuntu22-b, 0.011647
2023-07-18T18:15:18.982, ubuntu22-b, 0.006762
2023-07-18T18:15:19.226, ubuntu22-b, 0.043603
2023-07-18T18:15:19.459, ubuntu22-b, 0.031374
2023-07-18T18:15:19.691, ubuntu22-b, 0.031493
2023-07-18T18:15:19.899, ubuntu22-b, 0.007450
2023-07-18T18:15:20.104, ubuntu22-b, 0.005082
2023-07-18T18:15:20.310, ubuntu22-b, 0.005075
2023-07-18T18:15:20.520, ubuntu22-b, 0.009394
2023-07-18T18:15:20.726, ubuntu22-b, 0.005515
2023-07-18T18:15:20.931, ubuntu22-b, 0.004921
2023-07-18T18:15:21.137, ubuntu22-b, 0.004986
2023-07-18T18:15:21.342, ubuntu22-b, 0.005104
2023-07-18T18:15:21.548, ubuntu22-b, 0.005384
2023-07-18T18:15:21.753, ubuntu22-b, 0.005173
2023-07-18T18:15:21.959, ubuntu22-b, 0.005180
2023-07-18T18:15:22.165, ubuntu22-b, 0.005790
2023-07-18T18:15:22.372, ubuntu22-b, 0.006655
2023-07-18T18:15:22.578, ubuntu22-b, 0.005166
2023-07-18T18:15:22.784, ubuntu22-b, 0.005345
2023-07-18T18:15:22.990, ubuntu22-b, 0.005485
2023-07-18T18:15:23.196, ubuntu22-b, 0.005386
2023-07-18T18:15:23.402, ubuntu22-b, 0.005553
2023-07-18T18:15:23.608, ubuntu22-d, 0.005752
2023-07-18T18:15:23.814, ubuntu22-d, 0.005361
2023-07-18T18:15:24.019, ubuntu22-b, 0.005269
2023-07-18T18:15:24.225, ubuntu22-d, 0.005198
2023-07-18T18:15:24.431, ubuntu22-b, 0.005261
2023-07-18T18:15:24.637, ubuntu22-b, 0.005788
2023-07-18T18:15:24.843, ubuntu22-d, 0.005262
2023-07-18T18:15:25.049, ubuntu22-b, 0.005456
2023-07-18T18:15:25.254, ubuntu22-d, 0.005367
2023-07-18T18:15:25.459, , 
2023-07-18T18:15:25.665, ubuntu22-d, 0.005547
2023-07-18T18:15:25.871, ubuntu22-d, 0.005175
2023-07-18T18:15:26.077, ubuntu22-d, 0.005548
2023-07-18T18:15:26.286, ubuntu22-d, 0.008712
2023-07-18T18:15:26.492, ubuntu22-d, 0.005044
2023-07-18T18:15:26.697, ubuntu22-d, 0.005400
2023-07-18T18:15:26.903, ubuntu22-d, 0.005058
2023-07-18T18:15:27.109, ubuntu22-d, 0.005371
2023-07-18T18:15:27.314, ubuntu22-d, 0.005118
2023-07-18T18:15:27.520, ubuntu22-d, 0.005024
2023-07-18T18:15:27.726, ubuntu22-d, 0.005449
2023-07-18T18:15:27.932, ubuntu22-d, 0.005332
2023-07-18T18:15:28.137, ubuntu22-d, 0.005338
2023-07-18T18:15:28.343, ubuntu22-d, 0.004904
2023-07-18T18:15:28.548, ubuntu22-d, 0.005036
2023-07-18T18:15:28.756, ubuntu22-d, 0.007825
2023-07-18T18:15:28.962, ubuntu22-d, 0.005208
2023-07-18T18:15:29.168, ubuntu22-d, 0.005682
2023-07-18T18:15:29.376, ubuntu22-d, 0.007942
2023-07-18T18:15:29.582, ubuntu22-d, 0.005278
2023-07-18T18:15:29.788, ubuntu22-d, 0.005061
2023-07-18T18:15:29.994, ubuntu22-d, 0.005306
2023-07-18T18:15:30.199, ubuntu22-d, 0.005203
2023-07-18T18:15:30.405, ubuntu22-d, 0.005416
2023-07-18T18:15:30.611, ubuntu22-d, 0.005249
2023-07-18T18:15:30.817, ubuntu22-d, 0.005457
2023-07-18T18:15:31.022, ubuntu22-d, 0.005018
2023-07-18T18:15:31.234, ubuntu22-d, 0.011376
2023-07-18T18:15:31.439, ubuntu22-d, 0.004917
2023-07-18T18:15:31.651, ubuntu22-d, 0.011274
2023-07-18T18:15:31.857, ubuntu22-d, 0.005227
2023-07-18T18:15:32.063, ubuntu22-d, 0.005186
2023-07-18T18:15:32.269, ubuntu22-d, 0.005215
2023-07-18T18:15:32.474, ubuntu22-d, 0.005083
2023-07-18T18:15:32.680, ubuntu22-d, 0.005111
2023-07-18T18:15:32.886, ubuntu22-d, 0.006458
2023-07-18T18:15:33.092, ubuntu22-d, 0.005052
2023-07-18T18:15:33.297, ubuntu22-d, 0.004927
2023-07-18T18:15:33.502, ubuntu22-d, 0.004941
2023-07-18T18:15:33.708, ubuntu22-d, 0.005111
2023-07-18T18:15:33.914, ubuntu22-d, 0.005213
2023-07-18T18:15:34.119, ubuntu22-d, 0.005150
2023-07-18T18:15:34.325, ubuntu22-d, 0.005118
2023-07-18T18:15:34.531, ubuntu22-c, 0.005637
2023-07-18T18:15:34.737, ubuntu22-c, 0.005344
2023-07-18T18:15:34.942, ubuntu22-c, 0.004983
2023-07-18T18:15:35.148, ubuntu22-c, 0.005111
2023-07-18T18:15:35.354, ubuntu22-c, 0.005579
2023-07-18T18:15:35.564, ubuntu22-c, 0.010302
2023-07-18T18:15:35.770, ubuntu22-c, 0.005261
2023-07-18T18:15:35.976, ubuntu22-c, 0.005022
2023-07-18T18:15:36.181, ubuntu22-c, 0.004827
2023-07-18T18:15:36.387, ubuntu22-c, 0.005240
2023-07-18T18:15:36.592, ubuntu22-c, 0.005033
2023-07-18T18:15:36.798, ubuntu22-c, 0.005199
2023-07-18T18:15:37.005, ubuntu22-c, 0.007079
2023-07-18T18:15:37.211, ubuntu22-c, 0.005772
2023-07-18T18:15:37.417, ubuntu22-c, 0.005204
2023-07-18T18:15:37.622, ubuntu22-c, 0.005126
2023-07-18T18:15:37.828, ubuntu22-c, 0.005337
2023-07-18T18:15:38.034, ubuntu22-c, 0.005122
2023-07-18T18:15:38.240, ubuntu22-c, 0.005370
2023-07-18T18:15:38.450, ubuntu22-c, 0.009719
2023-07-18T18:15:38.656, ubuntu22-c, 0.005229
2023-07-18T18:15:38.862, ubuntu22-c, 0.005349
2023-07-18T18:15:39.069, ubuntu22-c, 0.006841
2023-07-18T18:15:39.275, ubuntu22-c, 0.005175
2023-07-18T18:15:39.480, ubuntu22-c, 0.005065
2023-07-18T18:15:39.686, ubuntu22-c, 0.005505
2023-07-18T18:15:39.892, ubuntu22-c, 0.005434
2023-07-18T18:15:40.097, ubuntu22-c, 0.005170
2023-07-18T18:15:40.303, ubuntu22-c, 0.005216
2023-07-18T18:15:40.509, ubuntu22-c, 0.005226
2023-07-18T18:15:40.714, ubuntu22-c, 0.005133
2023-07-18T18:15:40.920, ubuntu22-c, 0.004992
2023-07-18T18:15:41.125, ubuntu22-c, 0.005259
2023-07-18T18:15:41.331, ubuntu22-c, 0.005198
2023-07-18T18:15:41.541, ubuntu22-c, 0.008209
2023-07-18T18:15:41.747, ubuntu22-c, 0.005711
2023-07-18T18:15:41.953, ubuntu22-c, 0.005295
2023-07-18T18:15:42.158, ubuntu22-c, 0.005183
2023-07-18T18:15:42.364, ubuntu22-c, 0.005337
2023-07-18T18:15:42.569, ubuntu22-c, 0.005035
2023-07-18T18:15:42.775, ubuntu22-c, 0.004889
2023-07-18T18:15:42.981, ubuntu22-c, 0.006015
2023-07-18T18:15:43.186, ubuntu22-c, 0.004932
2023-07-18T18:15:43.392, ubuntu22-c, 0.005112
2023-07-18T18:15:43.598, ubuntu22-c, 0.005287
2023-07-18T18:15:43.803, ubuntu22-c, 0.005181
2023-07-18T18:15:44.009, ubuntu22-c, 0.005457
2023-07-18T18:15:44.215, ubuntu22-c, 0.004915
2023-07-18T18:15:44.420, ubuntu22-c, 0.005137
2023-07-18T18:15:44.626, ubuntu22-c, 0.005217
2023-07-18T18:15:44.837, ubuntu22-c, 0.010193
2023-07-18T18:15:45.043, ubuntu22-b, 0.005301
2023-07-18T18:15:45.248, ubuntu22-b, 0.004876
2023-07-18T18:15:45.454, ubuntu22-b, 0.005214
2023-07-18T18:15:45.660, ubuntu22-b, 0.005515
2023-07-18T18:15:45.864, , 
2023-07-18T18:15:46.071, ubuntu22-b, 0.006035
2023-07-18T18:15:46.323, ubuntu22-b, 0.052235
2023-07-18T18:15:46.542, ubuntu22-b, 0.018129
2023-07-18T18:15:46.755, ubuntu22-b, 0.012644
2023-07-18T18:15:46.960, ubuntu22-b, 0.005201
2023-07-18T18:15:47.166, ubuntu22-b, 0.004864
2023-07-18T18:15:47.371, ubuntu22-b, 0.005131
2023-07-18T18:15:47.576, ubuntu22-b, 0.004827
2023-07-18T18:15:47.782, ubuntu22-b, 0.005023
2023-07-18T18:15:48.070, ubuntu22-b, 0.088032
2023-07-18T18:15:48.275, ubuntu22-b, 0.004875
2023-07-18T18:15:48.480, ubuntu22-b, 0.004833
2023-07-18T18:15:48.685, ubuntu22-b, 0.004909
2023-07-18T18:15:48.891, ubuntu22-b, 0.004911
2023-07-18T18:15:49.096, ubuntu22-b, 0.005215
2023-07-18T18:15:49.302, ubuntu22-b, 0.005393
2023-07-18T18:15:49.508, ubuntu22-b, 0.005761
2023-07-18T18:15:49.713, ubuntu22-b, 0.004810
2023-07-18T18:15:49.919, ubuntu22-b, 0.004951
2023-07-18T18:15:50.124, ubuntu22-b, 0.004970
2023-07-18T18:15:50.329, ubuntu22-b, 0.005018
2023-07-18T18:15:50.535, ubuntu22-b, 0.005271
2023-07-18T18:15:50.741, ubuntu22-b, 0.005295
2023-07-18T18:15:50.946, ubuntu22-b, 0.004825
2023-07-18T18:15:51.151, ubuntu22-b, 0.004739
2023-07-18T18:15:51.360, ubuntu22-b, 0.008346
2023-07-18T18:15:51.565, ubuntu22-b, 0.004879
2023-07-18T18:15:51.771, ubuntu22-b, 0.004935
2023-07-18T18:15:51.976, ubuntu22-b, 0.004681
2023-07-18T18:15:52.181, ubuntu22-b, 0.004786
2023-07-18T18:15:52.387, ubuntu22-d, 0.005530
2023-07-18T18:15:52.592, ubuntu22-d, 0.004927
2023-07-18T18:15:52.797, ubuntu22-d, 0.005198
2023-07-18T18:15:53.003, ubuntu22-b, 0.004709
2023-07-18T18:15:53.209, ubuntu22-b, 0.005854
2023-07-18T18:15:53.474, , 
2023-07-18T18:15:53.682, ubuntu22-d, 0.007175
2023-07-18T18:15:53.888, ubuntu22-d, 0.004914
2023-07-18T18:15:54.093, ubuntu22-d, 0.005269
2023-07-18T18:15:54.299, ubuntu22-d, 0.005126
2023-07-18T18:15:54.505, ubuntu22-d, 0.005872
2023-07-18T18:15:54.710, ubuntu22-d, 0.005360
2023-07-18T18:15:54.916, ubuntu22-d, 0.005324
2023-07-18T18:15:55.121, ubuntu22-d, 0.004917
2023-07-18T18:15:55.327, ubuntu22-d, 0.005166
2023-07-18T18:15:55.533, ubuntu22-d, 0.005175
2023-07-18T18:15:55.743, ubuntu22-d, 0.009624
2023-07-18T18:15:55.948, ubuntu22-d, 0.005029
2023-07-18T18:15:56.155, ubuntu22-d, 0.005910
2023-07-18T18:15:56.360, ubuntu22-d, 0.005168
2023-07-18T18:15:56.566, ubuntu22-d, 0.005185
2023-07-18T18:15:56.772, ubuntu22-d, 0.005311
2023-07-18T18:15:56.979, ubuntu22-d, 0.006610
2023-07-18T18:15:57.186, ubuntu22-d, 0.007242
2023-07-18T18:15:57.392, ubuntu22-d, 0.005012
2023-07-18T18:15:57.597, ubuntu22-d, 0.005041
2023-07-18T18:15:57.803, ubuntu22-d, 0.005075
2023-07-18T18:15:58.009, ubuntu22-d, 0.005683
2023-07-18T18:15:58.214, ubuntu22-d, 0.005402
2023-07-18T18:15:58.420, ubuntu22-d, 0.005037
2023-07-18T18:15:58.625, ubuntu22-d, 0.005122
2023-07-18T18:15:58.831, ubuntu22-d, 0.005250
2023-07-18T18:15:59.037, ubuntu22-d, 0.005178
2023-07-18T18:15:59.242, ubuntu22-d, 0.005074
2023-07-18T18:15:59.448, ubuntu22-d, 0.005252
2023-07-18T18:15:59.654, ubuntu22-d, 0.005386
2023-07-18T18:15:59.860, ubuntu22-d, 0.006241
2023-07-18T18:16:00.066, ubuntu22-d, 0.005335
2023-07-18T18:16:00.272, ubuntu22-d, 0.005355
2023-07-18T18:16:00.478, ubuntu22-d, 0.005234
2023-07-18T18:16:00.683, ubuntu22-d, 0.005111
2023-07-18T18:16:00.888, ubuntu22-d, 0.004778
2023-07-18T18:16:01.093, ubuntu22-d, 0.004494
2023-07-18T18:16:01.299, ubuntu22-d, 0.004862
2023-07-18T18:16:01.504, ubuntu22-d, 0.005187
2023-07-18T18:16:01.710, ubuntu22-d, 0.005097
2023-07-18T18:16:01.915, ubuntu22-d, 0.005358
2023-07-18T18:16:02.121, ubuntu22-d, 0.005409
2023-07-18T18:16:02.327, ubuntu22-d, 0.005236
2023-07-18T18:16:02.533, ubuntu22-d, 0.005332
2023-07-18T18:16:02.738, ubuntu22-d, 0.005392
2023-07-18T18:16:02.945, ubuntu22-d, 0.005801
2023-07-18T18:16:03.151, ubuntu22-b, 0.005623
2023-07-18T18:16:03.357, ubuntu22-b, 0.005481
2023-07-18T18:16:03.562, ubuntu22-b, 0.005298
2023-07-18T18:16:03.768, ubuntu22-b, 0.004803
2023-07-18T18:16:03.973, ubuntu22-d, 0.005174
2023-07-18T18:16:04.179, ubuntu22-b, 0.004877
2023-07-18T18:16:04.384, ubuntu22-d, 0.005163
2023-07-18T18:16:04.590, ubuntu22-b, 0.005507
2023-07-18T18:16:04.796, ubuntu22-b, 0.005112
2023-07-18T18:16:05.001, ubuntu22-b, 0.005409
2023-07-18T18:16:05.207, ubuntu22-b, 0.005117
2023-07-18T18:16:05.413, ubuntu22-b, 0.005463
2023-07-18T18:16:05.634, ubuntu22-b, 0.018734
2023-07-18T18:16:05.840, ubuntu22-b, 0.005277
2023-07-18T18:16:06.059, ubuntu22-b, 0.017301
2023-07-18T18:16:06.265, ubuntu22-b, 0.005211
2023-07-18T18:16:06.471, ubuntu22-b, 0.005612
2023-07-18T18:16:06.676, ubuntu22-b, 0.005566
2023-07-18T18:16:06.882, ubuntu22-b, 0.004869
2023-07-18T18:16:07.087, ubuntu22-b, 0.005140
2023-07-18T18:16:07.293, ubuntu22-b, 0.005095
2023-07-18T18:16:07.499, ubuntu22-b, 0.005497
2023-07-18T18:16:07.707, ubuntu22-b, 0.008345
2023-07-18T18:16:07.913, ubuntu22-b, 0.005269
2023-07-18T18:16:08.118, ubuntu22-b, 0.005025
2023-07-18T18:16:08.324, ubuntu22-b, 0.005351
2023-07-18T18:16:08.529, ubuntu22-b, 0.004914
2023-07-18T18:16:08.743, ubuntu22-b, 0.013192
2023-07-18T18:16:08.948, ubuntu22-b, 0.005030
2023-07-18T18:16:09.154, ubuntu22-b, 0.006000
2023-07-18T18:16:09.361, ubuntu22-b, 0.006215
2023-07-18T18:16:09.567, ubuntu22-c, 0.005307
2023-07-18T18:16:09.772, ubuntu22-c, 0.004847
2023-07-18T18:16:09.977, ubuntu22-c, 0.004938
2023-07-18T18:16:10.182, ubuntu22-c, 0.004742
2023-07-18T18:16:10.388, ubuntu22-b, 0.005303
2023-07-18T18:16:10.592, , 
2023-07-18T18:16:10.799, ubuntu22-c, 0.006114
2023-07-18T18:16:11.005, ubuntu22-c, 0.005369
2023-07-18T18:16:11.210, ubuntu22-c, 0.005042
2023-07-18T18:16:11.416, ubuntu22-c, 0.005297
2023-07-18T18:16:11.622, ubuntu22-c, 0.005299
2023-07-18T18:16:11.827, ubuntu22-c, 0.005244
2023-07-18T18:16:12.033, ubuntu22-c, 0.005056
2023-07-18T18:16:12.238, ubuntu22-c, 0.005011
2023-07-18T18:16:12.444, ubuntu22-c, 0.005290
2023-07-18T18:16:12.649, ubuntu22-c, 0.005235
2023-07-18T18:16:12.855, ubuntu22-c, 0.004843
2023-07-18T18:16:13.060, ubuntu22-c, 0.005428
2023-07-18T18:16:13.269, ubuntu22-c, 0.008250
2023-07-18T18:16:13.475, ubuntu22-c, 0.005359
2023-07-18T18:16:13.681, ubuntu22-c, 0.005211
2023-07-18T18:16:13.886, ubuntu22-c, 0.004738
2023-07-18T18:16:14.091, ubuntu22-c, 0.004814
2023-07-18T18:16:14.296, ubuntu22-c, 0.005029
2023-07-18T18:16:14.502, ubuntu22-c, 0.005406
2023-07-18T18:16:14.707, ubuntu22-c, 0.004905
2023-07-18T18:16:14.913, ubuntu22-c, 0.005140
2023-07-18T18:16:15.118, ubuntu22-c, 0.004915
2023-07-18T18:16:15.324, ubuntu22-c, 0.005181
2023-07-18T18:16:15.532, ubuntu22-c, 0.008035
2023-07-18T18:16:15.737, ubuntu22-c, 0.004817
2023-07-18T18:16:15.942, ubuntu22-c, 0.004788
2023-07-18T18:16:16.148, ubuntu22-c, 0.005394
2023-07-18T18:16:16.354, ubuntu22-c, 0.005220
2023-07-18T18:16:16.559, ubuntu22-c, 0.005052
2023-07-18T18:16:16.765, ubuntu22-c, 0.005026
2023-07-18T18:16:16.979, ubuntu22-c, 0.013696
2023-07-18T18:16:17.185, ubuntu22-d, 0.005459
2023-07-18T18:16:17.391, ubuntu22-c, 0.005547
2023-07-18T18:16:17.596, ubuntu22-d, 0.005063
2023-07-18T18:16:17.802, ubuntu22-c, 0.005284
2023-07-18T18:16:18.007, ubuntu22-d, 0.005067
2023-07-18T18:16:18.212, ubuntu22-c, 0.005007
2023-07-18T18:16:18.418, ubuntu22-d, 0.005353
2023-07-18T18:16:18.624, ubuntu22-d, 0.005444
2023-07-18T18:16:18.830, ubuntu22-d, 0.005541
2023-07-18T18:16:19.036, ubuntu22-d, 0.005159
2023-07-18T18:16:19.241, ubuntu22-d, 0.005080
2023-07-18T18:16:19.446, ubuntu22-d, 0.005000
2023-07-18T18:16:19.653, ubuntu22-d, 0.005795
2023-07-18T18:16:19.858, ubuntu22-d, 0.005116
2023-07-18T18:16:20.064, ubuntu22-d, 0.005553
2023-07-18T18:16:20.271, ubuntu22-d, 0.006752
2023-07-18T18:16:20.484, ubuntu22-d, 0.012488
2023-07-18T18:16:20.690, ubuntu22-d, 0.005190
2023-07-18T18:16:20.895, ubuntu22-d, 0.005057
2023-07-18T18:16:21.100, ubuntu22-d, 0.004826
2023-07-18T18:16:21.306, ubuntu22-d, 0.005460
2023-07-18T18:16:21.512, ubuntu22-d, 0.005453
2023-07-18T18:16:21.718, ubuntu22-d, 0.005463
2023-07-18T18:16:21.926, ubuntu22-d, 0.007809
2023-07-18T18:16:22.132, ubuntu22-d, 0.005364
2023-07-18T18:16:22.338, ubuntu22-d, 0.005457
2023-07-18T18:16:22.543, ubuntu22-d, 0.004919
2023-07-18T18:16:22.748, ubuntu22-d, 0.004766
2023-07-18T18:16:22.954, ubuntu22-d, 0.005159
2023-07-18T18:16:23.159, ubuntu22-d, 0.004973
2023-07-18T18:16:23.365, ubuntu22-d, 0.005004
2023-07-18T18:16:23.570, ubuntu22-d, 0.005051
2023-07-18T18:16:23.776, ubuntu22-d, 0.005277
2023-07-18T18:16:23.981, ubuntu22-d, 0.005311
2023-07-18T18:16:24.187, ubuntu22-d, 0.004993
2023-07-18T18:16:24.392, ubuntu22-d, 0.004982
2023-07-18T18:16:24.598, ubuntu22-d, 0.005416
2023-07-18T18:16:24.803, ubuntu22-d, 0.005248
2023-07-18T18:16:25.009, ubuntu22-d, 0.005574
2023-07-18T18:16:25.215, ubuntu22-d, 0.005393
2023-07-18T18:16:25.421, ubuntu22-d, 0.005186
2023-07-18T18:16:25.626, ubuntu22-d, 0.005025
2023-07-18T18:16:25.832, ubuntu22-d, 0.005409
2023-07-18T18:16:26.037, ubuntu22-d, 0.005309
2023-07-18T18:16:26.244, ubuntu22-d, 0.006157
2023-07-18T18:16:26.450, ubuntu22-d, 0.005183
2023-07-18T18:16:26.656, ubuntu22-d, 0.006423
2023-07-18T18:16:26.862, ubuntu22-d, 0.005208
2023-07-18T18:16:27.068, ubuntu22-d, 0.005227
2023-07-18T18:16:27.273, ubuntu22-d, 0.005259
2023-07-18T18:16:27.484, ubuntu22-d, 0.007261
2023-07-18T18:16:27.690, ubuntu22-d, 0.005205
2023-07-18T18:16:27.896, ubuntu22-d, 0.005047
2023-07-18T18:16:28.101, ubuntu22-d, 0.005329
2023-07-18T18:16:28.307, ubuntu22-d, 0.005365
2023-07-18T18:16:28.514, ubuntu22-d, 0.006022
2023-07-18T18:16:28.719, ubuntu22-d, 0.005074
2023-07-18T18:16:28.925, ubuntu22-d, 0.005579
2023-07-18T18:16:29.131, ubuntu22-d, 0.005290
2023-07-18T18:16:29.337, ubuntu22-d, 0.004961
2023-07-18T18:16:29.542, ubuntu22-b, 0.005188
2023-07-18T18:16:29.748, ubuntu22-b, 0.005055
2023-07-18T18:16:29.953, ubuntu22-b, 0.004979
2023-07-18T18:16:30.158, ubuntu22-b, 0.004754
2023-07-18T18:16:30.365, ubuntu22-d, 0.005747
2023-07-18T18:16:30.576, ubuntu22-d, 0.010498
2023-07-18T18:16:30.781, ubuntu22-d, 0.004822
2023-07-18T18:16:30.985, , 
2023-07-18T18:16:31.191, ubuntu22-b, 0.005331
2023-07-18T18:16:31.396, ubuntu22-b, 0.004888
2023-07-18T18:16:31.606, ubuntu22-b, 0.009883
2023-07-18T18:16:31.822, ubuntu22-b, 0.015599
2023-07-18T18:16:32.030, ubuntu22-b, 0.007663
2023-07-18T18:16:32.238, ubuntu22-b, 0.007527
2023-07-18T18:16:32.444, ubuntu22-b, 0.005027
2023-07-18T18:16:32.649, ubuntu22-b, 0.005002
2023-07-18T18:16:32.855, ubuntu22-b, 0.005412
2023-07-18T18:16:33.060, ubuntu22-b, 0.005002
2023-07-18T18:16:33.266, ubuntu22-b, 0.004995
2023-07-18T18:16:33.471, ubuntu22-b, 0.004975
2023-07-18T18:16:33.676, ubuntu22-b, 0.005036
2023-07-18T18:16:33.885, ubuntu22-b, 0.008512
2023-07-18T18:16:34.091, ubuntu22-b, 0.005768
2023-07-18T18:16:34.296, ubuntu22-b, 0.004994
2023-07-18T18:16:34.502, ubuntu22-b, 0.005081
2023-07-18T18:16:34.708, ubuntu22-b, 0.005246
2023-07-18T18:16:34.913, ubuntu22-b, 0.005092
2023-07-18T18:16:35.119, ubuntu22-b, 0.005991
2023-07-18T18:16:35.325, ubuntu22-b, 0.005057
2023-07-18T18:16:35.531, ubuntu22-b, 0.005526
2023-07-18T18:16:35.736, ubuntu22-b, 0.005174
2023-07-18T18:16:35.942, ubuntu22-b, 0.005038
2023-07-18T18:16:36.147, ubuntu22-b, 0.005162
2023-07-18T18:16:36.352, ubuntu22-b, 0.005035
2023-07-18T18:16:36.558, ubuntu22-b, 0.004831
2023-07-18T18:16:36.764, ubuntu22-c, 0.005501
2023-07-18T18:16:36.969, ubuntu22-c, 0.004830
2023-07-18T18:16:37.177, ubuntu22-b, 0.007727
2023-07-18T18:16:37.382, ubuntu22-c, 0.004790
2023-07-18T18:16:37.587, ubuntu22-c, 0.004732
2023-07-18T18:16:37.792, ubuntu22-b, 0.005032
2023-07-18T18:16:37.996, , 
2023-07-18T18:16:38.202, ubuntu22-c, 0.005631
2023-07-18T18:16:38.408, ubuntu22-c, 0.004891
2023-07-18T18:16:38.614, ubuntu22-c, 0.006034
2023-07-18T18:16:38.820, ubuntu22-c, 0.005077
2023-07-18T18:16:39.025, ubuntu22-c, 0.005148
2023-07-18T18:16:39.231, ubuntu22-c, 0.005171
2023-07-18T18:16:39.436, ubuntu22-c, 0.005044
2023-07-18T18:16:39.641, ubuntu22-c, 0.004739
2023-07-18T18:16:39.847, ubuntu22-c, 0.004915
2023-07-18T18:16:40.052, ubuntu22-c, 0.004852
2023-07-18T18:16:40.257, ubuntu22-c, 0.004843
2023-07-18T18:16:40.465, ubuntu22-c, 0.007400
2023-07-18T18:16:40.672, ubuntu22-c, 0.006638
2023-07-18T18:16:40.878, ubuntu22-c, 0.005680
2023-07-18T18:16:41.083, ubuntu22-c, 0.004813
2023-07-18T18:16:41.289, ubuntu22-c, 0.004916
2023-07-18T18:16:41.498, ubuntu22-c, 0.009025
2023-07-18T18:16:41.703, ubuntu22-c, 0.004838
2023-07-18T18:16:41.908, ubuntu22-c, 0.004825
2023-07-18T18:16:42.114, ubuntu22-c, 0.004961
2023-07-18T18:16:42.319, ubuntu22-c, 0.004735
2023-07-18T18:16:42.524, ubuntu22-c, 0.004734
2023-07-18T18:16:42.729, ubuntu22-c, 0.004875
2023-07-18T18:16:42.934, ubuntu22-c, 0.004781
2023-07-18T18:16:43.140, ubuntu22-c, 0.004948
2023-07-18T18:16:43.345, ubuntu22-c, 0.005132
2023-07-18T18:16:43.550, ubuntu22-c, 0.004712
2023-07-18T18:16:43.755, ubuntu22-c, 0.004749
2023-07-18T18:16:43.961, ubuntu22-c, 0.005461
2023-07-18T18:16:44.166, ubuntu22-c, 0.004675
2023-07-18T18:16:44.372, ubuntu22-c, 0.005104
2023-07-18T18:16:44.577, ubuntu22-c, 0.004964
2023-07-18T18:16:44.783, ubuntu22-c, 0.004996
2023-07-18T18:16:44.992, ubuntu22-c, 0.008467
2023-07-18T18:16:45.197, ubuntu22-c, 0.005167
2023-07-18T18:16:45.403, ubuntu22-c, 0.005047
2023-07-18T18:16:45.608, ubuntu22-c, 0.004984
2023-07-18T18:16:45.813, ubuntu22-c, 0.004426
2023-07-18T18:16:46.018, ubuntu22-c, 0.005112
2023-07-18T18:16:46.224, ubuntu22-b, 0.005538
2023-07-18T18:16:46.430, ubuntu22-c, 0.005135
2023-07-18T18:16:46.636, ubuntu22-b, 0.005389
2023-07-18T18:16:46.842, ubuntu22-b, 0.005551
2023-07-18T18:16:47.048, ubuntu22-b, 0.005337
2023-07-18T18:16:47.253, ubuntu22-b, 0.004976
2023-07-18T18:16:47.458, ubuntu22-c, 0.004752
2023-07-18T18:16:47.664, ubuntu22-c, 0.005108
2023-07-18T18:16:47.870, ubuntu22-b, 0.005791
2023-07-18T18:16:48.076, ubuntu22-b, 0.005615
2023-07-18T18:16:48.282, ubuntu22-b, 0.005137
2023-07-18T18:16:48.500, ubuntu22-b, 0.018441
2023-07-18T18:16:48.707, ubuntu22-b, 0.006196
2023-07-18T18:16:48.914, ubuntu22-b, 0.005649
2023-07-18T18:16:49.119, ubuntu22-b, 0.005019
2023-07-18T18:16:49.325, ubuntu22-b, 0.005639
2023-07-18T18:16:49.531, ubuntu22-b, 0.005273
2023-07-18T18:16:49.737, ubuntu22-b, 0.005426
2023-07-18T18:16:49.943, ubuntu22-b, 0.005517
2023-07-18T18:16:50.148, ubuntu22-b, 0.005190
2023-07-18T18:16:50.354, ubuntu22-b, 0.005177
2023-07-18T18:16:50.578, ubuntu22-b, 0.023401
2023-07-18T18:16:50.783, ubuntu22-b, 0.005004
2023-07-18T18:16:50.989, ubuntu22-b, 0.005188
2023-07-18T18:16:51.195, ubuntu22-b, 0.005421
2023-07-18T18:16:51.400, ubuntu22-b, 0.005333
2023-07-18T18:16:51.606, ubuntu22-b, 0.005234
2023-07-18T18:16:51.811, ubuntu22-b, 0.004965
2023-07-18T18:16:52.017, ubuntu22-b, 0.005158
2023-07-18T18:16:52.223, ubuntu22-b, 0.005724
2023-07-18T18:16:52.440, ubuntu22-b, 0.012084
2023-07-18T18:16:52.645, ubuntu22-b, 0.005177
2023-07-18T18:16:52.851, ubuntu22-b, 0.004870
2023-07-18T18:16:53.056, ubuntu22-b, 0.005154
2023-07-18T18:16:53.262, ubuntu22-b, 0.005033
2023-07-18T18:16:53.467, ubuntu22-b, 0.004891
2023-07-18T18:16:53.673, ubuntu22-b, 0.005511
2023-07-18T18:16:53.878, ubuntu22-b, 0.005033
2023-07-18T18:16:54.084, ubuntu22-b, 0.005410
2023-07-18T18:16:54.290, ubuntu22-b, 0.005133
2023-07-18T18:16:54.495, ubuntu22-b, 0.005593
2023-07-18T18:16:54.702, ubuntu22-c, 0.006297
2023-07-18T18:16:54.908, ubuntu22-b, 0.005209
2023-07-18T18:16:55.115, ubuntu22-b, 0.006500
2023-07-18T18:16:55.321, ubuntu22-c, 0.005175
2023-07-18T18:16:55.526, ubuntu22-c, 0.004774
2023-07-18T18:16:55.732, ubuntu22-c, 0.005126
2023-07-18T18:16:55.937, ubuntu22-c, 0.005147
2023-07-18T18:16:56.143, ubuntu22-c, 0.005075
2023-07-18T18:16:56.348, ubuntu22-c, 0.004678
2023-07-18T18:16:56.553, ubuntu22-c, 0.005040
2023-07-18T18:16:56.760, ubuntu22-c, 0.005836
2023-07-18T18:16:56.965, ubuntu22-c, 0.005321
2023-07-18T18:16:57.171, ubuntu22-c, 0.005023
2023-07-18T18:16:57.376, ubuntu22-c, 0.005294
2023-07-18T18:16:57.583, ubuntu22-c, 0.005895
2023-07-18T18:16:57.790, ubuntu22-c, 0.006106
2023-07-18T18:16:57.995, ubuntu22-c, 0.005119
2023-07-18T18:16:58.202, ubuntu22-c, 0.006588
2023-07-18T18:16:58.409, ubuntu22-c, 0.006728
2023-07-18T18:16:58.614, ubuntu22-c, 0.004700
2023-07-18T18:16:58.820, ubuntu22-c, 0.004801
2023-07-18T18:16:59.032, ubuntu22-c, 0.012198
2023-07-18T18:16:59.238, ubuntu22-c, 0.004747
2023-07-18T18:16:59.443, ubuntu22-c, 0.004714
2023-07-18T18:16:59.648, ubuntu22-c, 0.005142
2023-07-18T18:16:59.853, ubuntu22-c, 0.004920
2023-07-18T18:17:00.059, ubuntu22-c, 0.004925
2023-07-18T18:17:00.264, ubuntu22-c, 0.004981
2023-07-18T18:17:00.469, ubuntu22-c, 0.004927
2023-07-18T18:17:00.675, ubuntu22-c, 0.004898
2023-07-18T18:17:00.880, ubuntu22-c, 0.004944
2023-07-18T18:17:01.086, ubuntu22-c, 0.005891
2023-07-18T18:17:01.294, ubuntu22-c, 0.007487
2023-07-18T18:17:01.500, ubuntu22-c, 0.004947
2023-07-18T18:17:01.705, ubuntu22-c, 0.005006
2023-07-18T18:17:01.910, ubuntu22-c, 0.004944
2023-07-18T18:17:02.116, ubuntu22-d, 0.005360
2023-07-18T18:17:02.321, ubuntu22-d, 0.004883
2023-07-18T18:17:02.526, ubuntu22-c, 0.004773
2023-07-18T18:17:02.732, ubuntu22-c, 0.004722
2023-07-18T18:17:02.937, ubuntu22-c, 0.004817
2023-07-18T18:17:03.142, ubuntu22-d, 0.004757
2023-07-18T18:17:03.348, ubuntu22-d, 0.005851
2023-07-18T18:17:03.554, ubuntu22-d, 0.005016
2023-07-18T18:17:03.759, ubuntu22-d, 0.005021
2023-07-18T18:17:03.964, ubuntu22-d, 0.005103
2023-07-18T18:17:04.170, ubuntu22-d, 0.005186
2023-07-18T18:17:04.375, ubuntu22-d, 0.005155
2023-07-18T18:17:04.581, ubuntu22-d, 0.004892
2023-07-18T18:17:04.786, ubuntu22-d, 0.004888
2023-07-18T18:17:04.991, ubuntu22-d, 0.005185
2023-07-18T18:17:05.197, ubuntu22-d, 0.005072
2023-07-18T18:17:05.402, ubuntu22-d, 0.004822
2023-07-18T18:17:05.608, ubuntu22-d, 0.005025
2023-07-18T18:17:05.813, ubuntu22-d, 0.004791
2023-07-18T18:17:06.018, ubuntu22-d, 0.005413
2023-07-18T18:17:06.228, ubuntu22-d, 0.008888
2023-07-18T18:17:06.434, ubuntu22-d, 0.005620
2023-07-18T18:17:06.640, ubuntu22-d, 0.005292
2023-07-18T18:17:06.845, ubuntu22-d, 0.005464
2023-07-18T18:17:07.055, ubuntu22-d, 0.009481
2023-07-18T18:17:07.261, ubuntu22-d, 0.005154
2023-07-18T18:17:07.467, ubuntu22-d, 0.005673
2023-07-18T18:17:07.673, ubuntu22-d, 0.005316
2023-07-18T18:17:07.879, ubuntu22-c, 0.005451
2023-07-18T18:17:08.085, ubuntu22-d, 0.005585
2023-07-18T18:17:08.291, ubuntu22-d, 0.005403
2023-07-18T18:17:08.500, ubuntu22-c, 0.007957
2023-07-18T18:17:08.716, ubuntu22-d, 0.012165
2023-07-18T18:17:08.922, ubuntu22-c, 0.005196
2023-07-18T18:17:09.128, ubuntu22-d, 0.005625
2023-07-18T18:17:09.335, , 
2023-07-18T18:17:09.541, ubuntu22-c, 0.005318
2023-07-18T18:17:09.746, ubuntu22-c, 0.005039
2023-07-18T18:17:09.952, ubuntu22-c, 0.005692
2023-07-18T18:17:10.158, ubuntu22-c, 0.005424
2023-07-18T18:17:10.367, ubuntu22-c, 0.004792
2023-07-18T18:17:10.572, ubuntu22-c, 0.004731
2023-07-18T18:17:10.777, ubuntu22-c, 0.004931
2023-07-18T18:17:10.984, ubuntu22-c, 0.006392
2023-07-18T18:17:11.190, ubuntu22-c, 0.005010
2023-07-18T18:17:11.395, ubuntu22-c, 0.004815
2023-07-18T18:17:11.602, ubuntu22-c, 0.006973
2023-07-18T18:17:11.808, ubuntu22-c, 0.004996
2023-07-18T18:17:12.015, ubuntu22-c, 0.007366
2023-07-18T18:17:12.221, ubuntu22-c, 0.004775
2023-07-18T18:17:12.427, ubuntu22-c, 0.005530
2023-07-18T18:17:12.632, ubuntu22-c, 0.004672
2023-07-18T18:17:12.837, ubuntu22-c, 0.004701
2023-07-18T18:17:13.042, ubuntu22-c, 0.004719
2023-07-18T18:17:13.247, ubuntu22-c, 0.004745
2023-07-18T18:17:13.452, ubuntu22-c, 0.004748
2023-07-18T18:17:13.657, ubuntu22-c, 0.004772
2023-07-18T18:17:13.862, ubuntu22-c, 0.004672
2023-07-18T18:17:14.067, ubuntu22-c, 0.004810
2023-07-18T18:17:14.273, ubuntu22-c, 0.004749
2023-07-18T18:17:14.478, ubuntu22-c, 0.004919
2023-07-18T18:17:14.683, ubuntu22-c, 0.004969
2023-07-18T18:17:14.888, ubuntu22-c, 0.004918
2023-07-18T18:17:15.094, ubuntu22-c, 0.005398
2023-07-18T18:17:15.300, ubuntu22-c, 0.005562
2023-07-18T18:17:15.506, ubuntu22-c, 0.005710
2023-07-18T18:17:15.711, ubuntu22-c, 0.004823
2023-07-18T18:17:15.917, ubuntu22-c, 0.004807
2023-07-18T18:17:16.122, ubuntu22-c, 0.004833
2023-07-18T18:17:16.327, ubuntu22-c, 0.004814
2023-07-18T18:17:16.532, ubuntu22-c, 0.004872
2023-07-18T18:17:16.739, ubuntu22-c, 0.006548
2023-07-18T18:17:16.944, ubuntu22-c, 0.004775
2023-07-18T18:17:17.149, ubuntu22-c, 0.004808
2023-07-18T18:17:17.355, ubuntu22-c, 0.004933
2023-07-18T18:17:17.560, ubuntu22-c, 0.004716
2023-07-18T18:17:17.765, ubuntu22-c, 0.004858
2023-07-18T18:17:17.970, ubuntu22-c, 0.004771
2023-07-18T18:17:18.175, ubuntu22-c, 0.004680
2023-07-18T18:17:18.385, ubuntu22-c, 0.009149
2023-07-18T18:17:18.590, ubuntu22-c, 0.004889
2023-07-18T18:17:18.795, ubuntu22-c, 0.004837
2023-07-18T18:17:19.001, ubuntu22-c, 0.005078
2023-07-18T18:17:19.206, ubuntu22-c, 0.004971
2023-07-18T18:17:19.418, ubuntu22-b, 0.012125
2023-07-18T18:17:19.638, ubuntu22-b, 0.018827
2023-07-18T18:17:19.843, ubuntu22-c, 0.004802
2023-07-18T18:17:20.048, ubuntu22-b, 0.004936
2023-07-18T18:17:20.253, ubuntu22-b, 0.004788
2023-07-18T18:17:20.459, ubuntu22-c, 0.004865
2023-07-18T18:17:20.664, ubuntu22-c, 0.004834
2023-07-18T18:17:20.869, ubuntu22-c, 0.005035
2023-07-18T18:17:21.073, , 
2023-07-18T18:17:21.283, ubuntu22-b, 0.009128
2023-07-18T18:17:21.490, ubuntu22-b, 0.007375
2023-07-18T18:17:21.702, ubuntu22-b, 0.011778
2023-07-18T18:17:21.914, ubuntu22-b, 0.011487
2023-07-18T18:17:22.122, ubuntu22-b, 0.007606
2023-07-18T18:17:22.329, ubuntu22-b, 0.005965
2023-07-18T18:17:22.534, ubuntu22-b, 0.005244
2023-07-18T18:17:22.740, ubuntu22-b, 0.005180
2023-07-18T18:17:22.950, ubuntu22-b, 0.009500
2023-07-18T18:17:23.156, ubuntu22-b, 0.005094
2023-07-18T18:17:23.361, ubuntu22-b, 0.005333
2023-07-18T18:17:23.567, ubuntu22-b, 0.005265
2023-07-18T18:17:23.773, ubuntu22-b, 0.005372
2023-07-18T18:17:23.978, ubuntu22-b, 0.005161
2023-07-18T18:17:24.184, ubuntu22-b, 0.005492
2023-07-18T18:17:24.390, ubuntu22-b, 0.005173
2023-07-18T18:17:24.595, ubuntu22-b, 0.005369
2023-07-18T18:17:24.801, ubuntu22-b, 0.005342
2023-07-18T18:17:25.007, ubuntu22-b, 0.005326
2023-07-18T18:17:25.212, ubuntu22-b, 0.005224
2023-07-18T18:17:25.418, ubuntu22-b, 0.004879
2023-07-18T18:17:25.624, ubuntu22-b, 0.006035
2023-07-18T18:17:25.830, ubuntu22-b, 0.005183
2023-07-18T18:17:26.035, ubuntu22-b, 0.004910
2023-07-18T18:17:26.241, ubuntu22-b, 0.005254
2023-07-18T18:17:26.450, ubuntu22-b, 0.009207
2023-07-18T18:17:26.656, ubuntu22-b, 0.005290
2023-07-18T18:17:26.862, ubuntu22-c, 0.005893
2023-07-18T18:17:27.068, ubuntu22-c, 0.005255
2023-07-18T18:17:27.274, ubuntu22-c, 0.005184
2023-07-18T18:17:27.479, ubuntu22-c, 0.005288
2023-07-18T18:17:27.685, ubuntu22-c, 0.005074
2023-07-18T18:17:27.893, ubuntu22-c, 0.006185
2023-07-18T18:17:28.099, ubuntu22-c, 0.005643
2023-07-18T18:17:28.308, ubuntu22-c, 0.008432
2023-07-18T18:17:28.515, ubuntu22-c, 0.006816
2023-07-18T18:17:28.721, ubuntu22-c, 0.005515
2023-07-18T18:17:28.933, ubuntu22-c, 0.011662
2023-07-18T18:17:29.138, ubuntu22-c, 0.005257
2023-07-18T18:17:29.344, ubuntu22-c, 0.005195
2023-07-18T18:17:29.550, ubuntu22-c, 0.005102
2023-07-18T18:17:29.755, ubuntu22-c, 0.005385
2023-07-18T18:17:29.961, ubuntu22-c, 0.005101
2023-07-18T18:17:30.166, ubuntu22-c, 0.004610
2023-07-18T18:17:30.371, ubuntu22-c, 0.005123
2023-07-18T18:17:30.577, ubuntu22-c, 0.005312
2023-07-18T18:17:30.783, ubuntu22-c, 0.005927
2023-07-18T18:17:30.989, ubuntu22-c, 0.005078
2023-07-18T18:17:31.195, ubuntu22-c, 0.005203
2023-07-18T18:17:31.400, ubuntu22-c, 0.005048
2023-07-18T18:17:31.607, ubuntu22-c, 0.006536
2023-07-18T18:17:31.815, ubuntu22-c, 0.007308
2023-07-18T18:17:32.021, ubuntu22-c, 0.005282
2023-07-18T18:17:32.227, ubuntu22-c, 0.005859
2023-07-18T18:17:32.432, ubuntu22-c, 0.005019
2023-07-18T18:17:32.638, ubuntu22-c, 0.005005
2023-07-18T18:17:32.843, ubuntu22-c, 0.005119
2023-07-18T18:17:33.049, ubuntu22-c, 0.005378
2023-07-18T18:17:33.254, ubuntu22-c, 0.005095
2023-07-18T18:17:33.460, ubuntu22-c, 0.005208
2023-07-18T18:17:33.666, ubuntu22-c, 0.005266
2023-07-18T18:17:33.871, ubuntu22-c, 0.005248
2023-07-18T18:17:34.077, ubuntu22-c, 0.005437
2023-07-18T18:17:34.282, ubuntu22-c, 0.005136
2023-07-18T18:17:34.489, ubuntu22-c, 0.005854
2023-07-18T18:17:34.694, ubuntu22-c, 0.005169
2023-07-18T18:17:34.900, ubuntu22-c, 0.005116
2023-07-18T18:17:35.106, ubuntu22-c, 0.005930
2023-07-18T18:17:35.312, ubuntu22-c, 0.005068
2023-07-18T18:17:35.517, ubuntu22-c, 0.005345
2023-07-18T18:17:35.723, ubuntu22-c, 0.005406
2023-07-18T18:17:35.929, ubuntu22-c, 0.005174
2023-07-18T18:17:36.135, ubuntu22-c, 0.005347
2023-07-18T18:17:36.344, ubuntu22-c, 0.008641
2023-07-18T18:17:36.550, ubuntu22-c, 0.005476
2023-07-18T18:17:36.755, ubuntu22-c, 0.004729
2023-07-18T18:17:36.961, ubuntu22-b, 0.005280
2023-07-18T18:17:37.166, ubuntu22-b, 0.004824
2023-07-18T18:17:37.371, ubuntu22-b, 0.004751
2023-07-18T18:17:37.576, ubuntu22-b, 0.005062
2023-07-18T18:17:37.786, ubuntu22-b, 0.009462
2023-07-18T18:17:37.992, ubuntu22-c, 0.005049
2023-07-18T18:17:38.198, ubuntu22-b, 0.005470
2023-07-18T18:17:38.404, ubuntu22-b, 0.005522
2023-07-18T18:17:38.609, ubuntu22-b, 0.005372
2023-07-18T18:17:38.815, ubuntu22-b, 0.004952
2023-07-18T18:17:39.020, ubuntu22-b, 0.005190
2023-07-18T18:17:39.270, ubuntu22-b, 0.049033
2023-07-18T18:17:39.520, ubuntu22-b, 0.049543
2023-07-18T18:17:39.725, ubuntu22-b, 0.004962
2023-07-18T18:17:39.931, ubuntu22-b, 0.005186
2023-07-18T18:17:40.138, ubuntu22-b, 0.006182
2023-07-18T18:17:40.343, ubuntu22-b, 0.005429
2023-07-18T18:17:40.553, ubuntu22-b, 0.008590
2023-07-18T18:17:40.759, ubuntu22-b, 0.005070
2023-07-18T18:17:40.970, ubuntu22-b, 0.008279
2023-07-18T18:17:41.175, ubuntu22-b, 0.005183
2023-07-18T18:17:41.381, ubuntu22-b, 0.005036
2023-07-18T18:17:41.587, ubuntu22-b, 0.005023
2023-07-18T18:17:41.792, ubuntu22-b, 0.005036
2023-07-18T18:17:41.998, ubuntu22-b, 0.005275
2023-07-18T18:17:42.203, ubuntu22-b, 0.005189
2023-07-18T18:17:42.410, ubuntu22-b, 0.005965
2023-07-18T18:17:42.615, ubuntu22-b, 0.004842
2023-07-18T18:17:42.821, ubuntu22-b, 0.005162
2023-07-18T18:17:43.026, ubuntu22-b, 0.004934
2023-07-18T18:17:43.231, ubuntu22-b, 0.004904
2023-07-18T18:17:43.436, ubuntu22-b, 0.004882
2023-07-18T18:17:43.642, ubuntu22-b, 0.005394
2023-07-18T18:17:43.848, ubuntu22-b, 0.005146
2023-07-18T18:17:44.053, ubuntu22-b, 0.004896
2023-07-18T18:17:44.258, ubuntu22-b, 0.004725
2023-07-18T18:17:44.464, ubuntu22-c, 0.005531
2023-07-18T18:17:44.670, ubuntu22-c, 0.004935
2023-07-18T18:17:44.875, ubuntu22-b, 0.005030
2023-07-18T18:17:45.090, ubuntu22-b, 0.014014
2023-07-18T18:17:45.296, ubuntu22-c, 0.005512
2023-07-18T18:17:45.502, ubuntu22-c, 0.005554
2023-07-18T18:17:45.708, ubuntu22-c, 0.005340
2023-07-18T18:17:45.914, ubuntu22-c, 0.005770
2023-07-18T18:17:46.119, ubuntu22-c, 0.005173
2023-07-18T18:17:46.326, ubuntu22-c, 0.005612
2023-07-18T18:17:46.531, ubuntu22-c, 0.005144
2023-07-18T18:17:46.737, ubuntu22-c, 0.005235
2023-07-18T18:17:46.943, ubuntu22-c, 0.005028
2023-07-18T18:17:47.148, ubuntu22-c, 0.005291
2023-07-18T18:17:47.354, ubuntu22-c, 0.005090
2023-07-18T18:17:47.559, ubuntu22-c, 0.004979
2023-07-18T18:17:47.765, ubuntu22-c, 0.005719
2023-07-18T18:17:47.971, ubuntu22-c, 0.005122
2023-07-18T18:17:48.177, ubuntu22-c, 0.005230
2023-07-18T18:17:48.382, ubuntu22-c, 0.005072
2023-07-18T18:17:48.588, ubuntu22-c, 0.004917
2023-07-18T18:17:48.797, ubuntu22-c, 0.008377
2023-07-18T18:17:49.005, ubuntu22-c, 0.007628
2023-07-18T18:17:49.211, ubuntu22-c, 0.005734
2023-07-18T18:17:49.419, ubuntu22-c, 0.007522
2023-07-18T18:17:49.624, ubuntu22-c, 0.005165
2023-07-18T18:17:49.830, ubuntu22-c, 0.005036
2023-07-18T18:17:50.036, ubuntu22-c, 0.005457
2023-07-18T18:17:50.242, ubuntu22-c, 0.004988
2023-07-18T18:17:50.447, ubuntu22-c, 0.005083
2023-07-18T18:17:50.653, ubuntu22-c, 0.005222
2023-07-18T18:17:50.858, ubuntu22-c, 0.004987
2023-07-18T18:17:51.065, ubuntu22-c, 0.006217
2023-07-18T18:17:51.271, ubuntu22-c, 0.005274
2023-07-18T18:17:51.477, ubuntu22-c, 0.005097
2023-07-18T18:17:51.691, ubuntu22-c, 0.013722
2023-07-18T18:17:51.896, ubuntu22-c, 0.004813
2023-07-18T18:17:52.101, ubuntu22-c, 0.004873
2023-07-18T18:17:52.307, ubuntu22-c, 0.005041
2023-07-18T18:17:52.513, ubuntu22-d, 0.005744
2023-07-18T18:17:52.718, ubuntu22-c, 0.005125
2023-07-18T18:17:52.923, ubuntu22-c, 0.005002
2023-07-18T18:17:53.129, ubuntu22-c, 0.004923
2023-07-18T18:17:53.345, , 
2023-07-18T18:17:53.552, ubuntu22-d, 0.006124
2023-07-18T18:17:53.763, ubuntu22-d, 0.005368
2023-07-18T18:17:53.969, ubuntu22-d, 0.005374
2023-07-18T18:17:54.175, ubuntu22-d, 0.005089
2023-07-18T18:17:54.381, ubuntu22-d, 0.005182
2023-07-18T18:17:54.586, ubuntu22-d, 0.004993
2023-07-18T18:17:54.794, ubuntu22-d, 0.007090
2023-07-18T18:17:55.000, ubuntu22-d, 0.005487
2023-07-18T18:17:55.205, ubuntu22-d, 0.005284
2023-07-18T18:17:55.411, ubuntu22-d, 0.005036
2023-07-18T18:17:55.616, ubuntu22-d, 0.005041
2023-07-18T18:17:55.822, ubuntu22-d, 0.005178
2023-07-18T18:17:56.028, ubuntu22-d, 0.005699
2023-07-18T18:17:56.234, ubuntu22-d, 0.005394
2023-07-18T18:17:56.440, ubuntu22-d, 0.005427
2023-07-18T18:17:56.645, ubuntu22-d, 0.005338
2023-07-18T18:17:56.851, ubuntu22-d, 0.005306
2023-07-18T18:17:57.057, ubuntu22-d, 0.005498
2023-07-18T18:17:57.262, ubuntu22-d, 0.005083
2023-07-18T18:17:57.469, ubuntu22-d, 0.005996
2023-07-18T18:17:57.675, ubuntu22-d, 0.005400
2023-07-18T18:17:57.881, ubuntu22-d, 0.005448
2023-07-18T18:17:58.088, ubuntu22-d, 0.006100
2023-07-18T18:17:58.293, ubuntu22-d, 0.005371
2023-07-18T18:17:58.499, ubuntu22-d, 0.005276
2023-07-18T18:17:58.705, ubuntu22-d, 0.005771
2023-07-18T18:17:58.912, ubuntu22-d, 0.005749
2023-07-18T18:17:59.118, ubuntu22-d, 0.005838
2023-07-18T18:17:59.324, ubuntu22-d, 0.005625
2023-07-18T18:17:59.530, ubuntu22-d, 0.005318
2023-07-18T18:17:59.736, ubuntu22-d, 0.005589
2023-07-18T18:17:59.942, ubuntu22-d, 0.005604
2023-07-18T18:18:00.148, ubuntu22-d, 0.005410
2023-07-18T18:18:00.354, ubuntu22-d, 0.005596
2023-07-18T18:18:00.559, ubuntu22-d, 0.005075
2023-07-18T18:18:00.765, ubuntu22-d, 0.005403
2023-07-18T18:18:00.971, ubuntu22-d, 0.005306
2023-07-18T18:18:01.176, ubuntu22-d, 0.005276
2023-07-18T18:18:01.382, ubuntu22-d, 0.005400
2023-07-18T18:18:01.588, ubuntu22-d, 0.005378
2023-07-18T18:18:01.794, ubuntu22-d, 0.005302
2023-07-18T18:18:02.000, ubuntu22-b, 0.005486
2023-07-18T18:18:02.205, ubuntu22-b, 0.004814
2023-07-18T18:18:02.410, ubuntu22-b, 0.005049
2023-07-18T18:18:02.615, ubuntu22-b, 0.004963
2023-07-18T18:18:02.821, ubuntu22-b, 0.005077
2023-07-18T18:18:03.027, ubuntu22-d, 0.005841
2023-07-18T18:18:03.233, ubuntu22-d, 0.005224
2023-07-18T18:18:03.439, ubuntu22-b, 0.006177
2023-07-18T18:18:03.645, ubuntu22-b, 0.005608
2023-07-18T18:18:03.863, ubuntu22-b, 0.016643
2023-07-18T18:18:04.070, ubuntu22-b, 0.007174
2023-07-18T18:18:04.278, ubuntu22-b, 0.007723
2023-07-18T18:18:04.486, ubuntu22-b, 0.007639
2023-07-18T18:18:04.698, ubuntu22-b, 0.011580
2023-07-18T18:18:04.906, ubuntu22-b, 0.007628
2023-07-18T18:18:05.113, ubuntu22-b, 0.006037
2023-07-18T18:18:05.318, ubuntu22-b, 0.005096
2023-07-18T18:18:05.526, ubuntu22-b, 0.007352
2023-07-18T18:18:05.732, ubuntu22-b, 0.005055
2023-07-18T18:18:05.937, ubuntu22-b, 0.005094
2023-07-18T18:18:06.143, ubuntu22-b, 0.005060
2023-07-18T18:18:06.348, ubuntu22-b, 0.005070
2023-07-18T18:18:06.554, ubuntu22-b, 0.005357
2023-07-18T18:18:06.760, ubuntu22-b, 0.005417
2023-07-18T18:18:06.965, ubuntu22-b, 0.005229
2023-07-18T18:18:07.172, ubuntu22-b, 0.005661
2023-07-18T18:18:07.377, ubuntu22-b, 0.005208
2023-07-18T18:18:07.583, ubuntu22-b, 0.005184
2023-07-18T18:18:07.795, ubuntu22-b, 0.011213
2023-07-18T18:18:08.001, ubuntu22-b, 0.006009
2023-07-18T18:18:08.207, ubuntu22-b, 0.005086
2023-07-18T18:18:08.412, ubuntu22-b, 0.005362
2023-07-18T18:18:08.618, ubuntu22-b, 0.005236
2023-07-18T18:18:08.824, ubuntu22-b, 0.005796
2023-07-18T18:18:09.030, ubuntu22-b, 0.005339
2023-07-18T18:18:09.236, ubuntu22-b, 0.005300
2023-07-18T18:18:09.448, ubuntu22-b, 0.011349
2023-07-18T18:18:09.654, ubuntu22-b, 0.005372
2023-07-18T18:18:09.860, ubuntu22-b, 0.005733
2023-07-18T18:18:10.066, ubuntu22-b, 0.005401
2023-07-18T18:18:10.272, ubuntu22-c, 0.005583
2023-07-18T18:18:10.477, ubuntu22-b, 0.005302
2023-07-18T18:18:10.683, ubuntu22-b, 0.005228
2023-07-18T18:18:10.889, ubuntu22-b, 0.005190
2023-07-18T18:18:11.094, ubuntu22-c, 0.005001
2023-07-18T18:18:11.300, ubuntu22-c, 0.004894
2023-07-18T18:18:11.515, , 
2023-07-18T18:18:11.720, ubuntu22-c, 0.005429
2023-07-18T18:18:11.926, ubuntu22-c, 0.005022
2023-07-18T18:18:12.132, ubuntu22-c, 0.005193
2023-07-18T18:18:12.337, ubuntu22-c, 0.004827
2023-07-18T18:18:12.543, ubuntu22-c, 0.005069
2023-07-18T18:18:12.748, ubuntu22-c, 0.005280
2023-07-18T18:18:12.955, ubuntu22-c, 0.006033
2023-07-18T18:18:13.161, ubuntu22-c, 0.005444
2023-07-18T18:18:13.366, ubuntu22-c, 0.005163
2023-07-18T18:18:13.572, ubuntu22-c, 0.004982
2023-07-18T18:18:13.777, ubuntu22-c, 0.005116
2023-07-18T18:18:13.983, ubuntu22-c, 0.004875
2023-07-18T18:18:14.188, ubuntu22-c, 0.005146
2023-07-18T18:18:14.394, ubuntu22-c, 0.005073
2023-07-18T18:18:14.599, ubuntu22-c, 0.004853
2023-07-18T18:18:14.804, ubuntu22-c, 0.005038
2023-07-18T18:18:15.019, ubuntu22-c, 0.014188
2023-07-18T18:18:15.225, ubuntu22-c, 0.005174
2023-07-18T18:18:15.430, ubuntu22-c, 0.005021
2023-07-18T18:18:15.636, ubuntu22-c, 0.005288
2023-07-18T18:18:15.841, ubuntu22-c, 0.005066
2023-07-18T18:18:16.047, ubuntu22-c, 0.005300
2023-07-18T18:18:16.253, ubuntu22-c, 0.005142
2023-07-18T18:18:16.459, ubuntu22-c, 0.005631
2023-07-18T18:18:16.665, ubuntu22-c, 0.005053
2023-07-18T18:18:16.872, ubuntu22-c, 0.007385
2023-07-18T18:18:17.079, ubuntu22-c, 0.005876
2023-07-18T18:18:17.284, ubuntu22-c, 0.005095
2023-07-18T18:18:17.490, ubuntu22-c, 0.005288
2023-07-18T18:18:17.696, ubuntu22-c, 0.005033
2023-07-18T18:18:17.901, ubuntu22-c, 0.005265
2023-07-18T18:18:18.107, ubuntu22-c, 0.005018
2023-07-18T18:18:18.312, ubuntu22-c, 0.004877
2023-07-18T18:18:18.550, ubuntu22-c, 0.037559
2023-07-18T18:18:18.756, ubuntu22-c, 0.005707
2023-07-18T18:18:18.962, ubuntu22-c, 0.005013
2023-07-18T18:18:19.167, ubuntu22-c, 0.004847
2023-07-18T18:18:19.373, ubuntu22-c, 0.004939
2023-07-18T18:18:19.578, ubuntu22-c, 0.004958
2023-07-18T18:18:19.784, ubuntu22-c, 0.005100
2023-07-18T18:18:19.989, ubuntu22-c, 0.005104
2023-07-18T18:18:20.196, ubuntu22-c, 0.006243
2023-07-18T18:18:20.402, ubuntu22-c, 0.005625
2023-07-18T18:18:20.608, ubuntu22-c, 0.005082
2023-07-18T18:18:20.815, ubuntu22-c, 0.005508
2023-07-18T18:18:21.021, ubuntu22-c, 0.005169
2023-07-18T18:18:21.227, ubuntu22-c, 0.005057
2023-07-18T18:18:21.432, ubuntu22-c, 0.004943
2023-07-18T18:18:21.639, ubuntu22-b, 0.006052
2023-07-18T18:18:21.844, ubuntu22-c, 0.004935
2023-07-18T18:18:22.050, ubuntu22-b, 0.005432
2023-07-18T18:18:22.254, , 
2023-07-18T18:18:22.466, ubuntu22-b, 0.011729
2023-07-18T18:18:22.672, ubuntu22-b, 0.005343
2023-07-18T18:18:22.878, ubuntu22-b, 0.005524
2023-07-18T18:18:23.085, ubuntu22-b, 0.006888
2023-07-18T18:18:23.294, ubuntu22-b, 0.008569
2023-07-18T18:18:23.523, ubuntu22-b, 0.028392
2023-07-18T18:18:23.738, ubuntu22-b, 0.014813
2023-07-18T18:18:23.955, ubuntu22-b, 0.016523
2023-07-18T18:18:24.161, ubuntu22-b, 0.005141
2023-07-18T18:18:24.366, ubuntu22-b, 0.005346
2023-07-18T18:18:24.572, ubuntu22-b, 0.005167
2023-07-18T18:18:24.777, ubuntu22-b, 0.004906
2023-07-18T18:18:24.983, ubuntu22-b, 0.005255
2023-07-18T18:18:25.189, ubuntu22-b, 0.005277
2023-07-18T18:18:25.394, ubuntu22-b, 0.005004
2023-07-18T18:18:25.600, ubuntu22-b, 0.005053
2023-07-18T18:18:25.805, ubuntu22-b, 0.005537
2023-07-18T18:18:26.012, ubuntu22-b, 0.005920
2023-07-18T18:18:26.218, ubuntu22-b, 0.004974
2023-07-18T18:18:26.423, ubuntu22-b, 0.005106
2023-07-18T18:18:26.632, ubuntu22-b, 0.008190
2023-07-18T18:18:26.838, ubuntu22-b, 0.005909
2023-07-18T18:18:27.045, ubuntu22-b, 0.006076
2023-07-18T18:18:27.250, ubuntu22-b, 0.004852
2023-07-18T18:18:27.458, ubuntu22-b, 0.007598
2023-07-18T18:18:27.670, ubuntu22-b, 0.011513
2023-07-18T18:18:27.876, ubuntu22-b, 0.005147
2023-07-18T18:18:28.082, ubuntu22-c, 0.005605
2023-07-18T18:18:28.287, ubuntu22-b, 0.005166
2023-07-18T18:18:28.493, ubuntu22-b, 0.005321
2023-07-18T18:18:28.698, ubuntu22-b, 0.004984
2023-07-18T18:18:28.904, ubuntu22-b, 0.005341
2023-07-18T18:18:29.109, ubuntu22-c, 0.004912
2023-07-18T18:18:29.315, ubuntu22-b, 0.005734
2023-07-18T18:18:29.521, ubuntu22-c, 0.005069
2023-07-18T18:18:29.731, , 
2023-07-18T18:18:29.938, ubuntu22-c, 0.006003
2023-07-18T18:18:30.144, ubuntu22-c, 0.005228
2023-07-18T18:18:30.349, ubuntu22-c, 0.004839
2023-07-18T18:18:30.555, ubuntu22-c, 0.005088
2023-07-18T18:18:30.760, ubuntu22-c, 0.005154
2023-07-18T18:18:30.966, ubuntu22-c, 0.005387
2023-07-18T18:18:31.171, ubuntu22-c, 0.004892
2023-07-18T18:18:31.377, ubuntu22-c, 0.005337
2023-07-18T18:18:31.583, ubuntu22-c, 0.004996
2023-07-18T18:18:31.788, ubuntu22-c, 0.005271
2023-07-18T18:18:31.994, ubuntu22-c, 0.004991
2023-07-18T18:18:32.199, ubuntu22-c, 0.004642
2023-07-18T18:18:32.404, ubuntu22-c, 0.005133
2023-07-18T18:18:32.610, ubuntu22-c, 0.004919
2023-07-18T18:18:32.816, ubuntu22-c, 0.005494
2023-07-18T18:18:33.021, ubuntu22-c, 0.005084
2023-07-18T18:18:33.236, ubuntu22-c, 0.014116
2023-07-18T18:18:33.441, ubuntu22-c, 0.005160
2023-07-18T18:18:33.649, ubuntu22-c, 0.007644
2023-07-18T18:18:33.854, ubuntu22-c, 0.005031
2023-07-18T18:18:34.060, ubuntu22-c, 0.005566
2023-07-18T18:18:34.266, ubuntu22-c, 0.005223
2023-07-18T18:18:34.474, ubuntu22-c, 0.007359
2023-07-18T18:18:34.679, ubuntu22-c, 0.005197
2023-07-18T18:18:34.885, ubuntu22-c, 0.005106
2023-07-18T18:18:35.091, ubuntu22-c, 0.006416
2023-07-18T18:18:35.297, ubuntu22-c, 0.005288
2023-07-18T18:18:35.503, ubuntu22-c, 0.005039
2023-07-18T18:18:35.708, ubuntu22-c, 0.004994
2023-07-18T18:18:35.914, ubuntu22-c, 0.005076
2023-07-18T18:18:36.119, ubuntu22-c, 0.004860
2023-07-18T18:18:36.324, ubuntu22-c, 0.005106
2023-07-18T18:18:36.530, ubuntu22-c, 0.005082
2023-07-18T18:18:36.735, ubuntu22-c, 0.005209
2023-07-18T18:18:36.941, ubuntu22-c, 0.004980
2023-07-18T18:18:37.150, ubuntu22-c, 0.009333
2023-07-18T18:18:37.356, ubuntu22-c, 0.004919
2023-07-18T18:18:37.561, ubuntu22-c, 0.004990
2023-07-18T18:18:37.767, ubuntu22-c, 0.005028
2023-07-18T18:18:37.972, ubuntu22-c, 0.005062
2023-07-18T18:18:38.177, ubuntu22-c, 0.004917
2023-07-18T18:18:38.383, ubuntu22-c, 0.005383
2023-07-18T18:18:38.589, ubuntu22-c, 0.005169
2023-07-18T18:18:38.794, ubuntu22-c, 0.005018
2023-07-18T18:18:39.000, ubuntu22-c, 0.005369
2023-07-18T18:18:39.206, ubuntu22-c, 0.005141
2023-07-18T18:18:39.411, ubuntu22-c, 0.004885
2023-07-18T18:18:39.616, ubuntu22-c, 0.004824
2023-07-18T18:18:39.822, ubuntu22-c, 0.004981
2023-07-18T18:18:40.027, ubuntu22-c, 0.004899
2023-07-18T18:18:40.232, ubuntu22-c, 0.004918
2023-07-18T18:18:40.438, ubuntu22-c, 0.005065
2023-07-18T18:18:40.644, ubuntu22-b, 0.005555
2023-07-18T18:18:40.849, ubuntu22-c, 0.004942
2023-07-18T18:18:41.055, ubuntu22-c, 0.005008
2023-07-18T18:18:41.260, ubuntu22-c, 0.005345
2023-07-18T18:18:41.466, ubuntu22-b, 0.005041
2023-07-18T18:18:41.678, ubuntu22-c, 0.010798
2023-07-18T18:18:41.882, , 
2023-07-18T18:18:42.089, ubuntu22-b, 0.006020
2023-07-18T18:18:42.294, ubuntu22-b, 0.005014
2023-07-18T18:18:42.499, ubuntu22-b, 0.005200
2023-07-18T18:18:42.705, ubuntu22-b, 0.005017
2023-07-18T18:18:42.910, ubuntu22-b, 0.004917
2023-07-18T18:18:43.116, ubuntu22-b, 0.005109
2023-07-18T18:18:43.321, ubuntu22-b, 0.004806
2023-07-18T18:18:43.526, ubuntu22-b, 0.004567
2023-07-18T18:18:43.731, ubuntu22-b, 0.004652
2023-07-18T18:18:43.936, ubuntu22-b, 0.004689
2023-07-18T18:18:44.141, ubuntu22-b, 0.004599
2023-07-18T18:18:44.350, ubuntu22-b, 0.008593
2023-07-18T18:18:44.595, ubuntu22-b, 0.044131
2023-07-18T18:18:44.800, ubuntu22-b, 0.004893
2023-07-18T18:18:45.005, ubuntu22-b, 0.005002
2023-07-18T18:18:45.210, ubuntu22-b, 0.004900
2023-07-18T18:18:45.415, ubuntu22-b, 0.004714
2023-07-18T18:18:45.620, ubuntu22-b, 0.004866
2023-07-18T18:18:45.826, ubuntu22-b, 0.004928
2023-07-18T18:18:46.031, ubuntu22-b, 0.004920
2023-07-18T18:18:46.237, ubuntu22-b, 0.005955
2023-07-18T18:18:46.443, ubuntu22-b, 0.004945
2023-07-18T18:18:46.655, ubuntu22-b, 0.011869
2023-07-18T18:18:46.862, ubuntu22-b, 0.006728
2023-07-18T18:18:47.068, ubuntu22-b, 0.005329
2023-07-18T18:18:47.275, ubuntu22-b, 0.006009
2023-07-18T18:18:47.480, ubuntu22-b, 0.004857
2023-07-18T18:18:47.686, ubuntu22-d, 0.006028
2023-07-18T18:18:47.891, ubuntu22-b, 0.004856
2023-07-18T18:18:48.103, ubuntu22-b, 0.011330
2023-07-18T18:18:48.309, ubuntu22-d, 0.004995
2023-07-18T18:18:48.514, ubuntu22-d, 0.004799
2023-07-18T18:18:48.719, ubuntu22-d, 0.004807
2023-07-18T18:18:48.928, ubuntu22-b, 0.008859
2023-07-18T18:18:49.134, ubuntu22-d, 0.005253
2023-07-18T18:18:49.339, ubuntu22-d, 0.004854
2023-07-18T18:18:49.544, ubuntu22-d, 0.004976
2023-07-18T18:18:49.750, ubuntu22-d, 0.004990
2023-07-18T18:18:49.955, ubuntu22-d, 0.005328
2023-07-18T18:18:50.161, ubuntu22-d, 0.005444
2023-07-18T18:18:50.372, ubuntu22-d, 0.010034
2023-07-18T18:18:50.577, ubuntu22-d, 0.004842
2023-07-18T18:18:50.783, ubuntu22-d, 0.004978
2023-07-18T18:18:50.989, ubuntu22-d, 0.005637
2023-07-18T18:18:51.194, ubuntu22-d, 0.005118
2023-07-18T18:18:51.400, ubuntu22-d, 0.004964
2023-07-18T18:18:51.605, ubuntu22-d, 0.004800
2023-07-18T18:18:51.810, ubuntu22-d, 0.004961
2023-07-18T18:18:52.015, ubuntu22-d, 0.004844
2023-07-18T18:18:52.220, ubuntu22-d, 0.004896
2023-07-18T18:18:52.426, ubuntu22-d, 0.005129
2023-07-18T18:18:52.632, ubuntu22-d, 0.005503
2023-07-18T18:18:52.839, ubuntu22-d, 0.006585
2023-07-18T18:18:53.045, ubuntu22-d, 0.005535
2023-07-18T18:18:53.250, ubuntu22-d, 0.005085
2023-07-18T18:18:53.456, ubuntu22-d, 0.005491
2023-07-18T18:18:53.663, ubuntu22-d, 0.007032
2023-07-18T18:18:53.870, ubuntu22-d, 0.005904
2023-07-18T18:18:54.077, ubuntu22-d, 0.006421
2023-07-18T18:18:54.283, ubuntu22-d, 0.005462
2023-07-18T18:18:54.489, ubuntu22-d, 0.005616
2023-07-18T18:18:54.694, ubuntu22-d, 0.005466
2023-07-18T18:18:54.900, ubuntu22-d, 0.005530
2023-07-18T18:18:55.107, ubuntu22-d, 0.005796
2023-07-18T18:18:55.313, ubuntu22-d, 0.005649
2023-07-18T18:18:55.518, ubuntu22-d, 0.005152
2023-07-18T18:18:55.724, ubuntu22-d, 0.005502
2023-07-18T18:18:55.932, ubuntu22-d, 0.006462
2023-07-18T18:18:56.138, ubuntu22-d, 0.005921
2023-07-18T18:18:56.345, ubuntu22-d, 0.006649
2023-07-18T18:18:56.551, ubuntu22-d, 0.005488
2023-07-18T18:18:56.758, ubuntu22-d, 0.005758
2023-07-18T18:18:56.970, ubuntu22-d, 0.012183
2023-07-18T18:18:57.176, ubuntu22-d, 0.005517
2023-07-18T18:18:57.382, ubuntu22-d, 0.005163
2023-07-18T18:18:57.587, ubuntu22-d, 0.005149
2023-07-18T18:18:57.794, ubuntu22-b, 0.005749
2023-07-18T18:18:57.999, ubuntu22-d, 0.005198
2023-07-18T18:18:58.205, ubuntu22-b, 0.004986
2023-07-18T18:18:58.410, ubuntu22-b, 0.004972
2023-07-18T18:18:58.616, ubuntu22-b, 0.005044
2023-07-18T18:18:58.822, ubuntu22-b, 0.005486
2023-07-18T18:18:59.028, ubuntu22-d, 0.005596
2023-07-18T18:18:59.240, , 
2023-07-18T18:18:59.446, ubuntu22-b, 0.005773
2023-07-18T18:18:59.652, ubuntu22-b, 0.005070
2023-07-18T18:18:59.857, ubuntu22-b, 0.005103
2023-07-18T18:19:00.063, ubuntu22-b, 0.004943
2023-07-18T18:19:00.270, ubuntu22-b, 0.007180
2023-07-18T18:19:00.476, ubuntu22-b, 0.005785
2023-07-18T18:19:00.682, ubuntu22-b, 0.005557
2023-07-18T18:19:00.889, ubuntu22-b, 0.005697
2023-07-18T18:19:01.094, ubuntu22-b, 0.005167
2023-07-18T18:19:01.302, ubuntu22-b, 0.007127
2023-07-18T18:19:01.513, ubuntu22-b, 0.007799
2023-07-18T18:19:01.718, ubuntu22-b, 0.005179
2023-07-18T18:19:01.924, ubuntu22-b, 0.005190
2023-07-18T18:19:02.130, ubuntu22-b, 0.005314
2023-07-18T18:19:02.338, ubuntu22-b, 0.007983
2023-07-18T18:19:02.543, ubuntu22-b, 0.004940
2023-07-18T18:19:02.756, ubuntu22-b, 0.012167
2023-07-18T18:19:02.962, ubuntu22-b, 0.005567
2023-07-18T18:19:03.170, ubuntu22-b, 0.006807
2023-07-18T18:19:03.375, ubuntu22-b, 0.005292
2023-07-18T18:19:03.581, ubuntu22-b, 0.004978
2023-07-18T18:19:03.786, ubuntu22-b, 0.005177
2023-07-18T18:19:03.992, ubuntu22-b, 0.005372
2023-07-18T18:19:04.198, ubuntu22-b, 0.004987
2023-07-18T18:19:04.404, ubuntu22-b, 0.005593
2023-07-18T18:19:04.610, ubuntu22-b, 0.005429
2023-07-18T18:19:04.815, ubuntu22-b, 0.004928
2023-07-18T18:19:05.021, ubuntu22-b, 0.005421
2023-07-18T18:19:05.227, ubuntu22-b, 0.005531
2023-07-18T18:19:05.441, ubuntu22-b, 0.012654
2023-07-18T18:19:05.649, ubuntu22-b, 0.007481
2023-07-18T18:19:05.855, ubuntu22-d, 0.005693
2023-07-18T18:19:06.060, ubuntu22-b, 0.004994
2023-07-18T18:19:06.267, ubuntu22-d, 0.005875
2023-07-18T18:19:06.483, ubuntu22-b, 0.016232
2023-07-18T18:19:06.689, ubuntu22-b, 0.005111
2023-07-18T18:19:06.895, ubuntu22-b, 0.005371
2023-07-18T18:19:07.100, ubuntu22-d, 0.005366
2023-07-18T18:19:07.306, ubuntu22-d, 0.005170
2023-07-18T18:19:07.512, ubuntu22-d, 0.005194
2023-07-18T18:19:07.718, ubuntu22-d, 0.005098
2023-07-18T18:19:07.923, ubuntu22-d, 0.004917
2023-07-18T18:19:08.128, ubuntu22-d, 0.004950
2023-07-18T18:19:08.334, ubuntu22-d, 0.005264
2023-07-18T18:19:08.540, ubuntu22-d, 0.005469
2023-07-18T18:19:08.747, ubuntu22-d, 0.006353
2023-07-18T18:19:08.953, ubuntu22-d, 0.005204
2023-07-18T18:19:09.158, ubuntu22-d, 0.005005
2023-07-18T18:19:09.364, ubuntu22-d, 0.005147
2023-07-18T18:19:09.584, ubuntu22-d, 0.013169
2023-07-18T18:19:09.789, ubuntu22-d, 0.005013
2023-07-18T18:19:09.998, ubuntu22-d, 0.008557
2023-07-18T18:19:10.204, ubuntu22-d, 0.005224
2023-07-18T18:19:10.411, ubuntu22-d, 0.006823
2023-07-18T18:19:10.617, ubuntu22-d, 0.005143
2023-07-18T18:19:10.822, ubuntu22-d, 0.005289
2023-07-18T18:19:11.029, ubuntu22-d, 0.006181
2023-07-18T18:19:11.234, ubuntu22-d, 0.005259
2023-07-18T18:19:11.442, ubuntu22-d, 0.006678
2023-07-18T18:19:11.647, ubuntu22-d, 0.005341
2023-07-18T18:19:11.853, ubuntu22-d, 0.005201
2023-07-18T18:19:12.059, ubuntu22-d, 0.005283
2023-07-18T18:19:12.264, ubuntu22-d, 0.005103
2023-07-18T18:19:12.470, ubuntu22-d, 0.005088
2023-07-18T18:19:12.675, ubuntu22-d, 0.005119
2023-07-18T18:19:12.881, ubuntu22-d, 0.005370
2023-07-18T18:19:13.087, ubuntu22-d, 0.005271
2023-07-18T18:19:13.292, ubuntu22-d, 0.005449
2023-07-18T18:19:13.498, ubuntu22-d, 0.005243
2023-07-18T18:19:13.704, ubuntu22-d, 0.005039
2023-07-18T18:19:13.909, ubuntu22-d, 0.004634
2023-07-18T18:19:14.114, ubuntu22-d, 0.005374
2023-07-18T18:19:14.323, ubuntu22-d, 0.008010
2023-07-18T18:19:14.528, ubuntu22-d, 0.005136
2023-07-18T18:19:14.734, ubuntu22-d, 0.005388
2023-07-18T18:19:14.940, ubuntu22-d, 0.005069
2023-07-18T18:19:15.145, ubuntu22-d, 0.005298
2023-07-18T18:19:15.351, ubuntu22-d, 0.005329
2023-07-18T18:19:15.557, ubuntu22-d, 0.005150
2023-07-18T18:19:15.762, ubuntu22-d, 0.005120
2023-07-18T18:19:15.967, ubuntu22-d, 0.004752
2023-07-18T18:19:16.177, ubuntu22-d, 0.008729
2023-07-18T18:19:16.382, ubuntu22-d, 0.005434
2023-07-18T18:19:16.588, ubuntu22-d, 0.005216
2023-07-18T18:19:16.797, ubuntu22-b, 0.008964
2023-07-18T18:19:17.003, ubuntu22-d, 0.005452
2023-07-18T18:19:17.209, ubuntu22-b, 0.005160
2023-07-18T18:19:17.416, ubuntu22-d, 0.006652
2023-07-18T18:19:17.624, ubuntu22-b, 0.008028
2023-07-18T18:19:17.831, ubuntu22-b, 0.006220
2023-07-18T18:19:18.036, ubuntu22-b, 0.005129
2023-07-18T18:19:18.242, ubuntu22-b, 0.005041
2023-07-18T18:19:18.487, ubuntu22-b, 0.044672
2023-07-18T18:19:18.693, ubuntu22-b, 0.006317
2023-07-18T18:19:18.899, ubuntu22-b, 0.005177
2023-07-18T18:19:19.105, ubuntu22-b, 0.005292
2023-07-18T18:19:19.313, ubuntu22-b, 0.008203
2023-07-18T18:19:19.521, ubuntu22-b, 0.006794
2023-07-18T18:19:19.729, ubuntu22-b, 0.007760
2023-07-18T18:19:19.935, ubuntu22-b, 0.005553
2023-07-18T18:19:20.140, ubuntu22-b, 0.005381
2023-07-18T18:19:20.346, ubuntu22-b, 0.005341
2023-07-18T18:19:20.552, ubuntu22-b, 0.005384
2023-07-18T18:19:20.757, ubuntu22-b, 0.005226
2023-07-18T18:19:20.963, ubuntu22-b, 0.005208
2023-07-18T18:19:21.169, ubuntu22-b, 0.005274
2023-07-18T18:19:21.374, ubuntu22-b, 0.005214
2023-07-18T18:19:21.580, ubuntu22-b, 0.005590
2023-07-18T18:19:21.786, ubuntu22-b, 0.005280
2023-07-18T18:19:21.991, ubuntu22-b, 0.004956
2023-07-18T18:19:22.198, ubuntu22-b, 0.006031
2023-07-18T18:19:22.403, ubuntu22-b, 0.004989
2023-07-18T18:19:22.609, ubuntu22-b, 0.005127
2023-07-18T18:19:22.814, ubuntu22-b, 0.005090
2023-07-18T18:19:23.020, ubuntu22-b, 0.005229
2023-07-18T18:19:23.229, ubuntu22-b, 0.009109
2023-07-18T18:19:23.435, ubuntu22-b, 0.004830
2023-07-18T18:19:23.641, ubuntu22-d, 0.005519
2023-07-18T18:19:23.846, ubuntu22-d, 0.005100
2023-07-18T18:19:24.052, ubuntu22-b, 0.004920
2023-07-18T18:19:24.256, ubuntu22-b, 0.004665
2023-07-18T18:19:24.462, ubuntu22-d, 0.005533
2023-07-18T18:19:24.668, ubuntu22-d, 0.004929
2023-07-18T18:19:24.873, ubuntu22-b, 0.004817
2023-07-18T18:19:25.078, ubuntu22-b, 0.004843
2023-07-18T18:19:25.290, ubuntu22-d, 0.010943
2023-07-18T18:19:25.529, , 
2023-07-18T18:19:25.735, ubuntu22-d, 0.005239
2023-07-18T18:19:25.941, ubuntu22-d, 0.005515
2023-07-18T18:19:26.148, ubuntu22-d, 0.006515
2023-07-18T18:19:26.353, ubuntu22-d, 0.005534
2023-07-18T18:19:26.559, ubuntu22-d, 0.005383
2023-07-18T18:19:26.765, ubuntu22-d, 0.005128
2023-07-18T18:19:26.970, ubuntu22-d, 0.005352
2023-07-18T18:19:27.177, ubuntu22-d, 0.005850
2023-07-18T18:19:27.383, ubuntu22-d, 0.005966
2023-07-18T18:19:27.588, ubuntu22-d, 0.005136
2023-07-18T18:19:27.795, ubuntu22-d, 0.006357
2023-07-18T18:19:28.001, ubuntu22-d, 0.004925
2023-07-18T18:19:28.206, ubuntu22-d, 0.004959
2023-07-18T18:19:28.412, ubuntu22-d, 0.005656
2023-07-18T18:19:28.618, ubuntu22-d, 0.005080
2023-07-18T18:19:28.823, ubuntu22-d, 0.005147
2023-07-18T18:19:29.030, ubuntu22-d, 0.006639
2023-07-18T18:19:29.236, ubuntu22-d, 0.005297
2023-07-18T18:19:29.443, ubuntu22-d, 0.007231
2023-07-18T18:19:29.649, ubuntu22-d, 0.005264
2023-07-18T18:19:29.855, ubuntu22-d, 0.005647
2023-07-18T18:19:30.061, ubuntu22-d, 0.005589
2023-07-18T18:19:30.272, ubuntu22-d, 0.010961
2023-07-18T18:19:30.479, ubuntu22-d, 0.005982
2023-07-18T18:19:30.685, ubuntu22-d, 0.005649
2023-07-18T18:19:30.890, ubuntu22-d, 0.005367
2023-07-18T18:19:31.097, ubuntu22-d, 0.006270
2023-07-18T18:19:31.303, ubuntu22-d, 0.005642
2023-07-18T18:19:31.509, ubuntu22-d, 0.005513
2023-07-18T18:19:31.715, ubuntu22-d, 0.005467
2023-07-18T18:19:31.920, ubuntu22-d, 0.005023
2023-07-18T18:19:32.126, ubuntu22-d, 0.004960
2023-07-18T18:19:32.331, ubuntu22-d, 0.005212
2023-07-18T18:19:32.538, ubuntu22-d, 0.005488
2023-07-18T18:19:32.743, ubuntu22-d, 0.004817
2023-07-18T18:19:32.948, ubuntu22-d, 0.004709
2023-07-18T18:19:33.153, ubuntu22-d, 0.004561
2023-07-18T18:19:33.359, ubuntu22-d, 0.004967
2023-07-18T18:19:33.564, ubuntu22-d, 0.004759
2023-07-18T18:19:33.769, ubuntu22-d, 0.005202
2023-07-18T18:19:33.974, ubuntu22-d, 0.004813
2023-07-18T18:19:34.182, ubuntu22-d, 0.007441
2023-07-18T18:19:34.389, ubuntu22-d, 0.006054
2023-07-18T18:19:34.595, ubuntu22-b, 0.005091
2023-07-18T18:19:34.800, ubuntu22-d, 0.005051
2023-07-18T18:19:35.006, ubuntu22-d, 0.005834
2023-07-18T18:19:35.212, ubuntu22-b, 0.005122
2023-07-18T18:19:35.418, ubuntu22-d, 0.005969
2023-07-18T18:19:35.625, ubuntu22-d, 0.006375
2023-07-18T18:19:35.831, ubuntu22-b, 0.005768
2023-07-18T18:19:36.038, ubuntu22-b, 0.006351
2023-07-18T18:19:36.266, ubuntu22-b, 0.027230
2023-07-18T18:19:36.478, ubuntu22-b, 0.011566
2023-07-18T18:19:36.686, ubuntu22-b, 0.007548
2023-07-18T18:19:36.918, ubuntu22-b, 0.031878
2023-07-18T18:19:37.127, ubuntu22-b, 0.008676
2023-07-18T18:19:37.333, ubuntu22-b, 0.005359
2023-07-18T18:19:37.539, ubuntu22-b, 0.005600
2023-07-18T18:19:37.745, ubuntu22-b, 0.005972
2023-07-18T18:19:37.951, ubuntu22-b, 0.005692
2023-07-18T18:19:38.183, ubuntu22-b, 0.031478
2023-07-18T18:19:38.406, ubuntu22-b, 0.022749
2023-07-18T18:19:38.611, ubuntu22-b, 0.004648
2023-07-18T18:19:38.817, ubuntu22-b, 0.004690
2023-07-18T18:19:39.022, ubuntu22-b, 0.004939
2023-07-18T18:19:39.227, ubuntu22-b, 0.004794
2023-07-18T18:19:39.437, ubuntu22-b, 0.009617
2023-07-18T18:19:39.643, ubuntu22-b, 0.005323
2023-07-18T18:19:39.848, ubuntu22-b, 0.004932
2023-07-18T18:19:40.053, ubuntu22-b, 0.004887
2023-07-18T18:19:40.259, ubuntu22-b, 0.005410
2023-07-18T18:19:40.464, ubuntu22-b, 0.004606
2023-07-18T18:19:40.669, ubuntu22-b, 0.004778
2023-07-18T18:19:40.875, ubuntu22-b, 0.005437
2023-07-18T18:19:41.081, ubuntu22-b, 0.004907
2023-07-18T18:19:41.286, ubuntu22-b, 0.005071
2023-07-18T18:19:41.494, ubuntu22-b, 0.007225
2023-07-18T18:19:41.699, ubuntu22-b, 0.005162
2023-07-18T18:19:41.905, ubuntu22-b, 0.005137
2023-07-18T18:19:42.110, ubuntu22-b, 0.004759
2023-07-18T18:19:42.315, ubuntu22-b, 0.004735
2023-07-18T18:19:42.521, ubuntu22-d, 0.005588
2023-07-18T18:19:42.726, ubuntu22-d, 0.005054
2023-07-18T18:19:42.932, ubuntu22-d, 0.005098
2023-07-18T18:19:43.138, ubuntu22-d, 0.005414
2023-07-18T18:19:43.343, ubuntu22-d, 0.005281
2023-07-18T18:19:43.549, ubuntu22-d, 0.005201
2023-07-18T18:19:43.757, ubuntu22-d, 0.007626
2023-07-18T18:19:43.963, ubuntu22-d, 0.005660
2023-07-18T18:19:44.169, ubuntu22-d, 0.005317
2023-07-18T18:19:44.375, ubuntu22-d, 0.005192
2023-07-18T18:19:44.580, ubuntu22-d, 0.005086
2023-07-18T18:19:44.786, ubuntu22-d, 0.005150
2023-07-18T18:19:44.991, ubuntu22-d, 0.005034
2023-07-18T18:19:45.199, ubuntu22-d, 0.007336
2023-07-18T18:19:45.404, ubuntu22-d, 0.005385
2023-07-18T18:19:45.610, ubuntu22-d, 0.005046
2023-07-18T18:19:45.817, ubuntu22-d, 0.007064
2023-07-18T18:19:46.023, ubuntu22-d, 0.005461
2023-07-18T18:19:46.229, ubuntu22-d, 0.005556
2023-07-18T18:19:46.435, ubuntu22-d, 0.005481
2023-07-18T18:19:46.641, ubuntu22-d, 0.005348
2023-07-18T18:19:46.846, ubuntu22-d, 0.005174
2023-07-18T18:19:47.052, ubuntu22-d, 0.005412
2023-07-18T18:19:47.258, ubuntu22-d, 0.005392
2023-07-18T18:19:47.467, ubuntu22-d, 0.008933
2023-07-18T18:19:47.673, ubuntu22-d, 0.005547
2023-07-18T18:19:47.881, ubuntu22-d, 0.007128
2023-07-18T18:19:48.087, ubuntu22-d, 0.006055
2023-07-18T18:19:48.293, ubuntu22-d, 0.005283
2023-07-18T18:19:48.498, ubuntu22-d, 0.005452
2023-07-18T18:19:48.704, ubuntu22-d, 0.005332
2023-07-18T18:19:48.910, ubuntu22-d, 0.005373
2023-07-18T18:19:49.116, ubuntu22-d, 0.005531
2023-07-18T18:19:49.321, ubuntu22-d, 0.004987
2023-07-18T18:19:49.527, ubuntu22-d, 0.004960
2023-07-18T18:19:49.732, ubuntu22-d, 0.004966
2023-07-18T18:19:49.937, ubuntu22-d, 0.005048
2023-07-18T18:19:50.143, ubuntu22-d, 0.004896
2023-07-18T18:19:50.351, ubuntu22-d, 0.008079
2023-07-18T18:19:50.556, ubuntu22-d, 0.004734
2023-07-18T18:19:50.762, ubuntu22-d, 0.004911
2023-07-18T18:19:50.967, ubuntu22-d, 0.004965
2023-07-18T18:19:51.172, ubuntu22-d, 0.004864
2023-07-18T18:19:51.377, ubuntu22-d, 0.004772
2023-07-18T18:19:51.586, ubuntu22-d, 0.007956
2023-07-18T18:19:51.792, ubuntu22-b, 0.005248
2023-07-18T18:19:51.997, ubuntu22-d, 0.005092
2023-07-18T18:19:52.202, ubuntu22-d, 0.004701
2023-07-18T18:19:52.407, ubuntu22-d, 0.004721
2023-07-18T18:19:52.612, ubuntu22-d, 0.004591
2023-07-18T18:19:52.817, ubuntu22-b, 0.004736
2023-07-18T18:19:53.023, ubuntu22-b, 0.004813
2023-07-18T18:19:53.230, ubuntu22-b, 0.006463
2023-07-18T18:19:53.438, ubuntu22-b, 0.007660
2023-07-18T18:19:53.657, ubuntu22-b, 0.019190
2023-07-18T18:19:53.893, ubuntu22-b, 0.035206
2023-07-18T18:19:54.102, ubuntu22-b, 0.008601
2023-07-18T18:19:54.307, ubuntu22-b, 0.004871
2023-07-18T18:19:54.512, ubuntu22-b, 0.004855
2023-07-18T18:19:54.717, ubuntu22-b, 0.005086
2023-07-18T18:19:54.923, ubuntu22-b, 0.004825
2023-07-18T18:19:55.128, ubuntu22-b, 0.005120
2023-07-18T18:19:55.334, ubuntu22-b, 0.005111
2023-07-18T18:19:55.539, ubuntu22-b, 0.005055
2023-07-18T18:19:55.744, ubuntu22-b, 0.005049
2023-07-18T18:19:55.950, ubuntu22-b, 0.004875
2023-07-18T18:19:56.156, ubuntu22-b, 0.005364
2023-07-18T18:19:56.361, ubuntu22-b, 0.004862
2023-07-18T18:19:56.566, ubuntu22-b, 0.005067
2023-07-18T18:19:56.772, ubuntu22-b, 0.005183
2023-07-18T18:19:56.979, ubuntu22-b, 0.006218
2023-07-18T18:19:57.184, ubuntu22-b, 0.004832
2023-07-18T18:19:57.390, ubuntu22-b, 0.005177
2023-07-18T18:19:57.596, ubuntu22-b, 0.005622
2023-07-18T18:19:57.801, ubuntu22-b, 0.004997
2023-07-18T18:19:58.006, ubuntu22-b, 0.004955
2023-07-18T18:19:58.212, ubuntu22-b, 0.004818
2023-07-18T18:19:58.417, ubuntu22-b, 0.005101
2023-07-18T18:19:58.622, ubuntu22-b, 0.005013
2023-07-18T18:19:58.829, ubuntu22-b, 0.005840
2023-07-18T18:19:59.034, ubuntu22-b, 0.005210
2023-07-18T18:19:59.239, ubuntu22-b, 0.004980
2023-07-18T18:19:59.445, ubuntu22-d, 0.004969
2023-07-18T18:19:59.650, ubuntu22-d, 0.004739
2023-07-18T18:19:59.855, ubuntu22-b, 0.005177
2023-07-18T18:20:00.061, ubuntu22-d, 0.004979
2023-07-18T18:20:00.269, ubuntu22-d, 0.007841
2023-07-18T18:20:00.474, ubuntu22-b, 0.004853
2023-07-18T18:20:00.681, ubuntu22-d, 0.006369
2023-07-18T18:20:00.886, ubuntu22-d, 0.005091
2023-07-18T18:20:01.091, ubuntu22-d, 0.004633
2023-07-18T18:20:01.297, ubuntu22-d, 0.004913
2023-07-18T18:20:01.507, ubuntu22-d, 0.009923
2023-07-18T18:20:01.712, ubuntu22-d, 0.005034
2023-07-18T18:20:01.917, ubuntu22-d, 0.004940
2023-07-18T18:20:02.122, ubuntu22-d, 0.004611
2023-07-18T18:20:02.330, ubuntu22-d, 0.007116
2023-07-18T18:20:02.535, ubuntu22-d, 0.004751
2023-07-18T18:20:02.740, ubuntu22-d, 0.004560
2023-07-18T18:20:02.946, ubuntu22-d, 0.005167
2023-07-18T18:20:03.151, ubuntu22-d, 0.004942
2023-07-18T18:20:03.356, ubuntu22-d, 0.004989
2023-07-18T18:20:03.562, ubuntu22-d, 0.004938
2023-07-18T18:20:03.767, ubuntu22-d, 0.004930
2023-07-18T18:20:03.972, ubuntu22-d, 0.004866
2023-07-18T18:20:04.178, ubuntu22-d, 0.004963
2023-07-18T18:20:04.383, ubuntu22-d, 0.005499
2023-07-18T18:20:04.594, ubuntu22-d, 0.009791
2023-07-18T18:20:04.799, ubuntu22-d, 0.004835
2023-07-18T18:20:05.005, ubuntu22-d, 0.005127
2023-07-18T18:20:05.210, ubuntu22-d, 0.004849
2023-07-18T18:20:05.415, ubuntu22-d, 0.004771
2023-07-18T18:20:05.620, ubuntu22-d, 0.004656
2023-07-18T18:20:05.825, ubuntu22-d, 0.005091
2023-07-18T18:20:06.031, ubuntu22-d, 0.005081
2023-07-18T18:20:06.237, ubuntu22-d, 0.005818
2023-07-18T18:20:06.443, ubuntu22-d, 0.004978
2023-07-18T18:20:06.648, ubuntu22-d, 0.005190
2023-07-18T18:20:06.853, ubuntu22-d, 0.005079
2023-07-18T18:20:07.059, ubuntu22-d, 0.004864
2023-07-18T18:20:07.264, ubuntu22-d, 0.004864
2023-07-18T18:20:07.469, ubuntu22-d, 0.004890
2023-07-18T18:20:07.674, ubuntu22-d, 0.004704
2023-07-18T18:20:07.880, ubuntu22-d, 0.005022
2023-07-18T18:20:08.085, ubuntu22-d, 0.004917
2023-07-18T18:20:08.290, ubuntu22-d, 0.004826
2023-07-18T18:20:08.495, ubuntu22-d, 0.004894
2023-07-18T18:20:08.702, ubuntu22-d, 0.006747
2023-07-18T18:20:08.908, ubuntu22-b, 0.005206
2023-07-18T18:20:09.114, ubuntu22-d, 0.005152
2023-07-18T18:20:09.322, ubuntu22-b, 0.007865
2023-07-18T18:20:09.527, ubuntu22-d, 0.005115
2023-07-18T18:20:09.732, ubuntu22-d, 0.004941
2023-07-18T18:20:09.938, ubuntu22-b, 0.005023
2023-07-18T18:20:10.143, ubuntu22-d, 0.004983
2023-07-18T18:20:10.350, ubuntu22-b, 0.005625
2023-07-18T18:20:10.556, ubuntu22-b, 0.006074
2023-07-18T18:20:10.762, ubuntu22-b, 0.005905
2023-07-18T18:20:10.968, ubuntu22-b, 0.005413
2023-07-18T18:20:11.176, ubuntu22-b, 0.007701
2023-07-18T18:20:11.382, ubuntu22-b, 0.005476
2023-07-18T18:20:11.588, ubuntu22-b, 0.005461
2023-07-18T18:20:11.794, ubuntu22-b, 0.005551
2023-07-18T18:20:11.999, ubuntu22-b, 0.005167
2023-07-18T18:20:12.206, ubuntu22-b, 0.006307
2023-07-18T18:20:12.412, ubuntu22-b, 0.005699
2023-07-18T18:20:12.618, ubuntu22-b, 0.005531
2023-07-18T18:20:12.823, ubuntu22-b, 0.004960
2023-07-18T18:20:13.033, ubuntu22-b, 0.009845
2023-07-18T18:20:13.239, ubuntu22-b, 0.005182
2023-07-18T18:20:13.444, ubuntu22-b, 0.004934
2023-07-18T18:20:13.650, ubuntu22-b, 0.005222
2023-07-18T18:20:13.856, ubuntu22-b, 0.005224
2023-07-18T18:20:14.061, ubuntu22-b, 0.005143
2023-07-18T18:20:14.267, ubuntu22-b, 0.005398
2023-07-18T18:20:14.472, ubuntu22-b, 0.005227
2023-07-18T18:20:14.678, ubuntu22-b, 0.005703
2023-07-18T18:20:14.884, ubuntu22-b, 0.005326
2023-07-18T18:20:15.092, ubuntu22-b, 0.007186
2023-07-18T18:20:15.297, ubuntu22-b, 0.005025
2023-07-18T18:20:15.506, ubuntu22-b, 0.007917
2023-07-18T18:20:15.712, ubuntu22-b, 0.005835
2023-07-18T18:20:15.918, ubuntu22-b, 0.005283
2023-07-18T18:20:16.124, ubuntu22-c, 0.006214
2023-07-18T18:20:16.330, ubuntu22-b, 0.005242
2023-07-18T18:20:16.537, ubuntu22-b, 0.007176
2023-07-18T18:20:16.742, , 
2023-07-18T18:20:16.948, ubuntu22-c, 0.005655
2023-07-18T18:20:17.157, ubuntu22-c, 0.009331
2023-07-18T18:20:17.363, ubuntu22-c, 0.005459
2023-07-18T18:20:17.569, ubuntu22-c, 0.005439
2023-07-18T18:20:17.775, ubuntu22-c, 0.005416
2023-07-18T18:20:17.981, ubuntu22-c, 0.005294
2023-07-18T18:20:18.187, ubuntu22-c, 0.005470
2023-07-18T18:20:18.392, ubuntu22-c, 0.005247
2023-07-18T18:20:18.598, ubuntu22-c, 0.005447
2023-07-18T18:20:18.804, ubuntu22-c, 0.005631
2023-07-18T18:20:19.010, ubuntu22-c, 0.005482
2023-07-18T18:20:19.215, ubuntu22-c, 0.005112
2023-07-18T18:20:19.421, ubuntu22-c, 0.005160
2023-07-18T18:20:19.626, ubuntu22-c, 0.005373
2023-07-18T18:20:19.832, ubuntu22-c, 0.005573
2023-07-18T18:20:20.038, ubuntu22-c, 0.005497
2023-07-18T18:20:20.244, ubuntu22-c, 0.005585
2023-07-18T18:20:20.450, ubuntu22-c, 0.005599
2023-07-18T18:20:20.656, ubuntu22-c, 0.005221
2023-07-18T18:20:20.864, ubuntu22-c, 0.007138
2023-07-18T18:20:21.069, ubuntu22-c, 0.005255
2023-07-18T18:20:21.275, ubuntu22-c, 0.005169
2023-07-18T18:20:21.480, ubuntu22-c, 0.005414
2023-07-18T18:20:21.686, ubuntu22-c, 0.005382
2023-07-18T18:20:21.892, ubuntu22-c, 0.005346
2023-07-18T18:20:22.098, ubuntu22-c, 0.005483
2023-07-18T18:20:22.304, ubuntu22-c, 0.005313
2023-07-18T18:20:22.509, ubuntu22-c, 0.005096
2023-07-18T18:20:22.715, ubuntu22-c, 0.005461
2023-07-18T18:20:22.921, ubuntu22-c, 0.005449
2023-07-18T18:20:23.127, ubuntu22-c, 0.005395
2023-07-18T18:20:23.334, ubuntu22-c, 0.006560
2023-07-18T18:20:23.539, ubuntu22-c, 0.005077
2023-07-18T18:20:23.745, ubuntu22-c, 0.005166
2023-07-18T18:20:23.951, ubuntu22-c, 0.005492
2023-07-18T18:20:24.159, ubuntu22-c, 0.008295
2023-07-18T18:20:24.365, ubuntu22-c, 0.005582
2023-07-18T18:20:24.571, ubuntu22-c, 0.005049
2023-07-18T18:20:24.777, ubuntu22-c, 0.005282
2023-07-18T18:20:24.983, ubuntu22-c, 0.005530
2023-07-18T18:20:25.188, ubuntu22-c, 0.005221
2023-07-18T18:20:25.394, ubuntu22-c, 0.005522
2023-07-18T18:20:25.600, ubuntu22-c, 0.005389
2023-07-18T18:20:25.805, ubuntu22-c, 0.005420
2023-07-18T18:20:26.011, ubuntu22-c, 0.005470
2023-07-18T18:20:26.217, ubuntu22-c, 0.005334
2023-07-18T18:20:26.423, ubuntu22-c, 0.005099
2023-07-18T18:20:26.628, ubuntu22-c, 0.004940
2023-07-18T18:20:26.834, ubuntu22-c, 0.005585
2023-07-18T18:20:27.040, ubuntu22-c, 0.005792
2023-07-18T18:20:27.246, ubuntu22-c, 0.005224
2023-07-18T18:20:27.451, ubuntu22-c, 0.004858
2023-07-18T18:20:27.657, ubuntu22-c, 0.005322
2023-07-18T18:20:27.862, ubuntu22-c, 0.005274
2023-07-18T18:20:28.068, ubuntu22-b, 0.005466
2023-07-18T18:20:28.274, ubuntu22-b, 0.004984
2023-07-18T18:20:28.484, ubuntu22-b, 0.010452
2023-07-18T18:20:28.691, ubuntu22-b, 0.005936
2023-07-18T18:20:28.897, ubuntu22-c, 0.005632
2023-07-18T18:20:29.103, ubuntu22-b, 0.005942
2023-07-18T18:20:29.309, ubuntu22-b, 0.005799
2023-07-18T18:20:29.515, ubuntu22-b, 0.004949
2023-07-18T18:20:29.720, ubuntu22-b, 0.005022
2023-07-18T18:20:29.925, ubuntu22-b, 0.005049
2023-07-18T18:20:30.134, ubuntu22-b, 0.007841
2023-07-18T18:20:30.350, ubuntu22-b, 0.015901
2023-07-18T18:20:30.556, ubuntu22-b, 0.005411
2023-07-18T18:20:30.764, ubuntu22-b, 0.007915
2023-07-18T18:20:30.969, ubuntu22-b, 0.004983
2023-07-18T18:20:31.175, ubuntu22-b, 0.005642
2023-07-18T18:20:31.381, ubuntu22-b, 0.005238
2023-07-18T18:20:31.587, ubuntu22-b, 0.005474
2023-07-18T18:20:31.792, ubuntu22-b, 0.004747
2023-07-18T18:20:31.997, ubuntu22-b, 0.005102
2023-07-18T18:20:32.203, ubuntu22-b, 0.004780
2023-07-18T18:20:32.409, ubuntu22-b, 0.006298
2023-07-18T18:20:32.626, ubuntu22-b, 0.015937
2023-07-18T18:20:32.831, ubuntu22-b, 0.004844
2023-07-18T18:20:33.037, ubuntu22-b, 0.005982
2023-07-18T18:20:33.242, ubuntu22-b, 0.004858
2023-07-18T18:20:33.448, ubuntu22-b, 0.005331
2023-07-18T18:20:33.653, ubuntu22-b, 0.005147
2023-07-18T18:20:33.859, ubuntu22-c, 0.005465
2023-07-18T18:20:34.065, ubuntu22-b, 0.005142
2023-07-18T18:20:34.270, ubuntu22-b, 0.004445
2023-07-18T18:20:34.475, ubuntu22-c, 0.004886
2023-07-18T18:20:34.683, ubuntu22-b, 0.007261
2023-07-18T18:20:34.888, ubuntu22-c, 0.005075
2023-07-18T18:20:35.094, ubuntu22-c, 0.005474
2023-07-18T18:20:35.311, ubuntu22-c, 0.016757
2023-07-18T18:20:35.517, ubuntu22-c, 0.005153
2023-07-18T18:20:35.723, ubuntu22-c, 0.005861
2023-07-18T18:20:35.929, ubuntu22-c, 0.005166
2023-07-18T18:20:36.134, ubuntu22-c, 0.005395
2023-07-18T18:20:36.340, ubuntu22-c, 0.005300
2023-07-18T18:20:36.545, ubuntu22-c, 0.004851
2023-07-18T18:20:36.750, ubuntu22-c, 0.004729
2023-07-18T18:20:36.956, ubuntu22-c, 0.005006
2023-07-18T18:20:37.161, ubuntu22-c, 0.004914
2023-07-18T18:20:37.367, ubuntu22-c, 0.004882
2023-07-18T18:20:37.573, ubuntu22-c, 0.004819
2023-07-18T18:20:37.778, ubuntu22-c, 0.004805
2023-07-18T18:20:37.983, ubuntu22-c, 0.004823
2023-07-18T18:20:38.188, ubuntu22-c, 0.004987
2023-07-18T18:20:38.394, ubuntu22-c, 0.004883
2023-07-18T18:20:38.599, ubuntu22-c, 0.004951
2023-07-18T18:20:38.804, ubuntu22-c, 0.004996
2023-07-18T18:20:39.013, ubuntu22-c, 0.008474
2023-07-18T18:20:39.218, ubuntu22-c, 0.004772
2023-07-18T18:20:39.423, ubuntu22-c, 0.004746
2023-07-18T18:20:39.629, ubuntu22-c, 0.004742
2023-07-18T18:20:39.834, ubuntu22-c, 0.005163
2023-07-18T18:20:40.039, ubuntu22-c, 0.004961
2023-07-18T18:20:40.245, ubuntu22-c, 0.004790
2023-07-18T18:20:40.450, ubuntu22-c, 0.004819
2023-07-18T18:20:40.655, ubuntu22-c, 0.004622
2023-07-18T18:20:40.860, ubuntu22-c, 0.004907
2023-07-18T18:20:41.066, ubuntu22-c, 0.004832
2023-07-18T18:20:41.271, ubuntu22-d, 0.005256
2023-07-18T18:20:41.476, ubuntu22-c, 0.004783
2023-07-18T18:20:41.685, ubuntu22-d, 0.008285
2023-07-18T18:20:41.891, ubuntu22-c, 0.005044
2023-07-18T18:20:42.096, ubuntu22-c, 0.005346
2023-07-18T18:20:42.303, ubuntu22-d, 0.006095
2023-07-18T18:20:42.508, ubuntu22-c, 0.005260
2023-07-18T18:20:42.713, ubuntu22-c, 0.004843
2023-07-18T18:20:42.918, , 
2023-07-18T18:20:43.124, ubuntu22-d, 0.005404
2023-07-18T18:20:43.331, ubuntu22-d, 0.006209
2023-07-18T18:20:43.536, ubuntu22-d, 0.005490
2023-07-18T18:20:43.742, ubuntu22-d, 0.005284
2023-07-18T18:20:43.948, ubuntu22-d, 0.005787
2023-07-18T18:20:44.154, ubuntu22-d, 0.005730
2023-07-18T18:20:44.360, ubuntu22-d, 0.004959
2023-07-18T18:20:44.565, ubuntu22-d, 0.004745
2023-07-18T18:20:44.770, ubuntu22-d, 0.004733
2023-07-18T18:20:44.975, ubuntu22-d, 0.004864
2023-07-18T18:20:45.181, ubuntu22-d, 0.005137
2023-07-18T18:20:45.386, ubuntu22-d, 0.004875
2023-07-18T18:20:45.591, ubuntu22-d, 0.004985
2023-07-18T18:20:45.797, ubuntu22-d, 0.004790
2023-07-18T18:20:46.002, ubuntu22-d, 0.005481
2023-07-18T18:20:46.208, ubuntu22-d, 0.004942
2023-07-18T18:20:46.413, ubuntu22-d, 0.005036
2023-07-18T18:20:46.618, ubuntu22-d, 0.004787
2023-07-18T18:20:46.826, ubuntu22-d, 0.007431
2023-07-18T18:20:47.032, ubuntu22-d, 0.005032
2023-07-18T18:20:47.237, ubuntu22-d, 0.004889
2023-07-18T18:20:47.442, ubuntu22-d, 0.004958
2023-07-18T18:20:47.648, ubuntu22-d, 0.004824
2023-07-18T18:20:47.853, ubuntu22-d, 0.005180
2023-07-18T18:20:48.063, ubuntu22-d, 0.009430
2023-07-18T18:20:48.268, ubuntu22-d, 0.004750
2023-07-18T18:20:48.474, ubuntu22-d, 0.004903
2023-07-18T18:20:48.679, ubuntu22-d, 0.004943
2023-07-18T18:20:48.884, ubuntu22-d, 0.005063
2023-07-18T18:20:49.090, ubuntu22-d, 0.005031
2023-07-18T18:20:49.295, ubuntu22-d, 0.005006
2023-07-18T18:20:49.501, ubuntu22-d, 0.004940
2023-07-18T18:20:49.706, ubuntu22-d, 0.004995
2023-07-18T18:20:49.915, ubuntu22-d, 0.008666
2023-07-18T18:20:50.121, ubuntu22-c, 0.005504
2023-07-18T18:20:50.326, ubuntu22-c, 0.004772
2023-07-18T18:20:50.532, ubuntu22-c, 0.005162
2023-07-18T18:20:50.737, ubuntu22-c, 0.005058
2023-07-18T18:20:50.942, ubuntu22-c, 0.005108
2023-07-18T18:20:51.148, ubuntu22-c, 0.004920
2023-07-18T18:20:51.353, ubuntu22-c, 0.004893
2023-07-18T18:20:51.558, ubuntu22-c, 0.005078
2023-07-18T18:20:51.764, ubuntu22-c, 0.005139
2023-07-18T18:20:51.969, ubuntu22-c, 0.004717
2023-07-18T18:20:52.174, ubuntu22-c, 0.004864
2023-07-18T18:20:52.379, ubuntu22-c, 0.005020
2023-07-18T18:20:52.585, ubuntu22-c, 0.004737
2023-07-18T18:20:52.790, ubuntu22-c, 0.004740
2023-07-18T18:20:52.995, ubuntu22-c, 0.004842
2023-07-18T18:20:53.200, ubuntu22-c, 0.004911
2023-07-18T18:20:53.406, ubuntu22-c, 0.005318
2023-07-18T18:20:53.611, ubuntu22-c, 0.004833
2023-07-18T18:20:53.816, ubuntu22-c, 0.004878
2023-07-18T18:20:54.021, ubuntu22-c, 0.005067
2023-07-18T18:20:54.227, ubuntu22-c, 0.005283
2023-07-18T18:20:54.433, ubuntu22-c, 0.004970
2023-07-18T18:20:54.640, ubuntu22-c, 0.006518
2023-07-18T18:20:54.846, ubuntu22-c, 0.005517
2023-07-18T18:20:55.054, ubuntu22-c, 0.007737
2023-07-18T18:20:55.259, ubuntu22-c, 0.004985
2023-07-18T18:20:55.464, ubuntu22-c, 0.004911
2023-07-18T18:20:55.670, ubuntu22-c, 0.004969
2023-07-18T18:20:55.875, ubuntu22-c, 0.004990
2023-07-18T18:20:56.081, ubuntu22-c, 0.005007
2023-07-18T18:20:56.286, ubuntu22-c, 0.005012
2023-07-18T18:20:56.491, ubuntu22-c, 0.005109
2023-07-18T18:20:56.699, ubuntu22-c, 0.006443
2023-07-18T18:20:56.904, ubuntu22-c, 0.005031
2023-07-18T18:20:57.109, ubuntu22-c, 0.004997
2023-07-18T18:20:57.315, ubuntu22-c, 0.005597
2023-07-18T18:20:57.521, ubuntu22-c, 0.004929
2023-07-18T18:20:57.726, ubuntu22-c, 0.005457
2023-07-18T18:20:57.932, ubuntu22-c, 0.005123
2023-07-18T18:20:58.137, ubuntu22-c, 0.004930
2023-07-18T18:20:58.343, ubuntu22-c, 0.005053
2023-07-18T18:20:58.549, ubuntu22-c, 0.005966
2023-07-18T18:20:58.754, ubuntu22-c, 0.005076
2023-07-18T18:20:58.960, ubuntu22-c, 0.005175
2023-07-18T18:20:59.165, ubuntu22-c, 0.005086
2023-07-18T18:20:59.371, ubuntu22-c, 0.005098
2023-07-18T18:20:59.576, ubuntu22-c, 0.005203
2023-07-18T18:20:59.782, ubuntu22-c, 0.004848
2023-07-18T18:20:59.987, ubuntu22-c, 0.004945
2023-07-18T18:21:00.193, ubuntu22-c, 0.005112
2023-07-18T18:21:00.398, ubuntu22-c, 0.005041
2023-07-18T18:21:00.603, ubuntu22-c, 0.005009
2023-07-18T18:21:00.809, ubuntu22-c, 0.004990
2023-07-18T18:21:01.014, ubuntu22-b, 0.005370
2023-07-18T18:21:01.220, ubuntu22-c, 0.004934
2023-07-18T18:21:01.425, ubuntu22-b, 0.004878
2023-07-18T18:21:01.630, ubuntu22-c, 0.004976
2023-07-18T18:21:01.836, ubuntu22-c, 0.005143
2023-07-18T18:21:02.040, , 
2023-07-18T18:21:02.247, ubuntu22-b, 0.006404
2023-07-18T18:21:02.453, ubuntu22-b, 0.005223
2023-07-18T18:21:02.662, ubuntu22-b, 0.008705
2023-07-18T18:21:02.885, ubuntu22-b, 0.023540
2023-07-18T18:21:03.091, ubuntu22-b, 0.004918
2023-07-18T18:21:03.296, ubuntu22-b, 0.004673
2023-07-18T18:21:03.501, ubuntu22-b, 0.004778
2023-07-18T18:21:03.706, ubuntu22-b, 0.005013
2023-07-18T18:21:03.912, ubuntu22-b, 0.004817
2023-07-18T18:21:04.117, ubuntu22-b, 0.005347
2023-07-18T18:21:04.323, ubuntu22-b, 0.005425
2023-07-18T18:21:04.528, ubuntu22-b, 0.004773
2023-07-18T18:21:04.733, ubuntu22-b, 0.005041
2023-07-18T18:21:04.939, ubuntu22-b, 0.004906
2023-07-18T18:21:05.145, ubuntu22-b, 0.006243
2023-07-18T18:21:05.351, ubuntu22-b, 0.005015
2023-07-18T18:21:05.556, ubuntu22-b, 0.005077
2023-07-18T18:21:05.761, ubuntu22-b, 0.004747
2023-07-18T18:21:05.967, ubuntu22-b, 0.005039
2023-07-18T18:21:06.172, ubuntu22-b, 0.004711
2023-07-18T18:21:06.377, ubuntu22-b, 0.004910
2023-07-18T18:21:06.606, ubuntu22-b, 0.027821
2023-07-18T18:21:06.811, ubuntu22-b, 0.005020
2023-07-18T18:21:07.016, ubuntu22-b, 0.004943
2023-07-18T18:21:07.222, ubuntu22-b, 0.005332
2023-07-18T18:21:07.427, ubuntu22-b, 0.005005
2023-07-18T18:21:07.699, ubuntu22-b, 0.070974
2023-07-18T18:21:07.906, ubuntu22-c, 0.006338
2023-07-18T18:21:08.111, ubuntu22-b, 0.004900
2023-07-18T18:21:08.316, ubuntu22-c, 0.004970
2023-07-18T18:21:08.522, ubuntu22-c, 0.005025
2023-07-18T18:21:08.727, ubuntu22-c, 0.004923
2023-07-18T18:21:08.932, ubuntu22-c, 0.004911
2023-07-18T18:21:09.138, ubuntu22-c, 0.005063
2023-07-18T18:21:09.343, ubuntu22-b, 0.005201
2023-07-18T18:21:09.548, ubuntu22-c, 0.004918
2023-07-18T18:21:09.754, ubuntu22-c, 0.005084
2023-07-18T18:21:09.959, ubuntu22-c, 0.005058
2023-07-18T18:21:10.164, ubuntu22-c, 0.004947
2023-07-18T18:21:10.370, ubuntu22-c, 0.004944
2023-07-18T18:21:10.575, ubuntu22-c, 0.005163
2023-07-18T18:21:10.781, ubuntu22-c, 0.005019
2023-07-18T18:21:10.986, ubuntu22-c, 0.005183
2023-07-18T18:21:11.192, ubuntu22-c, 0.004936
2023-07-18T18:21:11.397, ubuntu22-c, 0.005132
2023-07-18T18:21:11.603, ubuntu22-c, 0.005352
2023-07-18T18:21:11.809, ubuntu22-c, 0.005541
2023-07-18T18:21:12.014, ubuntu22-c, 0.005042
2023-07-18T18:21:12.219, ubuntu22-c, 0.004885
2023-07-18T18:21:12.425, ubuntu22-c, 0.005322
2023-07-18T18:21:12.630, ubuntu22-c, 0.004887
2023-07-18T18:21:12.836, ubuntu22-c, 0.005089
2023-07-18T18:21:13.041, ubuntu22-c, 0.005055
2023-07-18T18:21:13.247, ubuntu22-c, 0.005045
2023-07-18T18:21:13.452, ubuntu22-c, 0.005117
2023-07-18T18:21:13.658, ubuntu22-c, 0.005101
2023-07-18T18:21:13.863, ubuntu22-c, 0.004807
2023-07-18T18:21:14.069, ubuntu22-c, 0.005143
2023-07-18T18:21:14.274, ubuntu22-c, 0.004746
2023-07-18T18:21:14.479, ubuntu22-c, 0.004683
2023-07-18T18:21:14.684, ubuntu22-c, 0.004979
2023-07-18T18:21:14.889, ubuntu22-c, 0.004796
2023-07-18T18:21:15.102, ubuntu22-c, 0.012075
2023-07-18T18:21:15.307, ubuntu22-c, 0.004907
2023-07-18T18:21:15.512, ubuntu22-c, 0.005011
2023-07-18T18:21:15.718, ubuntu22-c, 0.004986
2023-07-18T18:21:15.923, ubuntu22-c, 0.004816
2023-07-18T18:21:16.129, ubuntu22-d, 0.005547
2023-07-18T18:21:16.334, ubuntu22-c, 0.005113
2023-07-18T18:21:16.542, ubuntu22-d, 0.007696
2023-07-18T18:21:16.748, ubuntu22-d, 0.004973
2023-07-18T18:21:16.953, ubuntu22-c, 0.005079
2023-07-18T18:21:17.158, ubuntu22-c, 0.004919
2023-07-18T18:21:17.364, ubuntu22-d, 0.005075
2023-07-18T18:21:17.569, ubuntu22-c, 0.004898
2023-07-18T18:21:17.774, ubuntu22-d, 0.004918
2023-07-18T18:21:17.981, ubuntu22-d, 0.005927
2023-07-18T18:21:18.187, ubuntu22-d, 0.005650
2023-07-18T18:21:18.393, ubuntu22-d, 0.005609
2023-07-18T18:21:18.599, ubuntu22-d, 0.005693
2023-07-18T18:21:18.805, ubuntu22-d, 0.005224
2023-07-18T18:21:19.010, ubuntu22-d, 0.005257
2023-07-18T18:21:19.216, ubuntu22-d, 0.005328
2023-07-18T18:21:19.422, ubuntu22-d, 0.005206
2023-07-18T18:21:19.628, ubuntu22-d, 0.005444
2023-07-18T18:21:19.833, ubuntu22-d, 0.005228
2023-07-18T18:21:20.039, ubuntu22-d, 0.004891
2023-07-18T18:21:20.247, ubuntu22-d, 0.008081
2023-07-18T18:21:20.453, ubuntu22-d, 0.005285
2023-07-18T18:21:20.659, ubuntu22-d, 0.005510
2023-07-18T18:21:20.864, ubuntu22-d, 0.005383
2023-07-18T18:21:21.070, ubuntu22-d, 0.005574
2023-07-18T18:21:21.276, ubuntu22-d, 0.005311
2023-07-18T18:21:21.482, ubuntu22-d, 0.005460
2023-07-18T18:21:21.691, ubuntu22-d, 0.008620
2023-07-18T18:21:21.898, ubuntu22-d, 0.005485
2023-07-18T18:21:22.103, ubuntu22-d, 0.005608
2023-07-18T18:21:22.309, ubuntu22-d, 0.005360
2023-07-18T18:21:22.515, ubuntu22-d, 0.005663
2023-07-18T18:21:22.721, ubuntu22-d, 0.005434
2023-07-18T18:21:22.927, ubuntu22-d, 0.005460
2023-07-18T18:21:23.133, ubuntu22-d, 0.005231
2023-07-18T18:21:23.338, ubuntu22-d, 0.004758
2023-07-18T18:21:23.543, ubuntu22-d, 0.004788
2023-07-18T18:21:23.749, ubuntu22-d, 0.005200
2023-07-18T18:21:23.954, ubuntu22-d, 0.004993
2023-07-18T18:21:24.160, ubuntu22-c, 0.005512
2023-07-18T18:21:24.365, ubuntu22-c, 0.004697
2023-07-18T18:21:24.570, ubuntu22-d, 0.004685
2023-07-18T18:21:24.775, ubuntu22-c, 0.004855
2023-07-18T18:21:24.981, ubuntu22-d, 0.005224
2023-07-18T18:21:25.186, ubuntu22-c, 0.005230
2023-07-18T18:21:25.392, ubuntu22-c, 0.005172
2023-07-18T18:21:25.597, ubuntu22-c, 0.004844
2023-07-18T18:21:25.802, ubuntu22-c, 0.005083
2023-07-18T18:21:26.008, ubuntu22-c, 0.005546
2023-07-18T18:21:26.214, ubuntu22-c, 0.004905
2023-07-18T18:21:26.423, ubuntu22-c, 0.008677
2023-07-18T18:21:26.629, ubuntu22-c, 0.005083
2023-07-18T18:21:26.834, ubuntu22-c, 0.005095
2023-07-18T18:21:27.040, ubuntu22-c, 0.005607
2023-07-18T18:21:27.246, ubuntu22-c, 0.005212
2023-07-18T18:21:27.454, ubuntu22-c, 0.008121
2023-07-18T18:21:27.660, ubuntu22-c, 0.005223
2023-07-18T18:21:27.866, ubuntu22-c, 0.005506
2023-07-18T18:21:28.072, ubuntu22-c, 0.005384
2023-07-18T18:21:28.277, ubuntu22-c, 0.005151
2023-07-18T18:21:28.483, ubuntu22-c, 0.005342
2023-07-18T18:21:28.689, ubuntu22-c, 0.005502
2023-07-18T18:21:28.894, ubuntu22-c, 0.005301
2023-07-18T18:21:29.101, ubuntu22-c, 0.006096
2023-07-18T18:21:29.306, ubuntu22-c, 0.005176
2023-07-18T18:21:29.514, ubuntu22-c, 0.007177
2023-07-18T18:21:29.719, ubuntu22-c, 0.005317
2023-07-18T18:21:29.925, ubuntu22-c, 0.005389
2023-07-18T18:21:30.131, ubuntu22-c, 0.005065
2023-07-18T18:21:30.340, ubuntu22-c, 0.009337
2023-07-18T18:21:30.546, ubuntu22-c, 0.005246
2023-07-18T18:21:30.752, ubuntu22-c, 0.005373
2023-07-18T18:21:30.958, ubuntu22-c, 0.005445
2023-07-18T18:21:31.163, ubuntu22-c, 0.005356
2023-07-18T18:21:31.369, ubuntu22-c, 0.005251
2023-07-18T18:21:31.575, ubuntu22-c, 0.005370
2023-07-18T18:21:31.781, ubuntu22-c, 0.005203
2023-07-18T18:21:31.986, ubuntu22-c, 0.005127
2023-07-18T18:21:32.192, ubuntu22-c, 0.005092
2023-07-18T18:21:32.397, ubuntu22-c, 0.005263
2023-07-18T18:21:32.603, ubuntu22-c, 0.004996
2023-07-18T18:21:32.808, ubuntu22-c, 0.005204
2023-07-18T18:21:33.014, ubuntu22-c, 0.005456
2023-07-18T18:21:33.220, ubuntu22-c, 0.005064
2023-07-18T18:21:33.425, ubuntu22-c, 0.005538
2023-07-18T18:21:33.631, ubuntu22-c, 0.005314
2023-07-18T18:21:33.837, ubuntu22-c, 0.005640
2023-07-18T18:21:34.044, ubuntu22-c, 0.005908
2023-07-18T18:21:34.249, ubuntu22-c, 0.005157
2023-07-18T18:21:34.455, ubuntu22-c, 0.005192
2023-07-18T18:21:34.660, ubuntu22-b, 0.005499
2023-07-18T18:21:34.866, ubuntu22-c, 0.004744
2023-07-18T18:21:35.071, ubuntu22-b, 0.005234
2023-07-18T18:21:35.277, ubuntu22-b, 0.005435
2023-07-18T18:21:35.483, ubuntu22-c, 0.005092
2023-07-18T18:21:35.688, ubuntu22-b, 0.004889
2023-07-18T18:21:35.894, ubuntu22-c, 0.005406
2023-07-18T18:21:36.102, ubuntu22-c, 0.007634
2023-07-18T18:21:36.307, ubuntu22-b, 0.005223
2023-07-18T18:21:36.526, ubuntu22-b, 0.018175
2023-07-18T18:21:36.731, ubuntu22-b, 0.005222
2023-07-18T18:21:36.937, ubuntu22-b, 0.005606
2023-07-18T18:21:37.154, ubuntu22-b, 0.016070
2023-07-18T18:21:37.366, ubuntu22-b, 0.011535
2023-07-18T18:21:37.571, ubuntu22-b, 0.005032
2023-07-18T18:21:37.777, ubuntu22-b, 0.006236
2023-07-18T18:21:37.983, ubuntu22-b, 0.005391
2023-07-18T18:21:38.189, ubuntu22-b, 0.005306
2023-07-18T18:21:38.395, ubuntu22-b, 0.005034
2023-07-18T18:21:38.601, ubuntu22-b, 0.005700
2023-07-18T18:21:38.809, ubuntu22-b, 0.008341
2023-07-18T18:21:39.015, ubuntu22-b, 0.005189
2023-07-18T18:21:39.225, ubuntu22-b, 0.009459
2023-07-18T18:21:39.431, ubuntu22-b, 0.005848
2023-07-18T18:21:39.637, ubuntu22-b, 0.006151
2023-07-18T18:21:39.843, ubuntu22-b, 0.005187
2023-07-18T18:21:40.049, ubuntu22-b, 0.005754
2023-07-18T18:21:40.255, ubuntu22-b, 0.004797
2023-07-18T18:21:40.460, ubuntu22-b, 0.004896
2023-07-18T18:21:40.665, ubuntu22-b, 0.005078
2023-07-18T18:21:40.871, ubuntu22-b, 0.005040
2023-07-18T18:21:41.076, ubuntu22-b, 0.005342
2023-07-18T18:21:41.282, ubuntu22-b, 0.004926
2023-07-18T18:21:41.490, ubuntu22-b, 0.007675
2023-07-18T18:21:41.695, ubuntu22-b, 0.004846
2023-07-18T18:21:41.900, ubuntu22-b, 0.004695
2023-07-18T18:21:42.106, ubuntu22-b, 0.004966
2023-07-18T18:21:42.312, ubuntu22-d, 0.005329
2023-07-18T18:21:42.517, ubuntu22-b, 0.004854
2023-07-18T18:21:42.722, ubuntu22-d, 0.004972
2023-07-18T18:21:42.928, ubuntu22-d, 0.005039
2023-07-18T18:21:43.133, ubuntu22-b, 0.004860
2023-07-18T18:21:43.338, ubuntu22-d, 0.005003
2023-07-18T18:21:43.544, ubuntu22-d, 0.004924
2023-07-18T18:21:43.749, ubuntu22-b, 0.005177
2023-07-18T18:21:43.955, ubuntu22-b, 0.005002
2023-07-18T18:21:44.160, ubuntu22-b, 0.005015
2023-07-18T18:21:44.369, ubuntu22-d, 0.008113
2023-07-18T18:21:44.574, ubuntu22-d, 0.005090
2023-07-18T18:21:44.780, ubuntu22-d, 0.005223
2023-07-18T18:21:44.985, ubuntu22-d, 0.005251
2023-07-18T18:21:45.191, ubuntu22-d, 0.005062
2023-07-18T18:21:45.397, ubuntu22-d, 0.005358
2023-07-18T18:21:45.602, ubuntu22-d, 0.004966
2023-07-18T18:21:45.808, ubuntu22-d, 0.005365
2023-07-18T18:21:46.014, ubuntu22-d, 0.005533
2023-07-18T18:21:46.220, ubuntu22-d, 0.005525
2023-07-18T18:21:46.425, ubuntu22-d, 0.005157
2023-07-18T18:21:46.631, ubuntu22-d, 0.005041
2023-07-18T18:21:46.836, ubuntu22-d, 0.005236
2023-07-18T18:21:47.042, ubuntu22-d, 0.005234
2023-07-18T18:21:47.251, ubuntu22-d, 0.008818
2023-07-18T18:21:47.457, ubuntu22-d, 0.005369
2023-07-18T18:21:47.663, ubuntu22-d, 0.005239
2023-07-18T18:21:47.869, ubuntu22-d, 0.005134
2023-07-18T18:21:48.075, ubuntu22-d, 0.005597
2023-07-18T18:21:48.280, ubuntu22-d, 0.004997
2023-07-18T18:21:48.491, ubuntu22-d, 0.010380
2023-07-18T18:21:48.697, ubuntu22-d, 0.005419
2023-07-18T18:21:48.903, ubuntu22-d, 0.005405
2023-07-18T18:21:49.109, ubuntu22-d, 0.005113
2023-07-18T18:21:49.315, ubuntu22-d, 0.005681
2023-07-18T18:21:49.520, ubuntu22-d, 0.005105
2023-07-18T18:21:49.726, ubuntu22-d, 0.004911
2023-07-18T18:21:49.931, ubuntu22-d, 0.005179
2023-07-18T18:21:50.137, ubuntu22-d, 0.005522
2023-07-18T18:21:50.348, ubuntu22-d, 0.010074
2023-07-18T18:21:50.554, ubuntu22-d, 0.005841
2023-07-18T18:21:50.759, ubuntu22-d, 0.005020
2023-07-18T18:21:50.965, ubuntu22-d, 0.005007
2023-07-18T18:21:51.170, ubuntu22-d, 0.004752
2023-07-18T18:21:51.375, ubuntu22-d, 0.005010
2023-07-18T18:21:51.589, ubuntu22-d, 0.009533
2023-07-18T18:21:51.795, ubuntu22-d, 0.005188
2023-07-18T18:21:52.000, ubuntu22-d, 0.004965
2023-07-18T18:21:52.205, ubuntu22-d, 0.004899
2023-07-18T18:21:52.411, ubuntu22-d, 0.005165
2023-07-18T18:21:52.616, ubuntu22-d, 0.004923
2023-07-18T18:21:52.822, ubuntu22-d, 0.005084
2023-07-18T18:21:53.027, ubuntu22-d, 0.005144
2023-07-18T18:21:53.233, ubuntu22-d, 0.005023
2023-07-18T18:21:53.438, ubuntu22-d, 0.004647
2023-07-18T18:21:53.643, ubuntu22-d, 0.004992
2023-07-18T18:21:53.849, ubuntu22-b, 0.005623
2023-07-18T18:21:54.054, ubuntu22-b, 0.004719
2023-07-18T18:21:54.260, ubuntu22-d, 0.005150
2023-07-18T18:21:54.465, ubuntu22-b, 0.004909
2023-07-18T18:21:54.671, ubuntu22-d, 0.005205
2023-07-18T18:21:54.877, ubuntu22-b, 0.005339
2023-07-18T18:21:55.082, ubuntu22-d, 0.005377
2023-07-18T18:21:55.287, ubuntu22-d, 0.004776
2023-07-18T18:21:55.493, ubuntu22-b, 0.005156
2023-07-18T18:21:55.700, ubuntu22-b, 0.006873
2023-07-18T18:21:55.909, ubuntu22-b, 0.008798
2023-07-18T18:21:56.122, ubuntu22-b, 0.011857
2023-07-18T18:21:56.431, ubuntu22-b, 0.108343
2023-07-18T18:21:56.641, ubuntu22-b, 0.010508
2023-07-18T18:21:56.850, ubuntu22-b, 0.008235
2023-07-18T18:21:57.056, ubuntu22-b, 0.006083
2023-07-18T18:21:57.262, ubuntu22-b, 0.004823
2023-07-18T18:21:57.467, ubuntu22-b, 0.004781
2023-07-18T18:21:57.680, ubuntu22-b, 0.013250
2023-07-18T18:21:57.886, ubuntu22-b, 0.005121
2023-07-18T18:21:58.097, ubuntu22-b, 0.011197
2023-07-18T18:21:58.302, ubuntu22-b, 0.004954
2023-07-18T18:21:58.508, ubuntu22-b, 0.005102
2023-07-18T18:21:58.715, ubuntu22-b, 0.006660
2023-07-18T18:21:58.921, ubuntu22-b, 0.005080
2023-07-18T18:21:59.126, ubuntu22-b, 0.004908
2023-07-18T18:21:59.334, ubuntu22-b, 0.007939
2023-07-18T18:21:59.540, ubuntu22-b, 0.005506
2023-07-18T18:21:59.746, ubuntu22-b, 0.005201
2023-07-18T18:21:59.951, ubuntu22-b, 0.004878
2023-07-18T18:22:00.156, ubuntu22-b, 0.005143
2023-07-18T18:22:00.376, ubuntu22-b, 0.018639
2023-07-18T18:22:00.582, ubuntu22-b, 0.005533
2023-07-18T18:22:00.787, ubuntu22-b, 0.004756
2023-07-18T18:22:00.992, ubuntu22-b, 0.004852
2023-07-18T18:22:01.198, ubuntu22-c, 0.005324
2023-07-18T18:22:01.403, ubuntu22-b, 0.004721
2023-07-18T18:22:01.608, ubuntu22-c, 0.005396
2023-07-18T18:22:01.814, ubuntu22-b, 0.004900
2023-07-18T18:22:02.019, ubuntu22-c, 0.004828
2023-07-18T18:22:02.224, ubuntu22-b, 0.004766
2023-07-18T18:22:02.430, ubuntu22-c, 0.005254
2023-07-18T18:22:02.635, ubuntu22-c, 0.005090
2023-07-18T18:22:02.840, ubuntu22-c, 0.004827
2023-07-18T18:22:03.045, ubuntu22-c, 0.004873
2023-07-18T18:22:03.251, ubuntu22-c, 0.004740
2023-07-18T18:22:03.456, ubuntu22-c, 0.005064
2023-07-18T18:22:03.661, ubuntu22-c, 0.004886
2023-07-18T18:22:03.866, ubuntu22-c, 0.004602
2023-07-18T18:22:04.071, ubuntu22-c, 0.004811
2023-07-18T18:22:04.276, ubuntu22-c, 0.004517
2023-07-18T18:22:04.482, ubuntu22-c, 0.004872
2023-07-18T18:22:04.687, ubuntu22-c, 0.004769
2023-07-18T18:22:04.893, ubuntu22-c, 0.006055
2023-07-18T18:22:05.100, ubuntu22-c, 0.006393
2023-07-18T18:22:05.306, ubuntu22-c, 0.005246
2023-07-18T18:22:05.511, ubuntu22-c, 0.005004
2023-07-18T18:22:05.717, ubuntu22-c, 0.005026
2023-07-18T18:22:05.923, ubuntu22-c, 0.005970
2023-07-18T18:22:06.128, ubuntu22-c, 0.004840
2023-07-18T18:22:06.334, ubuntu22-c, 0.005114
2023-07-18T18:22:06.539, ubuntu22-c, 0.004838
2023-07-18T18:22:06.745, ubuntu22-c, 0.005342
2023-07-18T18:22:06.950, ubuntu22-c, 0.004935
2023-07-18T18:22:07.155, ubuntu22-c, 0.005060
2023-07-18T18:22:07.361, ubuntu22-c, 0.005031
2023-07-18T18:22:07.566, ubuntu22-c, 0.005068
2023-07-18T18:22:07.772, ubuntu22-c, 0.005318
2023-07-18T18:22:07.978, ubuntu22-c, 0.005505
2023-07-18T18:22:08.183, ubuntu22-c, 0.005275
2023-07-18T18:22:08.390, ubuntu22-c, 0.005972
2023-07-18T18:22:08.595, ubuntu22-c, 0.004918
2023-07-18T18:22:08.801, ubuntu22-c, 0.005619
2023-07-18T18:22:09.007, ubuntu22-c, 0.005601
2023-07-18T18:22:09.213, ubuntu22-c, 0.005350
2023-07-18T18:22:09.419, ubuntu22-d, 0.005592
2023-07-18T18:22:09.624, ubuntu22-c, 0.005138
2023-07-18T18:22:09.830, ubuntu22-c, 0.005126
2023-07-18T18:22:10.036, ubuntu22-d, 0.005091
2023-07-18T18:22:10.241, ubuntu22-c, 0.005034
2023-07-18T18:22:10.447, ubuntu22-c, 0.005108
2023-07-18T18:22:10.651, , 
2023-07-18T18:22:10.856, ubuntu22-d, 0.004998
2023-07-18T18:22:11.062, ubuntu22-d, 0.005670
2023-07-18T18:22:11.268, ubuntu22-d, 0.005213
2023-07-18T18:22:11.473, ubuntu22-d, 0.005305
2023-07-18T18:22:11.679, ubuntu22-d, 0.005042
2023-07-18T18:22:11.884, ubuntu22-d, 0.005146
2023-07-18T18:22:12.090, ubuntu22-d, 0.005242
2023-07-18T18:22:12.295, ubuntu22-d, 0.004933
2023-07-18T18:22:12.500, ubuntu22-d, 0.004689
2023-07-18T18:22:12.705, ubuntu22-d, 0.004906
2023-07-18T18:22:12.911, ubuntu22-d, 0.004932
2023-07-18T18:22:13.116, ubuntu22-d, 0.005134
2023-07-18T18:22:13.321, ubuntu22-d, 0.004803
2023-07-18T18:22:13.535, ubuntu22-d, 0.012625
2023-07-18T18:22:13.740, ubuntu22-d, 0.005337
2023-07-18T18:22:13.946, ubuntu22-d, 0.004951
2023-07-18T18:22:14.151, ubuntu22-d, 0.005253
2023-07-18T18:22:14.357, ubuntu22-d, 0.005261
2023-07-18T18:22:14.563, ubuntu22-d, 0.005553
2023-07-18T18:22:14.768, ubuntu22-d, 0.005013
2023-07-18T18:22:14.974, ubuntu22-d, 0.005066
2023-07-18T18:22:15.179, ubuntu22-d, 0.004953
2023-07-18T18:22:15.384, ubuntu22-d, 0.004858
2023-07-18T18:22:15.590, ubuntu22-d, 0.005251
2023-07-18T18:22:15.795, ubuntu22-d, 0.004515
2023-07-18T18:22:16.000, ubuntu22-d, 0.005074
2023-07-18T18:22:16.205, ubuntu22-d, 0.005021
2023-07-18T18:22:16.411, ubuntu22-d, 0.005075
2023-07-18T18:22:16.616, ubuntu22-d, 0.004997
2023-07-18T18:22:16.822, ubuntu22-d, 0.005188
2023-07-18T18:22:17.028, ubuntu22-d, 0.005815
2023-07-18T18:22:17.233, ubuntu22-d, 0.005017
2023-07-18T18:22:17.439, ubuntu22-c, 0.005664
2023-07-18T18:22:17.645, ubuntu22-c, 0.004846
2023-07-18T18:22:17.850, ubuntu22-d, 0.005061
2023-07-18T18:22:18.055, ubuntu22-c, 0.004818
2023-07-18T18:22:18.261, ubuntu22-c, 0.005073
2023-07-18T18:22:18.466, ubuntu22-d, 0.005000
2023-07-18T18:22:18.671, ubuntu22-d, 0.004860
2023-07-18T18:22:18.877, ubuntu22-c, 0.004972
2023-07-18T18:22:19.082, ubuntu22-c, 0.004971
2023-07-18T18:22:19.287, ubuntu22-c, 0.004973
2023-07-18T18:22:19.493, ubuntu22-c, 0.004911
2023-07-18T18:22:19.698, ubuntu22-c, 0.004814
2023-07-18T18:22:19.903, ubuntu22-c, 0.005318
2023-07-18T18:22:20.109, ubuntu22-c, 0.005241
2023-07-18T18:22:20.314, ubuntu22-c, 0.004782
2023-07-18T18:22:20.520, ubuntu22-c, 0.005120
2023-07-18T18:22:20.725, ubuntu22-c, 0.004791
2023-07-18T18:22:20.930, ubuntu22-c, 0.004998
2023-07-18T18:22:21.136, ubuntu22-c, 0.005269
2023-07-18T18:22:21.341, ubuntu22-c, 0.005085
2023-07-18T18:22:21.547, ubuntu22-c, 0.005358
2023-07-18T18:22:21.752, ubuntu22-c, 0.005012
2023-07-18T18:22:21.958, ubuntu22-c, 0.005231
2023-07-18T18:22:22.163, ubuntu22-c, 0.004872
2023-07-18T18:22:22.370, ubuntu22-c, 0.006184
2023-07-18T18:22:22.576, ubuntu22-c, 0.005930
2023-07-18T18:22:22.782, ubuntu22-c, 0.005342
2023-07-18T18:22:22.987, ubuntu22-c, 0.004998
2023-07-18T18:22:23.192, ubuntu22-c, 0.005056
2023-07-18T18:22:23.398, ubuntu22-c, 0.004990
2023-07-18T18:22:23.603, ubuntu22-c, 0.004933
2023-07-18T18:22:23.809, ubuntu22-c, 0.005519
2023-07-18T18:22:24.014, ubuntu22-c, 0.004797
2023-07-18T18:22:24.219, ubuntu22-c, 0.004887
2023-07-18T18:22:24.429, ubuntu22-c, 0.009315
2023-07-18T18:22:24.635, ubuntu22-c, 0.004896
2023-07-18T18:22:24.840, ubuntu22-c, 0.004928
2023-07-18T18:22:25.046, ubuntu22-c, 0.005293
2023-07-18T18:22:25.251, ubuntu22-c, 0.004822
2023-07-18T18:22:25.456, ubuntu22-c, 0.004729
2023-07-18T18:22:25.662, ubuntu22-d, 0.005475
2023-07-18T18:22:25.867, ubuntu22-d, 0.005367
2023-07-18T18:22:26.073, ubuntu22-d, 0.005105
2023-07-18T18:22:26.278, ubuntu22-d, 0.004982
2023-07-18T18:22:26.484, ubuntu22-d, 0.005063
2023-07-18T18:22:26.700, ubuntu22-d, 0.015383
2023-07-18T18:22:26.905, ubuntu22-d, 0.004877
2023-07-18T18:22:27.112, ubuntu22-d, 0.007142
2023-07-18T18:22:27.318, ubuntu22-d, 0.005127
2023-07-18T18:22:27.522, ubuntu22-d, 0.004545
2023-07-18T18:22:27.728, ubuntu22-d, 0.004807
2023-07-18T18:22:27.933, ubuntu22-d, 0.004755
2023-07-18T18:22:28.138, ubuntu22-d, 0.004674
2023-07-18T18:22:28.343, ubuntu22-d, 0.005186
2023-07-18T18:22:28.548, ubuntu22-d, 0.004952
2023-07-18T18:22:28.754, ubuntu22-d, 0.005444
2023-07-18T18:22:28.959, ubuntu22-d, 0.004934
2023-07-18T18:22:29.165, ubuntu22-d, 0.005123
2023-07-18T18:22:29.370, ubuntu22-d, 0.004941
2023-07-18T18:22:29.576, ubuntu22-d, 0.004855
2023-07-18T18:22:29.781, ubuntu22-d, 0.004771
2023-07-18T18:22:29.986, ubuntu22-d, 0.004779
2023-07-18T18:22:30.191, ubuntu22-d, 0.004926
2023-07-18T18:22:30.397, ubuntu22-d, 0.005146
2023-07-18T18:22:30.602, ubuntu22-d, 0.004838
2023-07-18T18:22:30.807, ubuntu22-d, 0.005001
2023-07-18T18:22:31.013, ubuntu22-d, 0.005084
2023-07-18T18:22:31.218, ubuntu22-d, 0.005133
2023-07-18T18:22:31.424, ubuntu22-d, 0.005109
2023-07-18T18:22:31.629, ubuntu22-d, 0.004876
2023-07-18T18:22:31.835, ubuntu22-d, 0.004648
2023-07-18T18:22:32.040, ubuntu22-d, 0.004798
2023-07-18T18:22:32.245, ubuntu22-d, 0.004968
2023-07-18T18:22:32.451, ubuntu22-d, 0.004779
2023-07-18T18:22:32.656, ubuntu22-d, 0.004933
2023-07-18T18:22:32.861, ubuntu22-d, 0.004820
2023-07-18T18:22:33.066, ubuntu22-d, 0.004793
2023-07-18T18:22:33.272, ubuntu22-d, 0.004858
2023-07-18T18:22:33.477, ubuntu22-d, 0.004937
2023-07-18T18:22:33.682, ubuntu22-d, 0.004771
2023-07-18T18:22:33.887, ubuntu22-d, 0.004943
2023-07-18T18:22:34.092, ubuntu22-d, 0.004854
2023-07-18T18:22:34.298, ubuntu22-d, 0.004921
2023-07-18T18:22:34.503, ubuntu22-d, 0.005143
2023-07-18T18:22:34.708, ubuntu22-d, 0.004789
2023-07-18T18:22:34.914, ubuntu22-d, 0.004931
2023-07-18T18:22:35.119, ubuntu22-d, 0.004934
2023-07-18T18:22:35.327, ubuntu22-d, 0.008086
2023-07-18T18:22:35.533, ubuntu22-d, 0.004879
2023-07-18T18:22:35.738, ubuntu22-d, 0.005236
2023-07-18T18:22:35.944, ubuntu22-b, 0.005193
2023-07-18T18:22:36.149, ubuntu22-b, 0.005042
2023-07-18T18:22:36.355, ubuntu22-b, 0.004887
2023-07-18T18:22:36.560, ubuntu22-d, 0.004908
2023-07-18T18:22:36.765, ubuntu22-d, 0.005141
2023-07-18T18:22:36.973, ubuntu22-b, 0.006833
2023-07-18T18:22:37.178, ubuntu22-b, 0.005639
2023-07-18T18:22:37.388, ubuntu22-b, 0.008773
2023-07-18T18:22:37.598, ubuntu22-b, 0.009960
2023-07-18T18:22:37.803, ubuntu22-b, 0.004879
2023-07-18T18:22:38.008, ubuntu22-b, 0.004978
2023-07-18T18:22:38.214, ubuntu22-b, 0.004952
2023-07-18T18:22:38.419, ubuntu22-b, 0.004920
2023-07-18T18:22:38.624, ubuntu22-b, 0.004951
2023-07-18T18:22:38.830, ubuntu22-b, 0.005190
2023-07-18T18:22:39.036, ubuntu22-b, 0.005656
2023-07-18T18:22:39.241, ubuntu22-b, 0.005061
2023-07-18T18:22:39.447, ubuntu22-b, 0.005127
2023-07-18T18:22:39.655, ubuntu22-b, 0.008111
2023-07-18T18:22:39.860, ubuntu22-b, 0.004900
2023-07-18T18:22:40.066, ubuntu22-b, 0.005023
2023-07-18T18:22:40.271, ubuntu22-b, 0.005098
2023-07-18T18:22:40.477, ubuntu22-b, 0.005014
2023-07-18T18:22:40.683, ubuntu22-b, 0.005788
2023-07-18T18:22:40.888, ubuntu22-b, 0.005042
2023-07-18T18:22:41.096, ubuntu22-b, 0.007683
2023-07-18T18:22:41.302, ubuntu22-b, 0.004708
2023-07-18T18:22:41.516, ubuntu22-b, 0.013786
2023-07-18T18:22:41.721, ubuntu22-b, 0.005095
2023-07-18T18:22:41.929, ubuntu22-b, 0.007504
2023-07-18T18:22:42.134, ubuntu22-b, 0.004933
2023-07-18T18:22:42.340, ubuntu22-b, 0.005054
2023-07-18T18:22:42.545, ubuntu22-b, 0.005035
2023-07-18T18:22:42.750, ubuntu22-b, 0.004823
2023-07-18T18:22:42.956, ubuntu22-b, 0.004975
2023-07-18T18:22:43.161, ubuntu22-b, 0.005006
2023-07-18T18:22:43.367, ubuntu22-c, 0.005307
2023-07-18T18:22:43.573, ubuntu22-b, 0.005505
2023-07-18T18:22:43.778, ubuntu22-c, 0.004838
2023-07-18T18:22:43.983, ubuntu22-c, 0.004850
2023-07-18T18:22:44.188, ubuntu22-b, 0.004951
2023-07-18T18:22:44.394, ubuntu22-b, 0.004973
2023-07-18T18:22:44.599, ubuntu22-c, 0.005262
2023-07-18T18:22:44.804, ubuntu22-c, 0.004768
2023-07-18T18:22:45.010, ubuntu22-b, 0.005305
2023-07-18T18:22:45.216, ubuntu22-c, 0.005793
2023-07-18T18:22:45.422, ubuntu22-c, 0.005153
2023-07-18T18:22:45.627, ubuntu22-c, 0.005084
2023-07-18T18:22:45.833, ubuntu22-c, 0.005230
2023-07-18T18:22:46.039, ubuntu22-c, 0.005596
2023-07-18T18:22:46.246, ubuntu22-c, 0.006548
2023-07-18T18:22:46.453, ubuntu22-c, 0.007384
2023-07-18T18:22:46.659, ubuntu22-c, 0.004974
2023-07-18T18:22:46.864, ubuntu22-c, 0.005110
2023-07-18T18:22:47.070, ubuntu22-c, 0.005502
2023-07-18T18:22:47.276, ubuntu22-c, 0.005280
2023-07-18T18:22:47.481, ubuntu22-c, 0.004846
2023-07-18T18:22:47.686, ubuntu22-c, 0.004973
2023-07-18T18:22:47.892, ubuntu22-c, 0.005536
2023-07-18T18:22:48.098, ubuntu22-c, 0.005486
2023-07-18T18:22:48.304, ubuntu22-c, 0.005063
2023-07-18T18:22:48.512, ubuntu22-c, 0.008076
2023-07-18T18:22:48.729, ubuntu22-c, 0.010496
2023-07-18T18:22:48.935, ubuntu22-c, 0.006180
2023-07-18T18:22:49.141, ubuntu22-c, 0.005034
2023-07-18T18:22:49.346, ubuntu22-c, 0.005234
2023-07-18T18:22:49.552, ubuntu22-c, 0.005048
2023-07-18T18:22:49.757, ubuntu22-c, 0.004910
2023-07-18T18:22:49.962, ubuntu22-c, 0.004797
2023-07-18T18:22:50.167, ubuntu22-c, 0.004853
2023-07-18T18:22:50.373, ubuntu22-c, 0.004946
2023-07-18T18:22:50.578, ubuntu22-c, 0.004934
2023-07-18T18:22:50.783, ubuntu22-c, 0.005080
2023-07-18T18:22:50.989, ubuntu22-c, 0.004957
2023-07-18T18:22:51.195, ubuntu22-c, 0.006034
2023-07-18T18:22:51.400, ubuntu22-c, 0.004845
2023-07-18T18:22:51.607, ubuntu22-c, 0.006275
2023-07-18T18:22:51.813, ubuntu22-c, 0.005189
2023-07-18T18:22:52.018, ubuntu22-c, 0.004726
2023-07-18T18:22:52.223, ubuntu22-c, 0.004864
2023-07-18T18:22:52.428, ubuntu22-c, 0.004855
2023-07-18T18:22:52.634, ubuntu22-c, 0.005001
2023-07-18T18:22:52.839, ubuntu22-c, 0.004806
2023-07-18T18:22:53.044, ubuntu22-c, 0.005251
2023-07-18T18:22:53.250, ubuntu22-c, 0.004758
2023-07-18T18:22:53.455, ubuntu22-c, 0.004760
2023-07-18T18:22:53.660, ubuntu22-c, 0.005092
2023-07-18T18:22:53.865, ubuntu22-c, 0.004891
2023-07-18T18:22:54.072, ubuntu22-b, 0.005610
2023-07-18T18:22:54.277, ubuntu22-c, 0.005005
2023-07-18T18:22:54.482, ubuntu22-b, 0.004798
2023-07-18T18:22:54.688, ubuntu22-b, 0.004919
2023-07-18T18:22:54.893, ubuntu22-b, 0.005104
2023-07-18T18:22:55.099, ubuntu22-b, 0.005206
2023-07-18T18:22:55.309, ubuntu22-b, 0.009609
2023-07-18T18:22:55.516, ubuntu22-b, 0.006443
2023-07-18T18:22:55.725, ubuntu22-b, 0.008988
2023-07-18T18:22:55.933, ubuntu22-b, 0.007320
2023-07-18T18:22:56.146, ubuntu22-b, 0.012278
2023-07-18T18:22:56.353, ubuntu22-b, 0.006345
2023-07-18T18:22:56.561, ubuntu22-b, 0.008243
2023-07-18T18:22:56.767, ubuntu22-b, 0.004890
2023-07-18T18:22:56.972, ubuntu22-b, 0.004931
2023-07-18T18:22:57.178, ubuntu22-b, 0.005074
2023-07-18T18:22:57.383, ubuntu22-b, 0.004801
2023-07-18T18:22:57.588, ubuntu22-b, 0.005328
2023-07-18T18:22:57.814, ubuntu22-b, 0.025058
2023-07-18T18:22:58.019, ubuntu22-b, 0.004847
2023-07-18T18:22:58.224, ubuntu22-b, 0.004755
2023-07-18T18:22:58.429, ubuntu22-b, 0.005078
2023-07-18T18:22:58.634, ubuntu22-b, 0.004662
2023-07-18T18:22:58.840, ubuntu22-b, 0.004809
2023-07-18T18:22:59.045, ubuntu22-b, 0.004757
2023-07-18T18:22:59.251, ubuntu22-b, 0.005631
2023-07-18T18:22:59.457, ubuntu22-b, 0.005610
2023-07-18T18:22:59.663, ubuntu22-b, 0.005222
2023-07-18T18:22:59.868, ubuntu22-b, 0.005267
2023-07-18T18:23:00.074, ubuntu22-b, 0.005196
2023-07-18T18:23:00.280, ubuntu22-b, 0.005075
2023-07-18T18:23:00.485, ubuntu22-b, 0.005327
2023-07-18T18:23:00.691, ubuntu22-b, 0.004884
2023-07-18T18:23:00.896, ubuntu22-b, 0.004944
2023-07-18T18:23:01.102, ubuntu22-b, 0.005011
2023-07-18T18:23:01.307, ubuntu22-b, 0.005023
2023-07-18T18:23:01.514, ubuntu22-c, 0.005978
2023-07-18T18:23:01.719, ubuntu22-c, 0.005252
2023-07-18T18:23:01.925, ubuntu22-b, 0.005310
2023-07-18T18:23:02.133, ubuntu22-b, 0.005509
2023-07-18T18:23:02.338, ubuntu22-b, 0.004926
2023-07-18T18:23:02.543, ubuntu22-b, 0.004892
2023-07-18T18:23:02.749, ubuntu22-b, 0.004975
2023-07-18T18:23:02.954, ubuntu22-b, 0.005185
2023-07-18T18:23:03.199, , 
2023-07-18T18:23:03.405, ubuntu22-c, 0.005572
2023-07-18T18:23:03.611, ubuntu22-c, 0.005428
2023-07-18T18:23:03.817, ubuntu22-c, 0.005403
2023-07-18T18:23:04.023, ubuntu22-c, 0.005440
2023-07-18T18:23:04.229, ubuntu22-c, 0.005840
2023-07-18T18:23:04.435, ubuntu22-c, 0.005086
2023-07-18T18:23:04.644, ubuntu22-c, 0.008662
2023-07-18T18:23:04.850, ubuntu22-c, 0.005219
2023-07-18T18:23:05.056, ubuntu22-c, 0.005827
2023-07-18T18:23:05.262, ubuntu22-c, 0.005676
2023-07-18T18:23:05.468, ubuntu22-c, 0.005320
2023-07-18T18:23:05.675, ubuntu22-c, 0.007002
2023-07-18T18:23:05.881, ubuntu22-c, 0.005133
2023-07-18T18:23:06.091, ubuntu22-c, 0.009358
2023-07-18T18:23:06.297, ubuntu22-c, 0.005454
2023-07-18T18:23:06.503, ubuntu22-c, 0.005027
2023-07-18T18:23:06.708, ubuntu22-c, 0.004944
2023-07-18T18:23:06.914, ubuntu22-c, 0.005177
2023-07-18T18:23:07.119, ubuntu22-c, 0.005191
2023-07-18T18:23:07.325, ubuntu22-c, 0.005385
2023-07-18T18:23:07.530, ubuntu22-c, 0.004793
2023-07-18T18:23:07.736, ubuntu22-c, 0.004798
2023-07-18T18:23:07.941, ubuntu22-c, 0.004596
2023-07-18T18:23:08.146, ubuntu22-c, 0.004749
2023-07-18T18:23:08.351, ubuntu22-c, 0.004767
2023-07-18T18:23:08.556, ubuntu22-c, 0.004932
2023-07-18T18:23:08.761, ubuntu22-c, 0.004729
2023-07-18T18:23:08.966, ubuntu22-c, 0.004746
2023-07-18T18:23:09.172, ubuntu22-c, 0.004879
2023-07-18T18:23:09.377, ubuntu22-c, 0.004815
2023-07-18T18:23:09.582, ubuntu22-c, 0.005115
2023-07-18T18:23:09.788, ubuntu22-d, 0.005867
2023-07-18T18:23:09.994, ubuntu22-d, 0.005357
2023-07-18T18:23:10.200, ubuntu22-c, 0.005231
2023-07-18T18:23:10.406, ubuntu22-c, 0.005321
2023-07-18T18:23:10.611, ubuntu22-d, 0.005349
2023-07-18T18:23:10.817, ubuntu22-c, 0.005227
2023-07-18T18:23:11.023, ubuntu22-d, 0.005548
2023-07-18T18:23:11.229, ubuntu22-c, 0.005235
2023-07-18T18:23:11.435, ubuntu22-d, 0.005107
2023-07-18T18:23:11.641, ubuntu22-d, 0.005643
2023-07-18T18:23:11.848, ubuntu22-d, 0.005387
2023-07-18T18:23:12.054, ubuntu22-d, 0.005802
2023-07-18T18:23:12.260, ubuntu22-d, 0.005043
2023-07-18T18:23:12.467, ubuntu22-d, 0.006413
2023-07-18T18:23:12.673, ubuntu22-d, 0.005198
2023-07-18T18:23:12.878, ubuntu22-d, 0.004936
2023-07-18T18:23:13.084, ubuntu22-d, 0.005219
2023-07-18T18:23:13.289, ubuntu22-d, 0.005158
2023-07-18T18:23:13.495, ubuntu22-d, 0.005445
2023-07-18T18:23:13.701, ubuntu22-d, 0.005265
2023-07-18T18:23:13.906, ubuntu22-d, 0.005263
2023-07-18T18:23:14.112, ubuntu22-d, 0.005271
2023-07-18T18:23:14.318, ubuntu22-d, 0.005384
2023-07-18T18:23:14.523, ubuntu22-d, 0.005104
2023-07-18T18:23:14.729, ubuntu22-d, 0.005343
2023-07-18T18:23:14.935, ubuntu22-d, 0.005387
2023-07-18T18:23:15.141, ubuntu22-d, 0.005373
2023-07-18T18:23:15.347, ubuntu22-d, 0.005467
2023-07-18T18:23:15.553, ubuntu22-d, 0.005502
2023-07-18T18:23:15.759, ubuntu22-d, 0.005976
2023-07-18T18:23:15.966, ubuntu22-d, 0.005828
2023-07-18T18:23:16.172, ubuntu22-d, 0.005660
2023-07-18T18:23:16.379, ubuntu22-d, 0.006113
2023-07-18T18:23:16.584, ubuntu22-d, 0.005381
2023-07-18T18:23:16.791, ubuntu22-d, 0.005988
2023-07-18T18:23:16.997, ubuntu22-d, 0.005963
2023-07-18T18:23:17.203, ubuntu22-d, 0.005498
2023-07-18T18:23:17.410, ubuntu22-d, 0.005923
2023-07-18T18:23:17.616, ubuntu22-d, 0.005791
2023-07-18T18:23:17.822, ubuntu22-d, 0.005417
2023-07-18T18:23:18.028, ubuntu22-d, 0.005758
2023-07-18T18:23:18.234, ubuntu22-d, 0.005308
2023-07-18T18:23:18.440, ubuntu22-d, 0.005711
2023-07-18T18:23:18.646, ubuntu22-d, 0.005722
2023-07-18T18:23:18.852, ubuntu22-d, 0.005322
2023-07-18T18:23:19.058, ubuntu22-d, 0.005579
2023-07-18T18:23:19.263, ubuntu22-d, 0.005431
2023-07-18T18:23:19.474, ubuntu22-d, 0.009737
2023-07-18T18:23:19.680, ubuntu22-d, 0.005191
2023-07-18T18:23:19.886, ubuntu22-d, 0.005685
2023-07-18T18:23:20.091, ubuntu22-d, 0.005189
2023-07-18T18:23:20.299, ubuntu22-b, 0.006862
2023-07-18T18:23:20.504, ubuntu22-b, 0.005046
2023-07-18T18:23:20.710, ubuntu22-d, 0.005213
2023-07-18T18:23:20.915, ubuntu22-b, 0.005004
2023-07-18T18:23:21.120, ubuntu22-b, 0.004794
2023-07-18T18:23:21.327, ubuntu22-d, 0.005908
2023-07-18T18:23:21.533, ubuntu22-b, 0.005617
2023-07-18T18:23:21.741, ubuntu22-b, 0.007666
2023-07-18T18:23:21.949, ubuntu22-b, 0.007854
2023-07-18T18:23:22.157, ubuntu22-b, 0.007951
2023-07-18T18:23:22.365, ubuntu22-b, 0.007356
2023-07-18T18:23:22.573, ubuntu22-b, 0.007892
2023-07-18T18:23:22.779, ubuntu22-b, 0.005166
2023-07-18T18:23:22.984, ubuntu22-b, 0.004878
2023-07-18T18:23:23.190, ubuntu22-b, 0.005211
2023-07-18T18:23:23.395, ubuntu22-b, 0.005254
2023-07-18T18:23:23.601, ubuntu22-b, 0.005722
2023-07-18T18:23:23.807, ubuntu22-b, 0.004972
2023-07-18T18:23:24.012, ubuntu22-b, 0.004980
2023-07-18T18:23:24.218, ubuntu22-b, 0.005352
2023-07-18T18:23:24.423, ubuntu22-b, 0.005066
2023-07-18T18:23:24.629, ubuntu22-b, 0.005755
2023-07-18T18:23:24.835, ubuntu22-b, 0.005376
2023-07-18T18:23:25.041, ubuntu22-b, 0.005721
2023-07-18T18:23:25.247, ubuntu22-b, 0.005709
2023-07-18T18:23:25.453, ubuntu22-b, 0.005260
2023-07-18T18:23:25.658, ubuntu22-b, 0.004903
2023-07-18T18:23:25.864, ubuntu22-b, 0.005169
2023-07-18T18:23:26.070, ubuntu22-b, 0.005378
2023-07-18T18:23:26.275, ubuntu22-b, 0.005157
2023-07-18T18:23:26.481, ubuntu22-c, 0.005737
2023-07-18T18:23:26.687, ubuntu22-c, 0.005405
2023-07-18T18:23:26.892, ubuntu22-b, 0.005149
2023-07-18T18:23:27.099, ubuntu22-c, 0.006006
2023-07-18T18:23:27.304, ubuntu22-c, 0.005173
2023-07-18T18:23:27.513, ubuntu22-b, 0.008638
2023-07-18T18:23:27.720, ubuntu22-c, 0.005918
2023-07-18T18:23:27.925, ubuntu22-c, 0.005052
2023-07-18T18:23:28.131, ubuntu22-c, 0.005079
2023-07-18T18:23:28.336, ubuntu22-c, 0.005041
2023-07-18T18:23:28.541, ubuntu22-c, 0.005148
2023-07-18T18:23:28.747, ubuntu22-c, 0.004968
2023-07-18T18:23:28.957, ubuntu22-c, 0.009975
2023-07-18T18:23:29.163, ubuntu22-c, 0.005138
2023-07-18T18:23:29.368, ubuntu22-c, 0.004918
2023-07-18T18:23:29.574, ubuntu22-c, 0.005458
2023-07-18T18:23:29.788, ubuntu22-c, 0.013482
2023-07-18T18:23:29.993, ubuntu22-c, 0.004958
2023-07-18T18:23:30.198, ubuntu22-c, 0.004741
2023-07-18T18:23:30.404, ubuntu22-c, 0.005227
2023-07-18T18:23:30.609, ubuntu22-c, 0.005136
2023-07-18T18:23:30.815, ubuntu22-c, 0.005382
2023-07-18T18:23:31.021, ubuntu22-c, 0.005167
2023-07-18T18:23:31.226, ubuntu22-c, 0.004946
2023-07-18T18:23:31.431, ubuntu22-c, 0.004955
2023-07-18T18:23:31.638, ubuntu22-c, 0.006776
2023-07-18T18:23:31.844, ubuntu22-c, 0.005052
2023-07-18T18:23:32.049, ubuntu22-c, 0.004945
2023-07-18T18:23:32.254, ubuntu22-c, 0.004874
2023-07-18T18:23:32.460, ubuntu22-c, 0.005047
2023-07-18T18:23:32.665, ubuntu22-c, 0.004842
2023-07-18T18:23:32.872, ubuntu22-c, 0.006711
2023-07-18T18:23:33.077, ubuntu22-c, 0.005022
2023-07-18T18:23:33.282, ubuntu22-c, 0.004786
2023-07-18T18:23:33.487, ubuntu22-c, 0.004744
2023-07-18T18:23:33.693, ubuntu22-c, 0.004860
2023-07-18T18:23:33.898, ubuntu22-c, 0.004801
2023-07-18T18:23:34.103, ubuntu22-c, 0.004923
2023-07-18T18:23:34.309, ubuntu22-c, 0.005152
2023-07-18T18:23:34.514, ubuntu22-c, 0.004718
2023-07-18T18:23:34.719, ubuntu22-c, 0.004675
2023-07-18T18:23:34.924, ubuntu22-c, 0.004874
2023-07-18T18:23:35.129, ubuntu22-c, 0.005077
2023-07-18T18:23:35.335, ubuntu22-c, 0.005208
2023-07-18T18:23:35.541, ubuntu22-c, 0.005600
2023-07-18T18:23:35.746, ubuntu22-c, 0.004830
2023-07-18T18:23:35.952, ubuntu22-c, 0.005354
2023-07-18T18:23:36.162, ubuntu22-b, 0.009928
2023-07-18T18:23:36.368, ubuntu22-c, 0.004989
2023-07-18T18:23:36.579, ubuntu22-c, 0.011143
2023-07-18T18:23:36.784, ubuntu22-b, 0.004829
2023-07-18T18:23:36.993, ubuntu22-c, 0.008737
2023-07-18T18:23:37.199, ubuntu22-c, 0.005334
2023-07-18T18:23:37.404, ubuntu22-b, 0.004782
2023-07-18T18:23:37.610, ubuntu22-b, 0.005460
2023-07-18T18:23:37.814, , 
2023-07-18T18:23:38.020, ubuntu22-b, 0.006341
2023-07-18T18:23:38.226, ubuntu22-b, 0.004872
2023-07-18T18:23:38.431, ubuntu22-b, 0.004953
2023-07-18T18:23:38.637, ubuntu22-b, 0.005591
2023-07-18T18:23:38.845, ubuntu22-b, 0.007724
2023-07-18T18:23:39.053, ubuntu22-b, 0.008059
2023-07-18T18:23:39.259, ubuntu22-b, 0.004983
2023-07-18T18:23:39.464, ubuntu22-b, 0.005149
2023-07-18T18:23:39.670, ubuntu22-b, 0.005416
2023-07-18T18:23:39.876, ubuntu22-b, 0.005120
2023-07-18T18:23:40.082, ubuntu22-b, 0.005700
2023-07-18T18:23:40.287, ubuntu22-b, 0.004767
2023-07-18T18:23:40.492, ubuntu22-b, 0.004946
2023-07-18T18:23:40.697, ubuntu22-b, 0.004868
2023-07-18T18:23:40.903, ubuntu22-b, 0.005282
2023-07-18T18:23:41.108, ubuntu22-b, 0.005052
2023-07-18T18:23:41.317, ubuntu22-b, 0.007593
2023-07-18T18:23:41.522, ubuntu22-b, 0.004964
2023-07-18T18:23:41.727, ubuntu22-b, 0.004816
2023-07-18T18:23:41.933, ubuntu22-b, 0.004974
2023-07-18T18:23:42.138, ubuntu22-b, 0.005368
2023-07-18T18:23:42.344, ubuntu22-b, 0.005041
2023-07-18T18:23:42.550, ubuntu22-b, 0.005440
2023-07-18T18:23:42.755, ubuntu22-b, 0.004735
2023-07-18T18:23:42.960, ubuntu22-b, 0.004756
2023-07-18T18:23:43.165, ubuntu22-b, 0.004915
2023-07-18T18:23:43.371, ubuntu22-b, 0.004704
2023-07-18T18:23:43.576, ubuntu22-b, 0.004714
2023-07-18T18:23:43.782, ubuntu22-b, 0.005634
2023-07-18T18:23:43.987, ubuntu22-b, 0.005213
2023-07-18T18:23:44.193, ubuntu22-d, 0.005260
2023-07-18T18:23:44.398, ubuntu22-d, 0.004745
2023-07-18T18:23:44.603, ubuntu22-d, 0.004869
2023-07-18T18:23:44.877, , 
2023-07-18T18:23:45.084, ubuntu22-d, 0.006340
2023-07-18T18:23:45.290, ubuntu22-d, 0.005681
2023-07-18T18:23:45.498, ubuntu22-d, 0.007782
2023-07-18T18:23:45.704, ubuntu22-d, 0.004868
2023-07-18T18:23:45.909, ubuntu22-d, 0.005104
2023-07-18T18:23:46.114, ubuntu22-d, 0.004838
2023-07-18T18:23:46.320, ubuntu22-d, 0.004815
2023-07-18T18:23:46.525, ubuntu22-d, 0.005006
2023-07-18T18:23:46.730, ubuntu22-d, 0.004851
2023-07-18T18:23:46.935, ubuntu22-d, 0.004979
2023-07-18T18:23:47.141, ubuntu22-d, 0.005316
2023-07-18T18:23:47.347, ubuntu22-d, 0.005095
2023-07-18T18:23:47.552, ubuntu22-d, 0.004909
2023-07-18T18:23:47.763, ubuntu22-d, 0.010945
2023-07-18T18:23:47.969, ubuntu22-d, 0.004902
2023-07-18T18:23:48.174, ubuntu22-d, 0.004760
2023-07-18T18:23:48.379, ubuntu22-d, 0.004947
2023-07-18T18:23:48.584, ubuntu22-d, 0.004829
2023-07-18T18:23:48.790, ubuntu22-d, 0.004844
2023-07-18T18:23:48.995, ubuntu22-d, 0.004937
2023-07-18T18:23:49.200, ubuntu22-d, 0.005221
2023-07-18T18:23:49.406, ubuntu22-d, 0.004941
2023-07-18T18:23:49.611, ubuntu22-d, 0.004645
2023-07-18T18:23:49.816, ubuntu22-d, 0.004665
2023-07-18T18:23:50.021, ubuntu22-d, 0.004751
2023-07-18T18:23:50.228, ubuntu22-d, 0.005930
2023-07-18T18:23:50.434, ubuntu22-d, 0.006377
2023-07-18T18:23:50.640, ubuntu22-d, 0.004962
2023-07-18T18:23:50.845, ubuntu22-d, 0.005107
2023-07-18T18:23:51.050, ubuntu22-d, 0.004849
2023-07-18T18:23:51.256, ubuntu22-d, 0.004927
2023-07-18T18:23:51.461, ubuntu22-d, 0.004815
2023-07-18T18:23:51.666, ubuntu22-d, 0.004797
2023-07-18T18:23:51.871, ubuntu22-d, 0.004845
2023-07-18T18:23:52.078, ubuntu22-d, 0.006153
2023-07-18T18:23:52.283, ubuntu22-d, 0.005311
2023-07-18T18:23:52.489, ubuntu22-d, 0.005311
2023-07-18T18:23:52.694, ubuntu22-d, 0.004816
2023-07-18T18:23:52.900, ubuntu22-d, 0.004827
2023-07-18T18:23:53.105, ubuntu22-d, 0.004969
2023-07-18T18:23:53.311, ubuntu22-d, 0.005190
2023-07-18T18:23:53.516, ubuntu22-d, 0.005002
2023-07-18T18:23:53.721, ubuntu22-d, 0.004918
2023-07-18T18:23:53.927, ubuntu22-d, 0.004905
2023-07-18T18:23:54.132, ubuntu22-d, 0.004873
2023-07-18T18:23:54.338, ubuntu22-b, 0.005459
2023-07-18T18:23:54.543, ubuntu22-d, 0.005081
2023-07-18T18:23:54.748, ubuntu22-b, 0.004810
2023-07-18T18:23:54.954, ubuntu22-b, 0.004988
2023-07-18T18:23:55.159, ubuntu22-b, 0.004959
2023-07-18T18:23:55.364, ubuntu22-b, 0.005128
2023-07-18T18:23:55.570, ubuntu22-d, 0.005033
2023-07-18T18:23:55.776, ubuntu22-b, 0.005629
2023-07-18T18:23:55.981, ubuntu22-b, 0.004924
2023-07-18T18:23:56.186, ubuntu22-b, 0.004747
2023-07-18T18:23:56.391, ubuntu22-b, 0.004809
2023-07-18T18:23:56.604, ubuntu22-b, 0.012163
2023-07-18T18:23:56.809, ubuntu22-b, 0.004943
2023-07-18T18:23:57.015, ubuntu22-b, 0.005841
2023-07-18T18:23:57.228, ubuntu22-b, 0.011804
2023-07-18T18:23:57.433, ubuntu22-b, 0.004930
2023-07-18T18:23:57.641, ubuntu22-b, 0.007487
2023-07-18T18:23:57.853, ubuntu22-b, 0.012215
2023-07-18T18:23:58.061, ubuntu22-b, 0.006659
2023-07-18T18:23:58.269, ubuntu22-b, 0.008471
2023-07-18T18:23:58.476, ubuntu22-b, 0.005783
2023-07-18T18:23:58.682, ubuntu22-b, 0.005915
2023-07-18T18:23:58.888, ubuntu22-b, 0.005095
2023-07-18T18:23:59.093, ubuntu22-b, 0.005300
2023-07-18T18:23:59.302, ubuntu22-b, 0.008327
2023-07-18T18:23:59.507, ubuntu22-b, 0.005079
2023-07-18T18:23:59.713, ubuntu22-b, 0.005135
2023-07-18T18:23:59.919, ubuntu22-b, 0.005517
2023-07-18T18:24:00.124, ubuntu22-b, 0.005113
2023-07-18T18:24:00.330, ubuntu22-b, 0.005165
2023-07-18T18:24:00.535, ubuntu22-b, 0.005094
2023-07-18T18:24:00.743, ubuntu22-b, 0.006320
2023-07-18T18:24:00.949, ubuntu22-b, 0.005378
2023-07-18T18:24:01.155, ubuntu22-b, 0.005317
2023-07-18T18:24:01.361, ubuntu22-b, 0.005145
2023-07-18T18:24:01.566, ubuntu22-b, 0.005248
2023-07-18T18:24:01.772, ubuntu22-b, 0.005614
2023-07-18T18:24:01.978, ubuntu22-b, 0.005119
2023-07-18T18:24:02.183, ubuntu22-d, 0.004951
2023-07-18T18:24:02.389, ubuntu22-d, 0.004916
2023-07-18T18:24:02.594, ubuntu22-d, 0.004989
2023-07-18T18:24:02.800, ubuntu22-b, 0.005623
2023-07-18T18:24:03.005, ubuntu22-b, 0.004646
2023-07-18T18:24:03.211, ubuntu22-b, 0.005010
2023-07-18T18:24:03.416, ubuntu22-b, 0.004951
2023-07-18T18:24:03.621, ubuntu22-d, 0.004775
2023-07-18T18:24:03.827, ubuntu22-b, 0.005262
2023-07-18T18:24:04.033, ubuntu22-d, 0.005259
2023-07-18T18:24:04.239, ubuntu22-d, 0.005082
2023-07-18T18:24:04.444, ubuntu22-d, 0.005190
2023-07-18T18:24:04.650, ubuntu22-d, 0.005033
2023-07-18T18:24:04.856, ubuntu22-d, 0.005066
2023-07-18T18:24:05.061, ubuntu22-d, 0.005178
2023-07-18T18:24:05.278, ubuntu22-d, 0.015904
2023-07-18T18:24:05.487, ubuntu22-d, 0.008522
2023-07-18T18:24:05.692, ubuntu22-d, 0.005108
2023-07-18T18:24:05.898, ubuntu22-d, 0.005208
2023-07-18T18:24:06.105, ubuntu22-d, 0.007413
2023-07-18T18:24:06.311, ubuntu22-d, 0.005555
2023-07-18T18:24:06.519, ubuntu22-d, 0.007072
2023-07-18T18:24:06.725, ubuntu22-d, 0.005933
2023-07-18T18:24:06.931, ubuntu22-d, 0.005343
2023-07-18T18:24:07.136, ubuntu22-d, 0.005058
2023-07-18T18:24:07.341, ubuntu22-d, 0.004892
2023-07-18T18:24:07.548, ubuntu22-d, 0.005913
2023-07-18T18:24:07.753, ubuntu22-d, 0.005141
2023-07-18T18:24:07.958, ubuntu22-d, 0.004803
2023-07-18T18:24:08.164, ubuntu22-d, 0.005509
2023-07-18T18:24:08.370, ubuntu22-d, 0.005435
2023-07-18T18:24:08.577, ubuntu22-d, 0.006252
2023-07-18T18:24:08.782, ubuntu22-d, 0.004918
2023-07-18T18:24:08.988, ubuntu22-d, 0.005243
2023-07-18T18:24:09.193, ubuntu22-d, 0.004761
2023-07-18T18:24:09.398, ubuntu22-d, 0.005290
2023-07-18T18:24:09.604, ubuntu22-c, 0.005700
2023-07-18T18:24:09.810, ubuntu22-d, 0.004938
2023-07-18T18:24:10.015, ubuntu22-c, 0.005199
2023-07-18T18:24:10.221, ubuntu22-c, 0.005033
2023-07-18T18:24:10.427, ubuntu22-c, 0.005964
2023-07-18T18:24:10.633, ubuntu22-d, 0.005179
2023-07-18T18:24:10.838, ubuntu22-d, 0.004867
2023-07-18T18:24:11.043, ubuntu22-c, 0.004912
2023-07-18T18:24:11.248, ubuntu22-c, 0.004709
2023-07-18T18:24:11.453, ubuntu22-c, 0.004956
2023-07-18T18:24:11.658, ubuntu22-c, 0.004829
2023-07-18T18:24:11.864, ubuntu22-c, 0.004939
2023-07-18T18:24:12.069, ubuntu22-c, 0.005434
2023-07-18T18:24:12.276, ubuntu22-c, 0.005977
2023-07-18T18:24:12.481, ubuntu22-c, 0.004673
2023-07-18T18:24:12.686, ubuntu22-c, 0.004759
2023-07-18T18:24:12.892, ubuntu22-c, 0.005693
2023-07-18T18:24:13.097, ubuntu22-c, 0.005176
2023-07-18T18:24:13.302, ubuntu22-c, 0.004674
2023-07-18T18:24:13.507, ubuntu22-c, 0.004870
2023-07-18T18:24:13.712, ubuntu22-c, 0.004524
2023-07-18T18:24:13.917, ubuntu22-c, 0.004712
2023-07-18T18:24:14.123, ubuntu22-c, 0.004781
2023-07-18T18:24:14.328, ubuntu22-c, 0.004723
2023-07-18T18:24:14.533, ubuntu22-c, 0.004730
2023-07-18T18:24:14.738, ubuntu22-c, 0.004841
2023-07-18T18:24:14.944, ubuntu22-c, 0.006145
2023-07-18T18:24:15.152, ubuntu22-c, 0.007205
2023-07-18T18:24:15.358, ubuntu22-c, 0.005285
2023-07-18T18:24:15.564, ubuntu22-c, 0.006413
2023-07-18T18:24:15.770, ubuntu22-c, 0.005226
2023-07-18T18:24:15.976, ubuntu22-c, 0.005127
2023-07-18T18:24:16.184, ubuntu22-c, 0.008169
2023-07-18T18:24:16.390, ubuntu22-c, 0.005787
2023-07-18T18:24:16.596, ubuntu22-c, 0.005289
2023-07-18T18:24:16.802, ubuntu22-c, 0.005464
2023-07-18T18:24:17.008, ubuntu22-c, 0.005578
2023-07-18T18:24:17.213, ubuntu22-c, 0.005133
2023-07-18T18:24:17.419, ubuntu22-c, 0.005090
2023-07-18T18:24:17.625, ubuntu22-c, 0.005801
2023-07-18T18:24:17.831, ubuntu22-c, 0.005248
2023-07-18T18:24:18.036, ubuntu22-c, 0.005145
2023-07-18T18:24:18.241, ubuntu22-c, 0.005024
2023-07-18T18:24:18.449, ubuntu22-c, 0.007311
2023-07-18T18:24:18.655, ubuntu22-c, 0.004967
2023-07-18T18:24:18.860, ubuntu22-c, 0.004916
2023-07-18T18:24:19.068, ubuntu22-c, 0.007802
2023-07-18T18:24:19.274, ubuntu22-c, 0.005673
2023-07-18T18:24:19.480, ubuntu22-c, 0.006079
2023-07-18T18:24:19.686, ubuntu22-c, 0.005056
2023-07-18T18:24:19.891, ubuntu22-c, 0.005035
2023-07-18T18:24:20.096, ubuntu22-c, 0.005000
2023-07-18T18:24:20.302, ubuntu22-c, 0.005146
2023-07-18T18:24:20.510, ubuntu22-c, 0.007211
2023-07-18T18:24:20.715, ubuntu22-c, 0.005207
2023-07-18T18:24:20.921, ubuntu22-c, 0.005182
2023-07-18T18:24:21.126, ubuntu22-c, 0.004986
2023-07-18T18:24:21.332, ubuntu22-c, 0.005632
2023-07-18T18:24:21.538, ubuntu22-b, 0.005319
2023-07-18T18:24:21.743, ubuntu22-b, 0.004725
2023-07-18T18:24:21.949, ubuntu22-c, 0.005790
2023-07-18T18:24:22.158, ubuntu22-b, 0.005135
2023-07-18T18:24:22.364, ubuntu22-c, 0.005881
2023-07-18T18:24:22.570, ubuntu22-b, 0.005090
2023-07-18T18:24:22.776, ubuntu22-b, 0.006016
2023-07-18T18:24:22.982, ubuntu22-b, 0.005165
2023-07-18T18:24:23.186, , 
2023-07-18T18:24:23.394, ubuntu22-b, 0.007253
2023-07-18T18:24:23.600, ubuntu22-b, 0.005335
2023-07-18T18:24:23.805, ubuntu22-b, 0.005191
2023-07-18T18:24:24.017, ubuntu22-b, 0.011583
2023-07-18T18:24:24.229, ubuntu22-b, 0.011504
2023-07-18T18:24:24.441, ubuntu22-b, 0.011921
2023-07-18T18:24:24.653, ubuntu22-b, 0.011414
2023-07-18T18:24:24.863, ubuntu22-b, 0.009295
2023-07-18T18:24:25.070, ubuntu22-b, 0.006596
2023-07-18T18:24:25.276, ubuntu22-b, 0.004748
2023-07-18T18:24:25.481, ubuntu22-b, 0.005221
2023-07-18T18:24:25.693, ubuntu22-b, 0.011554
2023-07-18T18:24:25.908, ubuntu22-b, 0.014348
2023-07-18T18:24:26.113, ubuntu22-b, 0.004727
2023-07-18T18:24:26.318, ubuntu22-b, 0.005097
2023-07-18T18:24:26.525, ubuntu22-b, 0.006137
2023-07-18T18:24:26.735, ubuntu22-b, 0.010003
2023-07-18T18:24:26.940, ubuntu22-b, 0.004706
2023-07-18T18:24:27.146, ubuntu22-b, 0.005304
2023-07-18T18:24:27.352, ubuntu22-b, 0.005948
2023-07-18T18:24:27.558, ubuntu22-b, 0.004970
2023-07-18T18:24:27.765, ubuntu22-b, 0.006699
2023-07-18T18:24:27.970, ubuntu22-b, 0.004933
2023-07-18T18:24:28.176, ubuntu22-b, 0.004837
2023-07-18T18:24:28.381, ubuntu22-b, 0.005157
2023-07-18T18:24:28.586, ubuntu22-b, 0.004848
2023-07-18T18:24:28.792, ubuntu22-b, 0.004956
2023-07-18T18:24:28.997, ubuntu22-b, 0.005118
2023-07-18T18:24:29.202, ubuntu22-b, 0.004757
2023-07-18T18:24:29.408, ubuntu22-b, 0.005021
2023-07-18T18:24:29.619, ubuntu22-b, 0.011077
2023-07-18T18:24:29.825, ubuntu22-c, 0.005475
2023-07-18T18:24:30.031, ubuntu22-c, 0.004980
2023-07-18T18:24:30.236, ubuntu22-b, 0.005185
2023-07-18T18:24:30.441, ubuntu22-c, 0.004758
2023-07-18T18:24:30.647, ubuntu22-c, 0.004977
2023-07-18T18:24:30.852, ubuntu22-b, 0.005123
2023-07-18T18:24:31.058, ubuntu22-c, 0.005038
2023-07-18T18:24:31.263, ubuntu22-c, 0.004949
2023-07-18T18:24:31.469, ubuntu22-c, 0.005531
2023-07-18T18:24:31.674, ubuntu22-c, 0.004865
2023-07-18T18:24:31.879, ubuntu22-c, 0.005124
2023-07-18T18:24:32.085, ubuntu22-c, 0.004986
2023-07-18T18:24:32.290, ubuntu22-c, 0.004928
2023-07-18T18:24:32.495, ubuntu22-c, 0.005088
2023-07-18T18:24:32.705, ubuntu22-c, 0.008816
2023-07-18T18:24:32.910, ubuntu22-c, 0.005092
2023-07-18T18:24:33.115, ubuntu22-c, 0.004969
2023-07-18T18:24:33.321, ubuntu22-c, 0.005231
2023-07-18T18:24:33.527, ubuntu22-c, 0.005332
2023-07-18T18:24:33.733, ubuntu22-c, 0.006075
2023-07-18T18:24:33.940, ubuntu22-c, 0.006538
2023-07-18T18:24:34.148, ubuntu22-c, 0.007502
2023-07-18T18:24:34.354, ubuntu22-c, 0.005175
2023-07-18T18:24:34.560, ubuntu22-c, 0.005702
2023-07-18T18:24:34.765, ubuntu22-c, 0.004830
2023-07-18T18:24:34.970, ubuntu22-c, 0.004944
2023-07-18T18:24:35.176, ubuntu22-c, 0.005758
2023-07-18T18:24:35.381, ubuntu22-c, 0.005054
2023-07-18T18:24:35.587, ubuntu22-c, 0.004860
2023-07-18T18:24:35.792, ubuntu22-c, 0.004950
2023-07-18T18:24:35.998, ubuntu22-c, 0.005127
2023-07-18T18:24:36.202, ubuntu22-c, 0.004589
2023-07-18T18:24:36.408, ubuntu22-c, 0.004926
2023-07-18T18:24:36.613, ubuntu22-c, 0.005243
2023-07-18T18:24:36.818, ubuntu22-c, 0.004747
2023-07-18T18:24:37.025, ubuntu22-c, 0.006451
2023-07-18T18:24:37.231, ubuntu22-c, 0.004932
2023-07-18T18:24:37.436, ubuntu22-c, 0.005064
2023-07-18T18:24:37.641, ubuntu22-c, 0.004948
2023-07-18T18:24:37.848, ubuntu22-c, 0.005993
2023-07-18T18:24:38.053, ubuntu22-c, 0.004803
2023-07-18T18:24:38.258, ubuntu22-c, 0.004850
2023-07-18T18:24:38.464, ubuntu22-c, 0.004994
2023-07-18T18:24:38.669, ubuntu22-c, 0.005120
2023-07-18T18:24:38.874, ubuntu22-c, 0.004765
2023-07-18T18:24:39.080, ubuntu22-c, 0.005238
2023-07-18T18:24:39.285, ubuntu22-c, 0.004930
2023-07-18T18:24:39.490, ubuntu22-c, 0.004850
2023-07-18T18:24:39.696, ubuntu22-b, 0.004957
2023-07-18T18:24:39.901, ubuntu22-b, 0.004691
2023-07-18T18:24:40.106, ubuntu22-c, 0.004864
2023-07-18T18:24:40.311, ubuntu22-b, 0.005000
2023-07-18T18:24:40.517, ubuntu22-b, 0.005010
2023-07-18T18:24:40.722, ubuntu22-b, 0.004889
2023-07-18T18:24:40.928, ubuntu22-b, 0.005523
2023-07-18T18:24:41.161, ubuntu22-b, 0.032706
2023-07-18T18:24:41.366, ubuntu22-b, 0.004884
2023-07-18T18:24:41.650, ubuntu22-b, 0.083439
2023-07-18T18:24:41.855, ubuntu22-b, 0.004927
2023-07-18T18:24:42.061, ubuntu22-b, 0.004996
2023-07-18T18:24:42.266, ubuntu22-b, 0.004741
2023-07-18T18:24:42.471, ubuntu22-b, 0.004799
2023-07-18T18:24:42.676, ubuntu22-b, 0.004973
2023-07-18T18:24:42.882, ubuntu22-b, 0.004961
2023-07-18T18:24:43.088, ubuntu22-b, 0.005617
2023-07-18T18:24:43.304, ubuntu22-b, 0.015640
2023-07-18T18:24:43.509, ubuntu22-b, 0.004825
2023-07-18T18:24:43.714, ubuntu22-b, 0.005216
2023-07-18T18:24:43.919, ubuntu22-b, 0.004717
2023-07-18T18:24:44.125, ubuntu22-b, 0.004872
2023-07-18T18:24:44.330, ubuntu22-b, 0.005010
2023-07-18T18:24:44.535, ubuntu22-b, 0.004741
2023-07-18T18:24:44.740, ubuntu22-b, 0.004726
2023-07-18T18:24:44.946, ubuntu22-b, 0.004869
2023-07-18T18:24:45.151, ubuntu22-b, 0.005127
2023-07-18T18:24:45.357, ubuntu22-b, 0.005770
2023-07-18T18:24:45.562, ubuntu22-b, 0.004804
2023-07-18T18:24:45.768, ubuntu22-b, 0.004783
2023-07-18T18:24:45.973, ubuntu22-b, 0.004924
2023-07-18T18:24:46.183, ubuntu22-d, 0.008989
2023-07-18T18:24:46.388, ubuntu22-d, 0.004872
2023-07-18T18:24:46.593, ubuntu22-d, 0.005053
2023-07-18T18:24:46.799, ubuntu22-b, 0.004932
2023-07-18T18:24:47.004, ubuntu22-d, 0.005213
2023-07-18T18:24:47.210, ubuntu22-b, 0.005224
2023-07-18T18:24:47.415, ubuntu22-d, 0.004813
2023-07-18T18:24:47.620, ubuntu22-d, 0.004908
2023-07-18T18:24:47.826, ubuntu22-d, 0.005280
2023-07-18T18:24:48.031, ubuntu22-d, 0.004951
2023-07-18T18:24:48.237, ubuntu22-d, 0.005504
2023-07-18T18:24:48.442, ubuntu22-d, 0.004883
2023-07-18T18:24:48.647, ubuntu22-d, 0.004950
2023-07-18T18:24:48.853, ubuntu22-d, 0.005220
2023-07-18T18:24:49.058, ubuntu22-d, 0.005007
2023-07-18T18:24:49.264, ubuntu22-d, 0.005064
2023-07-18T18:24:49.469, ubuntu22-d, 0.004965
2023-07-18T18:24:49.674, ubuntu22-d, 0.004895
2023-07-18T18:24:49.880, ubuntu22-d, 0.004846
2023-07-18T18:24:50.085, ubuntu22-d, 0.004969
2023-07-18T18:24:50.291, ubuntu22-d, 0.005026
2023-07-18T18:24:50.496, ubuntu22-d, 0.005073
2023-07-18T18:24:50.701, ubuntu22-d, 0.004999
2023-07-18T18:24:50.907, ubuntu22-d, 0.004962
2023-07-18T18:24:51.112, ubuntu22-d, 0.005127
2023-07-18T18:24:51.318, ubuntu22-d, 0.004987
2023-07-18T18:24:51.523, ubuntu22-d, 0.005359
2023-07-18T18:24:51.728, ubuntu22-d, 0.004994
2023-07-18T18:24:51.934, ubuntu22-d, 0.005034
2023-07-18T18:24:52.139, ubuntu22-d, 0.004828
2023-07-18T18:24:52.344, ubuntu22-d, 0.004890
2023-07-18T18:24:52.550, ubuntu22-d, 0.005005
2023-07-18T18:24:52.755, ubuntu22-d, 0.004869
2023-07-18T18:24:52.960, ubuntu22-d, 0.005037
2023-07-18T18:24:53.166, ubuntu22-c, 0.005298
2023-07-18T18:24:53.371, ubuntu22-c, 0.005082
2023-07-18T18:24:53.576, ubuntu22-c, 0.004724
2023-07-18T18:24:53.782, ubuntu22-d, 0.005083
2023-07-18T18:24:53.987, ubuntu22-d, 0.005114
2023-07-18T18:24:54.191, , 
2023-07-18T18:24:54.399, ubuntu22-c, 0.006947
2023-07-18T18:24:59.608, , 
2023-07-18T18:24:59.816, ubuntu22-c, 0.007199
2023-07-18T18:25:00.022, ubuntu22-c, 0.005516
2023-07-18T18:25:00.227, ubuntu22-c, 0.005289
2023-07-18T18:25:00.434, ubuntu22-d, 0.006460
2023-07-18T18:25:00.640, ubuntu22-c, 0.005375
2023-07-18T18:25:00.846, ubuntu22-d, 0.005483
2023-07-18T18:25:01.051, ubuntu22-d, 0.005254
2023-07-18T18:25:01.257, ubuntu22-d, 0.005214
2023-07-18T18:25:01.463, ubuntu22-d, 0.005700
2023-07-18T18:25:01.669, ubuntu22-d, 0.005429
2023-07-18T18:25:01.875, ubuntu22-d, 0.005355
2023-07-18T18:25:02.082, ubuntu22-d, 0.007259
2023-07-18T18:25:02.288, ubuntu22-d, 0.004985
2023-07-18T18:25:02.493, ubuntu22-d, 0.005128
2023-07-18T18:25:02.699, ubuntu22-d, 0.005125
2023-07-18T18:25:02.904, ubuntu22-d, 0.005238
2023-07-18T18:25:03.110, ubuntu22-d, 0.005481
2023-07-18T18:25:03.317, ubuntu22-d, 0.006677
2023-07-18T18:25:03.523, ubuntu22-d, 0.005554
2023-07-18T18:25:03.729, ubuntu22-d, 0.005666
2023-07-18T18:25:03.939, ubuntu22-d, 0.008950
2023-07-18T18:25:04.144, ubuntu22-d, 0.005457
2023-07-18T18:25:04.350, ubuntu22-d, 0.005586
2023-07-18T18:25:04.556, ubuntu22-d, 0.005099
2023-07-18T18:25:04.761, ubuntu22-d, 0.005028
2023-07-18T18:25:04.968, ubuntu22-d, 0.005896
2023-07-18T18:25:05.173, ubuntu22-d, 0.005429
2023-07-18T18:25:05.379, ubuntu22-d, 0.005300
2023-07-18T18:25:05.585, ubuntu22-d, 0.005247
2023-07-18T18:25:05.790, ubuntu22-d, 0.005407
2023-07-18T18:25:05.996, ubuntu22-d, 0.005237
2023-07-18T18:25:06.202, ubuntu22-d, 0.005292
2023-07-18T18:25:06.407, ubuntu22-d, 0.005265
2023-07-18T18:25:06.613, ubuntu22-d, 0.005527
2023-07-18T18:25:06.819, ubuntu22-d, 0.005307
2023-07-18T18:25:07.025, ubuntu22-d, 0.005624
2023-07-18T18:25:07.231, ubuntu22-d, 0.005693
2023-07-18T18:25:07.437, ubuntu22-d, 0.005408
2023-07-18T18:25:07.643, ubuntu22-d, 0.005295
2023-07-18T18:25:07.848, ubuntu22-d, 0.005258
2023-07-18T18:25:08.054, ubuntu22-d, 0.005290
2023-07-18T18:25:08.260, ubuntu22-d, 0.005144
2023-07-18T18:25:08.465, ubuntu22-d, 0.005029
2023-07-18T18:25:08.670, ubuntu22-d, 0.005030
2023-07-18T18:25:08.875, ubuntu22-d, 0.004866
2023-07-18T18:25:09.081, ubuntu22-d, 0.005270
2023-07-18T18:25:09.286, ubuntu22-d, 0.004886
2023-07-18T18:25:09.492, ubuntu22-d, 0.005257
2023-07-18T18:25:09.697, ubuntu22-d, 0.004892
2023-07-18T18:25:09.903, ubuntu22-d, 0.005221
2023-07-18T18:25:10.109, ubuntu22-d, 0.005340
2023-07-18T18:25:10.323, ubuntu22-d, 0.013938
2023-07-18T18:25:10.528, ubuntu22-d, 0.005141
2023-07-18T18:25:10.737, ubuntu22-d, 0.008025
2023-07-18T18:25:10.943, ubuntu22-b, 0.005669
2023-07-18T18:25:11.148, ubuntu22-b, 0.005147
2023-07-18T18:25:11.354, ubuntu22-b, 0.005373
2023-07-18T18:25:11.560, ubuntu22-b, 0.005531
2023-07-18T18:25:11.766, ubuntu22-b, 0.005111
2023-07-18T18:25:11.971, ubuntu22-d, 0.004697
2023-07-18T18:25:12.177, ubuntu22-b, 0.005846
2023-07-18T18:25:12.385, ubuntu22-b, 0.007618
2023-07-18T18:25:12.597, ubuntu22-b, 0.011931
2023-07-18T18:25:12.805, ubuntu22-b, 0.007623
2023-07-18T18:25:13.021, ubuntu22-b, 0.015543
2023-07-18T18:25:13.242, ubuntu22-b, 0.020625
2023-07-18T18:25:13.448, ubuntu22-b, 0.005184
2023-07-18T18:25:13.653, ubuntu22-b, 0.005005
2023-07-18T18:25:13.858, ubuntu22-b, 0.004815
2023-07-18T18:25:14.064, ubuntu22-b, 0.004952
2023-07-18T18:25:14.269, ubuntu22-b, 0.004752
2023-07-18T18:25:14.477, ubuntu22-b, 0.008278
2023-07-18T18:25:14.682, ubuntu22-b, 0.004714
2023-07-18T18:25:14.887, ubuntu22-b, 0.004851
2023-07-18T18:25:15.096, ubuntu22-b, 0.007991
2023-07-18T18:25:15.301, ubuntu22-b, 0.004748
2023-07-18T18:25:15.506, ubuntu22-b, 0.005020
2023-07-18T18:25:15.712, ubuntu22-b, 0.004698
2023-07-18T18:25:15.917, ubuntu22-b, 0.004930
2023-07-18T18:25:16.122, ubuntu22-b, 0.005003
2023-07-18T18:25:16.328, ubuntu22-b, 0.005225
2023-07-18T18:25:16.541, ubuntu22-b, 0.012741
2023-07-18T18:25:16.749, ubuntu22-b, 0.008036
2023-07-18T18:25:16.955, ubuntu22-b, 0.005173
2023-07-18T18:25:17.164, ubuntu22-b, 0.008739
2023-07-18T18:25:17.370, ubuntu22-b, 0.005379
2023-07-18T18:25:17.576, ubuntu22-b, 0.005320
2023-07-18T18:25:17.781, ubuntu22-b, 0.004979
2023-07-18T18:25:17.986, ubuntu22-b, 0.004932
2023-07-18T18:25:18.192, ubuntu22-b, 0.004880
2023-07-18T18:25:18.398, ubuntu22-c, 0.005666
2023-07-18T18:25:18.603, ubuntu22-c, 0.004979
2023-07-18T18:25:18.808, ubuntu22-b, 0.005059
2023-07-18T18:25:19.017, ubuntu22-c, 0.008512
2023-07-18T18:25:19.224, ubuntu22-c, 0.005959
2023-07-18T18:25:19.430, ubuntu22-c, 0.005659
2023-07-18T18:25:19.635, ubuntu22-c, 0.004915
2023-07-18T18:25:19.840, ubuntu22-c, 0.004727
2023-07-18T18:25:20.045, ubuntu22-c, 0.004930
2023-07-18T18:25:20.250, ubuntu22-c, 0.004719
2023-07-18T18:25:20.460, ubuntu22-c, 0.009098
2023-07-18T18:25:20.665, ubuntu22-c, 0.005346
2023-07-18T18:25:20.872, ubuntu22-c, 0.005873
2023-07-18T18:25:21.077, ubuntu22-c, 0.005231
2023-07-18T18:25:21.283, ubuntu22-c, 0.004861
2023-07-18T18:25:21.495, ubuntu22-c, 0.012050
2023-07-18T18:25:21.701, ubuntu22-c, 0.005275
2023-07-18T18:25:21.907, ubuntu22-c, 0.005434
2023-07-18T18:25:22.112, ubuntu22-c, 0.004776
2023-07-18T18:25:22.317, ubuntu22-c, 0.004879
2023-07-18T18:25:22.522, ubuntu22-c, 0.004941
2023-07-18T18:25:22.728, ubuntu22-c, 0.004835
2023-07-18T18:25:22.933, ubuntu22-c, 0.005306
2023-07-18T18:25:23.138, ubuntu22-c, 0.004946
2023-07-18T18:25:23.344, ubuntu22-c, 0.005571
2023-07-18T18:25:23.550, ubuntu22-c, 0.004782
2023-07-18T18:25:23.756, ubuntu22-c, 0.005876
2023-07-18T18:25:23.961, ubuntu22-c, 0.004801
2023-07-18T18:25:24.166, ubuntu22-c, 0.004824
2023-07-18T18:25:24.371, ubuntu22-c, 0.004821
2023-07-18T18:25:24.577, ubuntu22-c, 0.005392
2023-07-18T18:25:24.782, ubuntu22-c, 0.004791
2023-07-18T18:25:24.989, ubuntu22-c, 0.005770
2023-07-18T18:25:25.194, ubuntu22-c, 0.004932
2023-07-18T18:25:25.399, ubuntu22-c, 0.004722
2023-07-18T18:25:25.604, ubuntu22-c, 0.004698
2023-07-18T18:25:25.810, ubuntu22-d, 0.005313
2023-07-18T18:25:26.015, ubuntu22-d, 0.005391
2023-07-18T18:25:26.221, ubuntu22-c, 0.004961
2023-07-18T18:25:26.426, , 
2023-07-18T18:25:26.632, ubuntu22-d, 0.005213
2023-07-18T18:25:26.838, ubuntu22-d, 0.005823
2023-07-18T18:25:27.046, ubuntu22-d, 0.007566
2023-07-18T18:25:27.252, ubuntu22-d, 0.005322
2023-07-18T18:25:27.458, ubuntu22-d, 0.005533
2023-07-18T18:25:27.664, ubuntu22-d, 0.005181
2023-07-18T18:25:27.878, ubuntu22-d, 0.013611
2023-07-18T18:25:28.084, ubuntu22-d, 0.005283
2023-07-18T18:25:28.289, ubuntu22-d, 0.005169
2023-07-18T18:25:28.495, ubuntu22-d, 0.005188
2023-07-18T18:25:28.704, ubuntu22-d, 0.008415
2023-07-18T18:25:28.914, ubuntu22-d, 0.010271
2023-07-18T18:25:29.120, ubuntu22-d, 0.005231
2023-07-18T18:25:29.326, ubuntu22-d, 0.005526
2023-07-18T18:25:29.532, ubuntu22-d, 0.005403
2023-07-18T18:25:29.738, ubuntu22-d, 0.005302
2023-07-18T18:25:29.943, ubuntu22-d, 0.005219
2023-07-18T18:25:30.149, ubuntu22-d, 0.005297
2023-07-18T18:25:30.355, ubuntu22-d, 0.005402
2023-07-18T18:25:30.561, ubuntu22-d, 0.005311
2023-07-18T18:25:30.767, ubuntu22-d, 0.005157
2023-07-18T18:25:30.973, ubuntu22-d, 0.005491
2023-07-18T18:25:31.178, ubuntu22-d, 0.005332
2023-07-18T18:25:31.384, ubuntu22-d, 0.005304
2023-07-18T18:25:31.591, ubuntu22-d, 0.005136
2023-07-18T18:25:31.797, ubuntu22-d, 0.006124
2023-07-18T18:25:32.003, ubuntu22-d, 0.005293
2023-07-18T18:25:32.209, ubuntu22-d, 0.005138
2023-07-18T18:25:32.414, ubuntu22-d, 0.005009
2023-07-18T18:25:32.620, ubuntu22-d, 0.005055
2023-07-18T18:25:32.825, ubuntu22-d, 0.005134
2023-07-18T18:25:33.031, ubuntu22-d, 0.005407
2023-07-18T18:25:33.237, ubuntu22-d, 0.005167
2023-07-18T18:25:33.443, ubuntu22-d, 0.005640
2023-07-18T18:25:33.648, ubuntu22-d, 0.004897
2023-07-18T18:25:33.853, ubuntu22-d, 0.004861
2023-07-18T18:25:34.059, ubuntu22-d, 0.005408
2023-07-18T18:25:34.265, ubuntu22-d, 0.004986
2023-07-18T18:25:34.470, ubuntu22-d, 0.005021
2023-07-18T18:25:34.676, ubuntu22-d, 0.005362
2023-07-18T18:25:34.882, ubuntu22-d, 0.005236
2023-07-18T18:25:35.087, ubuntu22-d, 0.005351
2023-07-18T18:25:35.293, ubuntu22-d, 0.005184
2023-07-18T18:25:35.499, ubuntu22-b, 0.005508
2023-07-18T18:25:35.705, ubuntu22-d, 0.005046
2023-07-18T18:25:35.910, ubuntu22-d, 0.005103
2023-07-18T18:25:36.116, ubuntu22-d, 0.005177
2023-07-18T18:25:36.322, ubuntu22-b, 0.005352
2023-07-18T18:25:36.536, ubuntu22-b, 0.014334
2023-07-18T18:25:36.745, ubuntu22-b, 0.008662
2023-07-18T18:25:36.953, ubuntu22-b, 0.007601
2023-07-18T18:25:37.173, ubuntu22-b, 0.019557
2023-07-18T18:25:37.382, ubuntu22-b, 0.008503
2023-07-18T18:25:37.591, ubuntu22-b, 0.008486
2023-07-18T18:25:37.797, ubuntu22-b, 0.005147
2023-07-18T18:25:38.002, ubuntu22-b, 0.005103
2023-07-18T18:25:38.208, ubuntu22-b, 0.005094
2023-07-18T18:25:38.414, ubuntu22-b, 0.005282
2023-07-18T18:25:38.619, ubuntu22-b, 0.005262
2023-07-18T18:25:38.841, ubuntu22-b, 0.021190
2023-07-18T18:25:39.048, ubuntu22-b, 0.006460
2023-07-18T18:25:39.255, ubuntu22-b, 0.006888
2023-07-18T18:25:39.461, ubuntu22-b, 0.005190
2023-07-18T18:25:39.670, ubuntu22-b, 0.008210
2023-07-18T18:25:39.876, ubuntu22-b, 0.005327
2023-07-18T18:25:40.082, ubuntu22-b, 0.005885
2023-07-18T18:25:40.289, ubuntu22-b, 0.006433
2023-07-18T18:25:40.495, ubuntu22-b, 0.005269
2023-07-18T18:25:40.700, ubuntu22-b, 0.004980
2023-07-18T18:25:40.906, ubuntu22-b, 0.005353
2023-07-18T18:25:41.112, ubuntu22-b, 0.005493
2023-07-18T18:25:41.317, ubuntu22-b, 0.004901
2023-07-18T18:25:41.523, ubuntu22-b, 0.005538
2023-07-18T18:25:41.729, ubuntu22-b, 0.005332
2023-07-18T18:25:41.935, ubuntu22-b, 0.005309
2023-07-18T18:25:42.141, ubuntu22-b, 0.005174
2023-07-18T18:25:42.347, ubuntu22-c, 0.005718
2023-07-18T18:25:42.553, ubuntu22-b, 0.006125
2023-07-18T18:25:42.759, ubuntu22-b, 0.005492
2023-07-18T18:25:42.965, ubuntu22-b, 0.005343
2023-07-18T18:25:43.171, ubuntu22-b, 0.005117
2023-07-18T18:25:43.377, ubuntu22-c, 0.005943
2023-07-18T18:25:43.585, ubuntu22-c, 0.007047
2023-07-18T18:25:43.792, ubuntu22-c, 0.006689
2023-07-18T18:25:43.997, ubuntu22-c, 0.005177
2023-07-18T18:25:44.203, ubuntu22-c, 0.004818
2023-07-18T18:25:44.408, ubuntu22-c, 0.004927
2023-07-18T18:25:44.613, ubuntu22-c, 0.004968
2023-07-18T18:25:44.818, ubuntu22-c, 0.004863
2023-07-18T18:25:45.024, ubuntu22-c, 0.005609
2023-07-18T18:25:45.230, ubuntu22-c, 0.005176
2023-07-18T18:25:45.436, ubuntu22-c, 0.005316
2023-07-18T18:25:45.641, ubuntu22-c, 0.004665
2023-07-18T18:25:45.846, ubuntu22-c, 0.005326
2023-07-18T18:25:46.053, ubuntu22-c, 0.006196
2023-07-18T18:25:46.259, ubuntu22-c, 0.005641
2023-07-18T18:25:46.464, ubuntu22-c, 0.005100
2023-07-18T18:25:46.670, ubuntu22-c, 0.005230
2023-07-18T18:25:46.876, ubuntu22-c, 0.005564
2023-07-18T18:25:47.081, ubuntu22-c, 0.005192
2023-07-18T18:25:47.287, ubuntu22-c, 0.005122
2023-07-18T18:25:47.493, ubuntu22-c, 0.005280
2023-07-18T18:25:47.698, ubuntu22-c, 0.005112
2023-07-18T18:25:47.904, ubuntu22-c, 0.005521
2023-07-18T18:25:48.111, ubuntu22-c, 0.006625
2023-07-18T18:25:48.317, ubuntu22-c, 0.005364
2023-07-18T18:25:48.522, ubuntu22-c, 0.004932
2023-07-18T18:25:48.729, ubuntu22-c, 0.005646
2023-07-18T18:25:48.935, ubuntu22-c, 0.005329
2023-07-18T18:25:49.141, ubuntu22-c, 0.005665
2023-07-18T18:25:49.347, ubuntu22-c, 0.005728
2023-07-18T18:25:49.553, ubuntu22-d, 0.005711
2023-07-18T18:25:49.759, ubuntu22-c, 0.005123
2023-07-18T18:25:49.965, ubuntu22-c, 0.005172
2023-07-18T18:25:50.170, ubuntu22-c, 0.005194
2023-07-18T18:25:50.376, ubuntu22-c, 0.005248
2023-07-18T18:25:50.582, ubuntu22-d, 0.005375
2023-07-18T18:25:50.788, ubuntu22-d, 0.005309
2023-07-18T18:25:50.994, ubuntu22-d, 0.005569
2023-07-18T18:25:51.199, ubuntu22-d, 0.005083
2023-07-18T18:25:51.405, ubuntu22-d, 0.005197
2023-07-18T18:25:51.611, ubuntu22-d, 0.005623
2023-07-18T18:25:51.816, ubuntu22-d, 0.004993
2023-07-18T18:25:52.022, ubuntu22-d, 0.005216
2023-07-18T18:25:52.228, ubuntu22-d, 0.005166
2023-07-18T18:25:52.433, ubuntu22-d, 0.005226
2023-07-18T18:25:52.639, ubuntu22-d, 0.005355
2023-07-18T18:25:52.844, ubuntu22-d, 0.005049
2023-07-18T18:25:53.050, ubuntu22-d, 0.005217
2023-07-18T18:25:53.256, ubuntu22-d, 0.005641
2023-07-18T18:25:53.462, ubuntu22-d, 0.005395
2023-07-18T18:25:53.668, ubuntu22-d, 0.005488
2023-07-18T18:25:53.874, ubuntu22-d, 0.005085
2023-07-18T18:25:54.079, ubuntu22-d, 0.005195
2023-07-18T18:25:54.285, ubuntu22-d, 0.005199
2023-07-18T18:25:54.490, ubuntu22-d, 0.004961
2023-07-18T18:25:54.696, ubuntu22-d, 0.005075
2023-07-18T18:25:54.901, ubuntu22-d, 0.005206
2023-07-18T18:25:55.107, ubuntu22-d, 0.005391
2023-07-18T18:25:55.313, ubuntu22-d, 0.005490
2023-07-18T18:25:55.520, ubuntu22-d, 0.006603
2023-07-18T18:25:55.726, ubuntu22-d, 0.005200
2023-07-18T18:25:55.932, ubuntu22-d, 0.005723
2023-07-18T18:25:56.138, ubuntu22-c, 0.006043
2023-07-18T18:25:56.344, ubuntu22-d, 0.005306
2023-07-18T18:25:56.550, ubuntu22-d, 0.005615
2023-07-18T18:25:56.756, ubuntu22-c, 0.005795
2023-07-18T18:25:56.963, ubuntu22-d, 0.006503
2023-07-18T18:25:57.168, ubuntu22-c, 0.004835
2023-07-18T18:25:57.374, ubuntu22-c, 0.005209
2023-07-18T18:25:57.579, ubuntu22-d, 0.004824
2023-07-18T18:25:57.785, ubuntu22-c, 0.005075
2023-07-18T18:25:57.990, ubuntu22-d, 0.005032
2023-07-18T18:25:58.194, , 
2023-07-18T18:25:58.400, ubuntu22-c, 0.005374
2023-07-18T18:25:58.612, ubuntu22-c, 0.011642
2023-07-18T18:25:58.817, ubuntu22-c, 0.005049
2023-07-18T18:25:59.023, ubuntu22-c, 0.005251
2023-07-18T18:25:59.228, ubuntu22-c, 0.005302
2023-07-18T18:25:59.433, ubuntu22-c, 0.005146
2023-07-18T18:25:59.639, ubuntu22-c, 0.004918
2023-07-18T18:25:59.845, ubuntu22-c, 0.005412
2023-07-18T18:26:00.050, ubuntu22-c, 0.005160
2023-07-18T18:26:00.256, ubuntu22-c, 0.004964
2023-07-18T18:26:00.461, ubuntu22-c, 0.004997
2023-07-18T18:26:00.667, ubuntu22-c, 0.005206
2023-07-18T18:26:00.872, ubuntu22-c, 0.005093
2023-07-18T18:26:01.078, ubuntu22-c, 0.005149
2023-07-18T18:26:01.283, ubuntu22-c, 0.005048
2023-07-18T18:26:01.488, ubuntu22-c, 0.005057
2023-07-18T18:26:01.694, ubuntu22-c, 0.005200
2023-07-18T18:26:01.899, ubuntu22-c, 0.004965
2023-07-18T18:26:02.105, ubuntu22-c, 0.005147
2023-07-18T18:26:02.310, ubuntu22-c, 0.005071
2023-07-18T18:26:02.516, ubuntu22-c, 0.005387
2023-07-18T18:26:02.721, ubuntu22-c, 0.004927
2023-07-18T18:26:02.927, ubuntu22-c, 0.005212
2023-07-18T18:26:03.132, ubuntu22-c, 0.004919
2023-07-18T18:26:03.338, ubuntu22-c, 0.004874
2023-07-18T18:26:03.543, ubuntu22-c, 0.004927
2023-07-18T18:26:03.748, ubuntu22-c, 0.005167
2023-07-18T18:26:03.954, ubuntu22-c, 0.004995
2023-07-18T18:26:04.159, ubuntu22-c, 0.005131
2023-07-18T18:26:04.365, ubuntu22-c, 0.004968
2023-07-18T18:26:04.570, ubuntu22-c, 0.004757
2023-07-18T18:26:04.775, ubuntu22-c, 0.004549
2023-07-18T18:26:04.980, ubuntu22-c, 0.005350
2023-07-18T18:26:05.186, ubuntu22-c, 0.005341
2023-07-18T18:26:05.392, ubuntu22-c, 0.005118
2023-07-18T18:26:05.597, ubuntu22-c, 0.004791
2023-07-18T18:26:05.802, ubuntu22-c, 0.004716
2023-07-18T18:26:06.008, ubuntu22-c, 0.005151
2023-07-18T18:26:06.213, ubuntu22-c, 0.004986
2023-07-18T18:26:06.418, ubuntu22-c, 0.004892
2023-07-18T18:26:06.624, ubuntu22-c, 0.004983
2023-07-18T18:26:06.829, ubuntu22-c, 0.005006
2023-07-18T18:26:07.034, ubuntu22-c, 0.004803
2023-07-18T18:26:07.239, ubuntu22-c, 0.004929
2023-07-18T18:26:07.444, ubuntu22-c, 0.004778
2023-07-18T18:26:07.650, ubuntu22-c, 0.004979
2023-07-18T18:26:07.855, ubuntu22-c, 0.004851
2023-07-18T18:26:08.061, ubuntu22-b, 0.005379
2023-07-18T18:26:08.266, ubuntu22-c, 0.004684
2023-07-18T18:26:08.472, ubuntu22-c, 0.005817
2023-07-18T18:26:08.677, ubuntu22-c, 0.004908
2023-07-18T18:26:08.881, , 
2023-07-18T18:26:09.090, ubuntu22-b, 0.008542
2023-07-18T18:26:09.297, ubuntu22-b, 0.006399
2023-07-18T18:26:09.503, ubuntu22-b, 0.005307
2023-07-18T18:26:09.708, ubuntu22-b, 0.004791
2023-07-18T18:26:09.917, ubuntu22-b, 0.008449
2023-07-18T18:26:10.122, ubuntu22-b, 0.005088
2023-07-18T18:26:10.327, ubuntu22-b, 0.005060
2023-07-18T18:26:10.533, ubuntu22-b, 0.004821
2023-07-18T18:26:10.738, ubuntu22-b, 0.004716
2023-07-18T18:26:10.943, ubuntu22-b, 0.004968
2023-07-18T18:26:11.149, ubuntu22-b, 0.005200
2023-07-18T18:26:11.372, ubuntu22-b, 0.022579
2023-07-18T18:26:11.577, ubuntu22-b, 0.004772
2023-07-18T18:26:11.782, ubuntu22-b, 0.005025
2023-07-18T18:26:11.987, ubuntu22-b, 0.004808
2023-07-18T18:26:12.193, ubuntu22-b, 0.005016
2023-07-18T18:26:12.398, ubuntu22-b, 0.004870
2023-07-18T18:26:12.603, ubuntu22-b, 0.004738
2023-07-18T18:26:12.808, ubuntu22-b, 0.005028
2023-07-18T18:26:13.014, ubuntu22-b, 0.005059
2023-07-18T18:26:13.219, ubuntu22-b, 0.004983
2023-07-18T18:26:13.425, ubuntu22-b, 0.005994
2023-07-18T18:26:13.636, ubuntu22-b, 0.009548
2023-07-18T18:26:13.841, ubuntu22-b, 0.004989
2023-07-18T18:26:14.046, ubuntu22-b, 0.004937
2023-07-18T18:26:14.253, ubuntu22-c, 0.005708
2023-07-18T18:26:14.458, ubuntu22-b, 0.005183
2023-07-18T18:26:14.664, ubuntu22-c, 0.005127
2023-07-18T18:26:14.869, ubuntu22-b, 0.005014
2023-07-18T18:26:15.075, ubuntu22-b, 0.004973
2023-07-18T18:26:15.280, ubuntu22-c, 0.005261
2023-07-18T18:26:15.486, ubuntu22-b, 0.004926
2023-07-18T18:26:15.691, ubuntu22-b, 0.004855
2023-07-18T18:26:15.897, ubuntu22-c, 0.005346
2023-07-18T18:26:16.103, ubuntu22-c, 0.005461
2023-07-18T18:26:16.308, ubuntu22-c, 0.005160
2023-07-18T18:26:16.515, ubuntu22-c, 0.006372
2023-07-18T18:26:16.721, ubuntu22-c, 0.005071
2023-07-18T18:26:16.927, ubuntu22-c, 0.005150
2023-07-18T18:26:17.132, ubuntu22-c, 0.005155
2023-07-18T18:26:17.338, ubuntu22-c, 0.005074
2023-07-18T18:26:17.544, ubuntu22-c, 0.005330
2023-07-18T18:26:17.749, ubuntu22-c, 0.005130
2023-07-18T18:26:17.955, ubuntu22-c, 0.004971
2023-07-18T18:26:18.160, ubuntu22-c, 0.005128
2023-07-18T18:26:18.367, ubuntu22-c, 0.005843
2023-07-18T18:26:18.572, ubuntu22-c, 0.005069
2023-07-18T18:26:18.778, ubuntu22-c, 0.005287
2023-07-18T18:26:18.984, ubuntu22-c, 0.005235
2023-07-18T18:26:19.189, ubuntu22-c, 0.005173
2023-07-18T18:26:19.397, ubuntu22-c, 0.005142
2023-07-18T18:26:19.603, ubuntu22-c, 0.006181
2023-07-18T18:26:19.809, ubuntu22-c, 0.005084
2023-07-18T18:26:20.015, ubuntu22-c, 0.005578
2023-07-18T18:26:20.224, ubuntu22-c, 0.008308
2023-07-18T18:26:20.429, ubuntu22-c, 0.005327
2023-07-18T18:26:20.635, ubuntu22-c, 0.005257
2023-07-18T18:26:20.841, ubuntu22-c, 0.004960
2023-07-18T18:26:21.046, ubuntu22-c, 0.005246
2023-07-18T18:26:21.252, ubuntu22-c, 0.004776
2023-07-18T18:26:21.457, ubuntu22-c, 0.005069
2023-07-18T18:26:21.663, ubuntu22-c, 0.005100
2023-07-18T18:26:21.868, ubuntu22-c, 0.004859
2023-07-18T18:26:22.073, ubuntu22-c, 0.005008
2023-07-18T18:26:22.278, ubuntu22-c, 0.004377
2023-07-18T18:26:22.487, ubuntu22-c, 0.008092
2023-07-18T18:26:22.692, ubuntu22-c, 0.004890
2023-07-18T18:26:22.898, ubuntu22-c, 0.005062
2023-07-18T18:26:23.103, ubuntu22-c, 0.004991
2023-07-18T18:26:23.308, ubuntu22-c, 0.004432
2023-07-18T18:26:23.513, ubuntu22-c, 0.004904
2023-07-18T18:26:23.719, ubuntu22-c, 0.004969
2023-07-18T18:26:23.924, ubuntu22-c, 0.004808
2023-07-18T18:26:24.129, ubuntu22-c, 0.004988
2023-07-18T18:26:24.334, ubuntu22-c, 0.004751
2023-07-18T18:26:24.540, ubuntu22-c, 0.005359
2023-07-18T18:26:24.754, ubuntu22-b, 0.012945
2023-07-18T18:26:24.959, ubuntu22-c, 0.004995
2023-07-18T18:26:25.165, ubuntu22-b, 0.005357
2023-07-18T18:26:25.370, ubuntu22-c, 0.004908
2023-07-18T18:26:25.575, ubuntu22-c, 0.004705
2023-07-18T18:26:25.781, ubuntu22-c, 0.005351
2023-07-18T18:26:25.986, ubuntu22-c, 0.004786
2023-07-18T18:26:26.192, ubuntu22-c, 0.005360
2023-07-18T18:26:26.398, ubuntu22-b, 0.006045
2023-07-18T18:26:26.605, ubuntu22-b, 0.006140
2023-07-18T18:26:26.813, ubuntu22-b, 0.007768
2023-07-18T18:26:27.020, ubuntu22-b, 0.005576
2023-07-18T18:26:27.226, ubuntu22-b, 0.005425
2023-07-18T18:26:27.432, ubuntu22-b, 0.005650
2023-07-18T18:26:27.638, ubuntu22-b, 0.005472
2023-07-18T18:26:27.843, ubuntu22-b, 0.005441
2023-07-18T18:26:28.049, ubuntu22-b, 0.005266
2023-07-18T18:26:28.255, ubuntu22-b, 0.004994
2023-07-18T18:26:28.460, ubuntu22-b, 0.005164
2023-07-18T18:26:28.666, ubuntu22-b, 0.005213
2023-07-18T18:26:28.874, ubuntu22-b, 0.007727
2023-07-18T18:26:29.079, ubuntu22-b, 0.005208
2023-07-18T18:26:29.286, ubuntu22-b, 0.005758
2023-07-18T18:26:29.491, ubuntu22-b, 0.005126
2023-07-18T18:26:29.697, ubuntu22-b, 0.005712
2023-07-18T18:26:29.903, ubuntu22-b, 0.005478
2023-07-18T18:26:30.109, ubuntu22-b, 0.005095
2023-07-18T18:26:30.315, ubuntu22-b, 0.005702
2023-07-18T18:26:30.521, ubuntu22-b, 0.005398
2023-07-18T18:26:30.726, ubuntu22-b, 0.005164
2023-07-18T18:26:30.933, ubuntu22-b, 0.006194
2023-07-18T18:26:31.138, ubuntu22-b, 0.005269
2023-07-18T18:26:31.344, ubuntu22-b, 0.005105
2023-07-18T18:26:31.550, ubuntu22-b, 0.005620
2023-07-18T18:26:31.755, ubuntu22-b, 0.005143
2023-07-18T18:26:31.961, ubuntu22-b, 0.005411
2023-07-18T18:26:32.167, ubuntu22-b, 0.005058
2023-07-18T18:26:32.373, ubuntu22-c, 0.005761
2023-07-18T18:26:32.578, ubuntu22-b, 0.004885
2023-07-18T18:26:32.784, ubuntu22-c, 0.004912
2023-07-18T18:26:32.989, ubuntu22-c, 0.004876
2023-07-18T18:26:33.194, ubuntu22-b, 0.004896
2023-07-18T18:26:33.400, ubuntu22-c, 0.004776
2023-07-18T18:26:33.604, ubuntu22-b, 0.004470
2023-07-18T18:26:33.810, ubuntu22-b, 0.004857
2023-07-18T18:26:34.014, , 
2023-07-18T18:26:34.219, ubuntu22-c, 0.005062
2023-07-18T18:26:34.425, ubuntu22-c, 0.004863
2023-07-18T18:26:34.630, ubuntu22-c, 0.004949
2023-07-18T18:26:34.836, ubuntu22-c, 0.005178
2023-07-18T18:26:35.042, ubuntu22-c, 0.005665
2023-07-18T18:26:35.248, ubuntu22-c, 0.005511
2023-07-18T18:26:35.454, ubuntu22-c, 0.005401
2023-07-18T18:26:35.659, ubuntu22-c, 0.004279
2023-07-18T18:26:35.864, ubuntu22-c, 0.004951
2023-07-18T18:26:36.070, ubuntu22-c, 0.005106
2023-07-18T18:26:36.275, ubuntu22-c, 0.004699
2023-07-18T18:26:36.480, ubuntu22-c, 0.004929
2023-07-18T18:26:36.685, ubuntu22-c, 0.005204
2023-07-18T18:26:36.891, ubuntu22-c, 0.004940
2023-07-18T18:26:37.099, ubuntu22-c, 0.007601
2023-07-18T18:26:37.304, ubuntu22-c, 0.005139
2023-07-18T18:26:37.510, ubuntu22-c, 0.005319
2023-07-18T18:26:37.719, ubuntu22-c, 0.008220
2023-07-18T18:26:37.925, ubuntu22-c, 0.005179
2023-07-18T18:26:38.130, ubuntu22-c, 0.005223
2023-07-18T18:26:38.336, ubuntu22-c, 0.005072
2023-07-18T18:26:38.541, ubuntu22-c, 0.005150
2023-07-18T18:26:38.747, ubuntu22-c, 0.005203
2023-07-18T18:26:38.952, ubuntu22-c, 0.004909
2023-07-18T18:26:39.158, ubuntu22-c, 0.005139
2023-07-18T18:26:39.363, ubuntu22-c, 0.005164
2023-07-18T18:26:39.569, ubuntu22-c, 0.005285
2023-07-18T18:26:39.774, ubuntu22-c, 0.004842
2023-07-18T18:26:39.980, ubuntu22-c, 0.005147
2023-07-18T18:26:40.186, ubuntu22-c, 0.005204
2023-07-18T18:26:40.391, ubuntu22-c, 0.005290
2023-07-18T18:26:40.597, ubuntu22-c, 0.005582
2023-07-18T18:26:40.803, ubuntu22-c, 0.005419
2023-07-18T18:26:41.009, ubuntu22-c, 0.005611
2023-07-18T18:26:41.215, ubuntu22-c, 0.005618
2023-07-18T18:26:41.421, ubuntu22-c, 0.005080
2023-07-18T18:26:41.627, ubuntu22-c, 0.005501
2023-07-18T18:26:41.843, ubuntu22-c, 0.015862
2023-07-18T18:26:42.049, ubuntu22-c, 0.005244
2023-07-18T18:26:42.255, ubuntu22-c, 0.005147
2023-07-18T18:26:42.460, ubuntu22-c, 0.005155
2023-07-18T18:26:42.666, ubuntu22-c, 0.005295
2023-07-18T18:26:42.871, ubuntu22-c, 0.005013
2023-07-18T18:26:43.077, ubuntu22-c, 0.004961
2023-07-18T18:26:43.283, ubuntu22-c, 0.005373
2023-07-18T18:26:43.489, ubuntu22-b, 0.005985
2023-07-18T18:26:43.695, ubuntu22-c, 0.005640
2023-07-18T18:26:43.901, ubuntu22-b, 0.005626
2023-07-18T18:26:44.107, ubuntu22-b, 0.005501
2023-07-18T18:26:44.314, ubuntu22-b, 0.006104
2023-07-18T18:26:44.520, ubuntu22-b, 0.005618
2023-07-18T18:26:44.729, ubuntu22-b, 0.008590
2023-07-18T18:26:44.937, ubuntu22-b, 0.007578
2023-07-18T18:26:45.145, ubuntu22-b, 0.007562
2023-07-18T18:26:45.365, ubuntu22-b, 0.020210
2023-07-18T18:26:45.571, ubuntu22-b, 0.005028
2023-07-18T18:26:45.776, ubuntu22-b, 0.004855
2023-07-18T18:26:45.982, ubuntu22-b, 0.005130
2023-07-18T18:26:46.187, ubuntu22-b, 0.005163
2023-07-18T18:26:46.401, ubuntu22-b, 0.012932
2023-07-18T18:26:46.633, ubuntu22-b, 0.032292
2023-07-18T18:26:46.839, ubuntu22-b, 0.005138
2023-07-18T18:26:47.046, ubuntu22-b, 0.006391
2023-07-18T18:26:47.251, ubuntu22-b, 0.004872
2023-07-18T18:26:47.457, ubuntu22-b, 0.005187
2023-07-18T18:26:47.668, ubuntu22-b, 0.010239
2023-07-18T18:26:47.883, ubuntu22-b, 0.015233
2023-07-18T18:26:48.093, ubuntu22-b, 0.009581
2023-07-18T18:26:48.299, ubuntu22-b, 0.005308
2023-07-18T18:26:48.505, ubuntu22-b, 0.005266
2023-07-18T18:26:48.716, ubuntu22-b, 0.005848
2023-07-18T18:26:48.923, ubuntu22-b, 0.006142
2023-07-18T18:26:49.128, ubuntu22-b, 0.005425
2023-07-18T18:26:49.335, ubuntu22-b, 0.006010
2023-07-18T18:26:49.542, ubuntu22-b, 0.006607
2023-07-18T18:26:49.748, ubuntu22-b, 0.005070
2023-07-18T18:26:49.953, ubuntu22-b, 0.005117
2023-07-18T18:26:50.159, ubuntu22-b, 0.005005
2023-07-18T18:26:50.365, ubuntu22-b, 0.005612
2023-07-18T18:26:50.571, ubuntu22-b, 0.005440
2023-07-18T18:26:50.776, ubuntu22-b, 0.005116
2023-07-18T18:26:50.982, ubuntu22-b, 0.004593
2023-07-18T18:26:51.187, ubuntu22-b, 0.004928
2023-07-18T18:26:51.393, ubuntu22-b, 0.005332
2023-07-18T18:26:51.598, ubuntu22-b, 0.005194
2023-07-18T18:26:51.804, ubuntu22-b, 0.004888
2023-07-18T18:26:52.009, ubuntu22-b, 0.004770
2023-07-18T18:26:52.214, ubuntu22-b, 0.004869
2023-07-18T18:26:52.420, ubuntu22-c, 0.005763
2023-07-18T18:26:52.626, ubuntu22-b, 0.005701
2023-07-18T18:26:52.831, ubuntu22-c, 0.004785
2023-07-18T18:26:53.037, ubuntu22-b, 0.005975
2023-07-18T18:26:53.260, , 
2023-07-18T18:26:53.467, ubuntu22-c, 0.006017
2023-07-18T18:26:53.672, ubuntu22-c, 0.005069
2023-07-18T18:26:53.878, ubuntu22-c, 0.005151
2023-07-18T18:26:54.085, ubuntu22-c, 0.007238
2023-07-18T18:26:54.291, ubuntu22-c, 0.005310
2023-07-18T18:26:54.497, ubuntu22-c, 0.005440
2023-07-18T18:26:54.702, ubuntu22-c, 0.004919
2023-07-18T18:26:54.908, ubuntu22-c, 0.004975
2023-07-18T18:26:55.121, ubuntu22-c, 0.013153
2023-07-18T18:26:55.328, ubuntu22-c, 0.005753
2023-07-18T18:26:55.534, ubuntu22-c, 0.005816
2023-07-18T18:26:55.740, ubuntu22-c, 0.005841
2023-07-18T18:26:55.946, ubuntu22-c, 0.005342
2023-07-18T18:26:56.152, ubuntu22-c, 0.005181
2023-07-18T18:26:56.357, ubuntu22-c, 0.005303
2023-07-18T18:26:56.563, ubuntu22-c, 0.005396
2023-07-18T18:26:56.768, ubuntu22-c, 0.005081
2023-07-18T18:26:56.977, ubuntu22-c, 0.008113
2023-07-18T18:26:57.183, ubuntu22-c, 0.005597
2023-07-18T18:26:57.393, ubuntu22-c, 0.008875
2023-07-18T18:26:57.598, ubuntu22-c, 0.005151
2023-07-18T18:26:57.804, ubuntu22-c, 0.005275
2023-07-18T18:26:58.010, ubuntu22-c, 0.005216
2023-07-18T18:26:58.215, ubuntu22-c, 0.005189
2023-07-18T18:26:58.421, ubuntu22-c, 0.004995
2023-07-18T18:26:58.627, ubuntu22-c, 0.005510
2023-07-18T18:26:58.833, ubuntu22-c, 0.005427
2023-07-18T18:26:59.038, ubuntu22-c, 0.005269
2023-07-18T18:26:59.244, ubuntu22-c, 0.005786
2023-07-18T18:26:59.453, ubuntu22-c, 0.007741
2023-07-18T18:26:59.658, ubuntu22-c, 0.005041
2023-07-18T18:26:59.864, ubuntu22-c, 0.005183
2023-07-18T18:27:00.070, ubuntu22-c, 0.005513
2023-07-18T18:27:00.276, ubuntu22-c, 0.005108
2023-07-18T18:27:00.481, ubuntu22-c, 0.004914
2023-07-18T18:27:00.686, ubuntu22-c, 0.004695
2023-07-18T18:27:00.892, ubuntu22-c, 0.005323
2023-07-18T18:27:01.098, ubuntu22-c, 0.005304
2023-07-18T18:27:01.303, ubuntu22-c, 0.005073
2023-07-18T18:27:01.516, ubuntu22-c, 0.009174
2023-07-18T18:27:01.724, ubuntu22-c, 0.007329
2023-07-18T18:27:01.929, ubuntu22-c, 0.005170
2023-07-18T18:27:02.135, ubuntu22-c, 0.005089
2023-07-18T18:27:02.341, ubuntu22-c, 0.005124
2023-07-18T18:27:02.546, ubuntu22-c, 0.005111
2023-07-18T18:27:02.751, ubuntu22-c, 0.004493
2023-07-18T18:27:02.956, ubuntu22-c, 0.005069
2023-07-18T18:27:03.162, ubuntu22-c, 0.005085
2023-07-18T18:27:03.367, ubuntu22-b, 0.005088
2023-07-18T18:27:03.572, ubuntu22-b, 0.004292
2023-07-18T18:27:03.777, ubuntu22-b, 0.004665
2023-07-18T18:27:03.983, ubuntu22-c, 0.005031
2023-07-18T18:27:04.188, ubuntu22-b, 0.005028
2023-07-18T18:27:04.401, ubuntu22-b, 0.012604
2023-07-18T18:27:04.605, , 
2023-07-18T18:27:04.817, ubuntu22-b, 0.011410
2023-07-18T18:27:05.025, ubuntu22-b, 0.007139
2023-07-18T18:27:05.237, ubuntu22-b, 0.011606
2023-07-18T18:27:05.450, ubuntu22-b, 0.012714
2023-07-18T18:27:05.658, ubuntu22-b, 0.007969
2023-07-18T18:27:05.864, ubuntu22-b, 0.005101
2023-07-18T18:27:06.068, ubuntu22-b, 0.004374
2023-07-18T18:27:06.274, ubuntu22-b, 0.004794
2023-07-18T18:27:06.497, ubuntu22-b, 0.023438
2023-07-18T18:27:06.705, ubuntu22-b, 0.007166
2023-07-18T18:27:06.912, ubuntu22-b, 0.006252
2023-07-18T18:27:07.149, ubuntu22-b, 0.036831
2023-07-18T18:27:07.369, ubuntu22-b, 0.019861
2023-07-18T18:27:07.575, ubuntu22-b, 0.005147
2023-07-18T18:27:07.780, ubuntu22-b, 0.005140
2023-07-18T18:27:07.986, ubuntu22-b, 0.004987
2023-07-18T18:27:08.191, ubuntu22-b, 0.005165
2023-07-18T18:27:08.397, ubuntu22-b, 0.005277
2023-07-18T18:27:08.602, ubuntu22-b, 0.004976
2023-07-18T18:27:08.808, ubuntu22-b, 0.004845
2023-07-18T18:27:09.013, ubuntu22-b, 0.004953
2023-07-18T18:27:09.218, ubuntu22-b, 0.004703
2023-07-18T18:27:09.429, ubuntu22-b, 0.010121
2023-07-18T18:27:09.634, ubuntu22-b, 0.005238
2023-07-18T18:27:09.840, ubuntu22-b, 0.005096
2023-07-18T18:27:10.046, ubuntu22-b, 0.005477
2023-07-18T18:27:10.252, ubuntu22-b, 0.005398
2023-07-18T18:27:10.461, ubuntu22-b, 0.008785
2023-07-18T18:27:10.667, ubuntu22-b, 0.004924
2023-07-18T18:27:10.872, ubuntu22-b, 0.005112
2023-07-18T18:27:11.079, ubuntu22-b, 0.006274
2023-07-18T18:27:11.284, ubuntu22-c, 0.005492
2023-07-18T18:27:11.490, ubuntu22-c, 0.005015
2023-07-18T18:27:11.695, ubuntu22-b, 0.005205
2023-07-18T18:27:11.901, ubuntu22-b, 0.004878
2023-07-18T18:27:12.106, ubuntu22-c, 0.004918
2023-07-18T18:27:12.311, ubuntu22-c, 0.005046
2023-07-18T18:27:12.517, ubuntu22-c, 0.004856
2023-07-18T18:27:12.722, ubuntu22-c, 0.005149
2023-07-18T18:27:12.928, ubuntu22-c, 0.005159
2023-07-18T18:27:13.134, ubuntu22-c, 0.005364
2023-07-18T18:27:13.339, ubuntu22-c, 0.004948
2023-07-18T18:27:13.545, ubuntu22-c, 0.005585
2023-07-18T18:27:13.752, ubuntu22-c, 0.007003
2023-07-18T18:27:13.958, ubuntu22-c, 0.004923
2023-07-18T18:27:14.163, ubuntu22-c, 0.005088
2023-07-18T18:27:14.369, ubuntu22-c, 0.005127
2023-07-18T18:27:14.574, ubuntu22-c, 0.004813
2023-07-18T18:27:14.783, ubuntu22-c, 0.008534
2023-07-18T18:27:14.990, ubuntu22-c, 0.006792
2023-07-18T18:27:15.196, ubuntu22-c, 0.005691
2023-07-18T18:27:15.402, ubuntu22-c, 0.004983
2023-07-18T18:27:15.607, ubuntu22-c, 0.005001
2023-07-18T18:27:15.813, ubuntu22-c, 0.005235
2023-07-18T18:27:16.018, ubuntu22-c, 0.004870
2023-07-18T18:27:16.224, ubuntu22-c, 0.006202
2023-07-18T18:27:16.430, ubuntu22-c, 0.005739
2023-07-18T18:27:16.636, ubuntu22-c, 0.005055
2023-07-18T18:27:16.842, ubuntu22-c, 0.005161
2023-07-18T18:27:17.048, ubuntu22-c, 0.005638
2023-07-18T18:27:17.253, ubuntu22-c, 0.005047
2023-07-18T18:27:17.459, ubuntu22-c, 0.004974
2023-07-18T18:27:17.664, ubuntu22-c, 0.005185
2023-07-18T18:27:17.870, ubuntu22-c, 0.004901
2023-07-18T18:27:18.076, ubuntu22-c, 0.005253
2023-07-18T18:27:18.281, ubuntu22-c, 0.004866
2023-07-18T18:27:18.486, ubuntu22-c, 0.005001
2023-07-18T18:27:18.692, ubuntu22-c, 0.005281
2023-07-18T18:27:18.898, ubuntu22-c, 0.005188
2023-07-18T18:27:19.103, ubuntu22-c, 0.005187
2023-07-18T18:27:19.309, ubuntu22-d, 0.005423
2023-07-18T18:27:19.515, ubuntu22-d, 0.005089
2023-07-18T18:27:19.720, ubuntu22-d, 0.005458
2023-07-18T18:27:19.926, ubuntu22-d, 0.005630
2023-07-18T18:27:20.132, ubuntu22-d, 0.004990
2023-07-18T18:27:20.340, ubuntu22-c, 0.007475
2023-07-18T18:27:20.545, ubuntu22-c, 0.005276
2023-07-18T18:27:20.752, ubuntu22-d, 0.006248
2023-07-18T18:27:20.960, ubuntu22-d, 0.007553
2023-07-18T18:27:21.166, ubuntu22-d, 0.005027
2023-07-18T18:27:21.371, ubuntu22-d, 0.005325
2023-07-18T18:27:21.577, ubuntu22-d, 0.005744
2023-07-18T18:27:21.782, ubuntu22-d, 0.004688
2023-07-18T18:27:21.987, ubuntu22-d, 0.004678
2023-07-18T18:27:22.192, ubuntu22-d, 0.004729
2023-07-18T18:27:22.398, ubuntu22-d, 0.004785
2023-07-18T18:27:22.604, ubuntu22-d, 0.006168
2023-07-18T18:27:22.812, ubuntu22-d, 0.007365
2023-07-18T18:27:23.017, ubuntu22-d, 0.004886
2023-07-18T18:27:23.223, ubuntu22-d, 0.005034
2023-07-18T18:27:23.429, ubuntu22-d, 0.005239
2023-07-18T18:27:23.634, ubuntu22-d, 0.004735
2023-07-18T18:27:23.839, ubuntu22-d, 0.004650
2023-07-18T18:27:24.044, ubuntu22-d, 0.004676
2023-07-18T18:27:24.249, ubuntu22-d, 0.004698
2023-07-18T18:27:24.454, ubuntu22-d, 0.004711
2023-07-18T18:27:24.660, ubuntu22-d, 0.004773
2023-07-18T18:27:24.865, ubuntu22-d, 0.004993
2023-07-18T18:27:25.070, ubuntu22-d, 0.004702
2023-07-18T18:27:25.275, ubuntu22-d, 0.004882
2023-07-18T18:27:25.480, ubuntu22-d, 0.004597
2023-07-18T18:27:25.686, ubuntu22-d, 0.004832
2023-07-18T18:27:25.891, ubuntu22-d, 0.004710
2023-07-18T18:27:26.098, ubuntu22-d, 0.006691
2023-07-18T18:27:26.303, ubuntu22-d, 0.004790
2023-07-18T18:27:26.508, ubuntu22-d, 0.004590
2023-07-18T18:27:26.713, ubuntu22-d, 0.004674
2023-07-18T18:27:26.918, ubuntu22-d, 0.004812
2023-07-18T18:27:27.123, ubuntu22-d, 0.004667
2023-07-18T18:27:27.328, ubuntu22-d, 0.004634
2023-07-18T18:27:27.534, ubuntu22-d, 0.004912
2023-07-18T18:27:27.739, ubuntu22-d, 0.004726
2023-07-18T18:27:27.944, ubuntu22-d, 0.004767
2023-07-18T18:27:28.149, ubuntu22-d, 0.004722
2023-07-18T18:27:28.354, ubuntu22-d, 0.004700
2023-07-18T18:27:28.559, ubuntu22-d, 0.004793
2023-07-18T18:27:28.765, ubuntu22-d, 0.004996
2023-07-18T18:27:28.971, ubuntu22-d, 0.005409
2023-07-18T18:27:29.177, ubuntu22-d, 0.005748
2023-07-18T18:27:29.389, ubuntu22-b, 0.011042
2023-07-18T18:27:29.594, ubuntu22-d, 0.004722
2023-07-18T18:27:29.799, ubuntu22-b, 0.004660
2023-07-18T18:27:30.004, ubuntu22-d, 0.005014
2023-07-18T18:27:30.209, ubuntu22-d, 0.004875
2023-07-18T18:27:30.416, ubuntu22-b, 0.006884
2023-07-18T18:27:30.622, ubuntu22-b, 0.005088
2023-07-18T18:27:30.832, ubuntu22-b, 0.010120
2023-07-18T18:27:31.040, ubuntu22-b, 0.007605
2023-07-18T18:27:31.253, ubuntu22-b, 0.011725
2023-07-18T18:27:31.464, ubuntu22-b, 0.011699
2023-07-18T18:27:31.701, ubuntu22-b, 0.035988
2023-07-18T18:27:31.906, ubuntu22-b, 0.005031
2023-07-18T18:27:32.111, ubuntu22-b, 0.004781
2023-07-18T18:27:32.317, ubuntu22-b, 0.004800
2023-07-18T18:27:32.522, ubuntu22-b, 0.004747
2023-07-18T18:27:32.728, ubuntu22-b, 0.005967
2023-07-18T18:27:32.934, ubuntu22-b, 0.005284
2023-07-18T18:27:33.139, ubuntu22-b, 0.004729
2023-07-18T18:27:33.344, ubuntu22-b, 0.004707
2023-07-18T18:27:33.550, ubuntu22-b, 0.005054
2023-07-18T18:27:33.755, ubuntu22-b, 0.004984
2023-07-18T18:27:33.960, ubuntu22-b, 0.005052
2023-07-18T18:27:34.166, ubuntu22-b, 0.004815
2023-07-18T18:27:34.372, ubuntu22-b, 0.006424
2023-07-18T18:27:34.578, ubuntu22-b, 0.005345
2023-07-18T18:27:34.783, ubuntu22-b, 0.004859
2023-07-18T18:27:34.990, ubuntu22-b, 0.005978
2023-07-18T18:27:35.195, ubuntu22-b, 0.005047
2023-07-18T18:27:35.401, ubuntu22-b, 0.005156
2023-07-18T18:27:35.606, ubuntu22-b, 0.005111
2023-07-18T18:27:35.812, ubuntu22-b, 0.005062
2023-07-18T18:27:36.017, ubuntu22-b, 0.005070
2023-07-18T18:27:36.222, ubuntu22-b, 0.005037
2023-07-18T18:27:36.428, ubuntu22-b, 0.005430
2023-07-18T18:27:36.634, ubuntu22-b, 0.005042
2023-07-18T18:27:36.840, ubuntu22-b, 0.006300
2023-07-18T18:27:37.046, ubuntu22-b, 0.004966
2023-07-18T18:27:37.251, ubuntu22-c, 0.005352
2023-07-18T18:27:37.456, ubuntu22-c, 0.004672
2023-07-18T18:27:37.662, ubuntu22-b, 0.005446
2023-07-18T18:27:37.867, ubuntu22-c, 0.004802
2023-07-18T18:27:38.073, ubuntu22-c, 0.004925
2023-07-18T18:27:38.278, ubuntu22-b, 0.004724
2023-07-18T18:27:38.482, , 
2023-07-18T18:27:38.688, ubuntu22-c, 0.005513
2023-07-18T18:27:38.897, ubuntu22-c, 0.008386
2023-07-18T18:27:39.105, ubuntu22-c, 0.007607
2023-07-18T18:27:39.310, ubuntu22-c, 0.005060
2023-07-18T18:27:39.516, ubuntu22-c, 0.005028
2023-07-18T18:27:39.721, ubuntu22-c, 0.004795
2023-07-18T18:27:39.927, ubuntu22-c, 0.006383
2023-07-18T18:27:40.133, ubuntu22-c, 0.005359
2023-07-18T18:27:40.339, ubuntu22-c, 0.005286
2023-07-18T18:27:40.545, ubuntu22-c, 0.005485
2023-07-18T18:27:40.754, ubuntu22-c, 0.009398
2023-07-18T18:27:40.960, ubuntu22-c, 0.005166
2023-07-18T18:27:41.169, ubuntu22-c, 0.008071
2023-07-18T18:27:41.374, ubuntu22-c, 0.004771
2023-07-18T18:27:41.580, ubuntu22-c, 0.004873
2023-07-18T18:27:41.786, ubuntu22-c, 0.005783
2023-07-18T18:27:41.991, ubuntu22-c, 0.005000
2023-07-18T18:27:42.198, ubuntu22-c, 0.007022
2023-07-18T18:27:42.403, ubuntu22-c, 0.004948
2023-07-18T18:27:42.609, ubuntu22-c, 0.004811
2023-07-18T18:27:42.814, ubuntu22-c, 0.005253
2023-07-18T18:27:43.019, ubuntu22-c, 0.004841
2023-07-18T18:27:43.225, ubuntu22-c, 0.005066
2023-07-18T18:27:43.431, ubuntu22-c, 0.004984
2023-07-18T18:27:43.637, ubuntu22-c, 0.006423
2023-07-18T18:27:43.843, ubuntu22-c, 0.005562
2023-07-18T18:27:44.049, ubuntu22-c, 0.005261
2023-07-18T18:27:44.254, ubuntu22-c, 0.004817
2023-07-18T18:27:44.460, ubuntu22-c, 0.004956
2023-07-18T18:27:44.665, ubuntu22-c, 0.004874
2023-07-18T18:27:44.875, ubuntu22-c, 0.009847
2023-07-18T18:27:45.090, ubuntu22-c, 0.014112
2023-07-18T18:27:45.295, ubuntu22-c, 0.004931
2023-07-18T18:27:45.503, ubuntu22-c, 0.007431
2023-07-18T18:27:45.708, ubuntu22-c, 0.004629
2023-07-18T18:27:45.913, ubuntu22-c, 0.004934
2023-07-18T18:27:46.118, ubuntu22-c, 0.004714
2023-07-18T18:27:46.324, ubuntu22-c, 0.005217
2023-07-18T18:27:46.533, ubuntu22-b, 0.008541
2023-07-18T18:27:46.740, ubuntu22-c, 0.006477
2023-07-18T18:27:46.945, ubuntu22-c, 0.005260
2023-07-18T18:27:47.151, ubuntu22-c, 0.005361
2023-07-18T18:27:47.357, ubuntu22-c, 0.005219
2023-07-18T18:27:47.562, , 
2023-07-18T18:27:47.769, ubuntu22-b, 0.006756
2023-07-18T18:27:47.975, ubuntu22-b, 0.006154
2023-07-18T18:27:48.217, ubuntu22-b, 0.041253
2023-07-18T18:27:48.429, ubuntu22-b, 0.011539
2023-07-18T18:27:48.656, ubuntu22-b, 0.027144
2023-07-18T18:27:48.861, ubuntu22-b, 0.005068
2023-07-18T18:27:49.067, ubuntu22-b, 0.004800
2023-07-18T18:27:49.276, ubuntu22-b, 0.009409
2023-07-18T18:27:49.482, ubuntu22-b, 0.004681
2023-07-18T18:27:49.687, ubuntu22-b, 0.004702
2023-07-18T18:27:49.892, ubuntu22-b, 0.005375
2023-07-18T18:27:50.099, ubuntu22-b, 0.005817
2023-07-18T18:27:50.304, ubuntu22-b, 0.004985
2023-07-18T18:27:50.509, ubuntu22-b, 0.004756
2023-07-18T18:27:50.714, ubuntu22-b, 0.004579
2023-07-18T18:27:50.919, ubuntu22-b, 0.004697
2023-07-18T18:27:51.125, ubuntu22-b, 0.004990
2023-07-18T18:27:51.330, ubuntu22-b, 0.004658
2023-07-18T18:27:51.535, ubuntu22-b, 0.004945
2023-07-18T18:27:51.740, ubuntu22-b, 0.004850
2023-07-18T18:27:51.950, ubuntu22-b, 0.009233
2023-07-18T18:27:52.155, ubuntu22-b, 0.004813
2023-07-18T18:27:52.360, ubuntu22-b, 0.004791
2023-07-18T18:27:52.566, ubuntu22-b, 0.004737
2023-07-18T18:27:52.771, ubuntu22-b, 0.005296
2023-07-18T18:27:52.977, ubuntu22-b, 0.005426
2023-07-18T18:27:53.183, ubuntu22-b, 0.005305
2023-07-18T18:27:53.388, ubuntu22-b, 0.005113
2023-07-18T18:27:53.594, ubuntu22-b, 0.005104
2023-07-18T18:27:53.799, ubuntu22-b, 0.005004
2023-07-18T18:27:54.006, ubuntu22-d, 0.005936
2023-07-18T18:27:54.211, ubuntu22-b, 0.004607
2023-07-18T18:27:54.416, ubuntu22-d, 0.004808
2023-07-18T18:27:54.621, ubuntu22-d, 0.005224
2023-07-18T18:27:54.827, ubuntu22-d, 0.005847
2023-07-18T18:27:55.032, , 
2023-07-18T18:27:55.238, ubuntu22-d, 0.005577
2023-07-18T18:27:55.443, ubuntu22-d, 0.005111
2023-07-18T18:27:55.649, ubuntu22-d, 0.005015
2023-07-18T18:27:55.854, ubuntu22-d, 0.004869
2023-07-18T18:27:56.060, ubuntu22-d, 0.005159
2023-07-18T18:27:56.266, ubuntu22-d, 0.005877
2023-07-18T18:27:56.471, ubuntu22-d, 0.005316
2023-07-18T18:27:56.677, ubuntu22-d, 0.005416
2023-07-18T18:27:56.888, ubuntu22-d, 0.010301
2023-07-18T18:27:57.096, ubuntu22-d, 0.007377
2023-07-18T18:27:57.302, ubuntu22-d, 0.005546
2023-07-18T18:27:57.508, ubuntu22-d, 0.005488
2023-07-18T18:27:57.713, ubuntu22-d, 0.005420
2023-07-18T18:27:57.919, ubuntu22-d, 0.005692
2023-07-18T18:27:58.125, ubuntu22-d, 0.005518
2023-07-18T18:27:58.331, ubuntu22-d, 0.005057
2023-07-18T18:27:58.536, ubuntu22-d, 0.005223
2023-07-18T18:27:58.743, ubuntu22-d, 0.006085
2023-07-18T18:27:58.949, ubuntu22-d, 0.005334
2023-07-18T18:27:59.155, ubuntu22-d, 0.005607
2023-07-18T18:27:59.361, ubuntu22-d, 0.005684
2023-07-18T18:27:59.567, ubuntu22-d, 0.005571
2023-07-18T18:27:59.773, ubuntu22-d, 0.005481
2023-07-18T18:27:59.978, ubuntu22-d, 0.005379
2023-07-18T18:28:00.184, ubuntu22-d, 0.005359
2023-07-18T18:28:00.393, ubuntu22-d, 0.008757
2023-07-18T18:28:00.600, ubuntu22-d, 0.006213
2023-07-18T18:28:00.806, ubuntu22-d, 0.005858
2023-07-18T18:28:01.013, ubuntu22-d, 0.005833
2023-07-18T18:28:01.218, ubuntu22-d, 0.005646
2023-07-18T18:28:01.425, ubuntu22-d, 0.005806
2023-07-18T18:28:01.630, ubuntu22-d, 0.005361
2023-07-18T18:28:01.837, ubuntu22-d, 0.005750
2023-07-18T18:28:02.043, ubuntu22-d, 0.005583
2023-07-18T18:28:02.248, ubuntu22-d, 0.005184
2023-07-18T18:28:02.453, ubuntu22-d, 0.004923
2023-07-18T18:28:02.659, ubuntu22-d, 0.005039
2023-07-18T18:28:02.864, ubuntu22-d, 0.004780
2023-07-18T18:28:03.072, ubuntu22-d, 0.007805
2023-07-18T18:28:03.278, ubuntu22-d, 0.005238
2023-07-18T18:28:03.484, ubuntu22-d, 0.005177
2023-07-18T18:28:03.689, ubuntu22-d, 0.005137
2023-07-18T18:28:03.894, ubuntu22-d, 0.005165
2023-07-18T18:28:04.100, ubuntu22-d, 0.005102
2023-07-18T18:28:04.306, ubuntu22-d, 0.005095
2023-07-18T18:28:04.511, ubuntu22-d, 0.005192
2023-07-18T18:28:04.717, ubuntu22-d, 0.005278
2023-07-18T18:28:04.922, ubuntu22-d, 0.004919
2023-07-18T18:28:05.128, ubuntu22-b, 0.005561
2023-07-18T18:28:05.334, ubuntu22-b, 0.005385
2023-07-18T18:28:05.539, ubuntu22-b, 0.004935
2023-07-18T18:28:05.745, ubuntu22-d, 0.005860
2023-07-18T18:28:05.951, ubuntu22-b, 0.005058
2023-07-18T18:28:06.213, ubuntu22-b, 0.062342
2023-07-18T18:28:06.421, ubuntu22-b, 0.006632
2023-07-18T18:28:06.669, ubuntu22-b, 0.048204
2023-07-18T18:28:06.883, ubuntu22-b, 0.013004
2023-07-18T18:28:07.092, ubuntu22-b, 0.008713
2023-07-18T18:28:07.297, ubuntu22-b, 0.005595
2023-07-18T18:28:07.506, ubuntu22-b, 0.007817
2023-07-18T18:28:07.725, ubuntu22-b, 0.019034
2023-07-18T18:28:07.931, ubuntu22-b, 0.005201
2023-07-18T18:28:08.136, ubuntu22-b, 0.005193
2023-07-18T18:28:08.347, ubuntu22-b, 0.010472
2023-07-18T18:28:08.553, ubuntu22-b, 0.005241
2023-07-18T18:28:08.762, ubuntu22-b, 0.005058
2023-07-18T18:28:08.968, ubuntu22-b, 0.005587
2023-07-18T18:28:09.174, ubuntu22-b, 0.005372
2023-07-18T18:28:09.381, ubuntu22-b, 0.005984
2023-07-18T18:28:09.586, ubuntu22-b, 0.005200
2023-07-18T18:28:09.792, ubuntu22-b, 0.005141
2023-07-18T18:28:09.998, ubuntu22-b, 0.005394
2023-07-18T18:28:10.203, ubuntu22-b, 0.005157
2023-07-18T18:28:10.409, ubuntu22-b, 0.005582
2023-07-18T18:28:10.615, ubuntu22-b, 0.005044
2023-07-18T18:28:10.820, ubuntu22-b, 0.005306
2023-07-18T18:28:11.027, ubuntu22-d, 0.005789
2023-07-18T18:28:11.232, ubuntu22-d, 0.004776
2023-07-18T18:28:11.437, ubuntu22-b, 0.004754
2023-07-18T18:28:11.642, ubuntu22-d, 0.004954
2023-07-18T18:28:11.850, ubuntu22-d, 0.007749
2023-07-18T18:28:12.056, ubuntu22-d, 0.005002
2023-07-18T18:28:12.261, ubuntu22-d, 0.004731
2023-07-18T18:28:12.466, ubuntu22-b, 0.004701
2023-07-18T18:28:12.671, ubuntu22-d, 0.004706
2023-07-18T18:28:12.877, ubuntu22-d, 0.005212
2023-07-18T18:28:13.082, ubuntu22-d, 0.005181
2023-07-18T18:28:13.288, ubuntu22-d, 0.004739
2023-07-18T18:28:13.493, ubuntu22-d, 0.004775
2023-07-18T18:28:13.698, ubuntu22-d, 0.004994
2023-07-18T18:28:13.903, ubuntu22-d, 0.004913
2023-07-18T18:28:14.109, ubuntu22-d, 0.004956
2023-07-18T18:28:14.314, ubuntu22-d, 0.005417
2023-07-18T18:28:14.520, ubuntu22-d, 0.004996
2023-07-18T18:28:14.725, ubuntu22-d, 0.004836
2023-07-18T18:28:14.931, ubuntu22-d, 0.005411
2023-07-18T18:28:15.142, ubuntu22-d, 0.010128
2023-07-18T18:28:15.347, ubuntu22-d, 0.005220
2023-07-18T18:28:15.553, ubuntu22-d, 0.005092
2023-07-18T18:28:15.758, ubuntu22-d, 0.005132
2023-07-18T18:28:15.964, ubuntu22-d, 0.005155
2023-07-18T18:28:16.179, ubuntu22-d, 0.014403
2023-07-18T18:28:16.384, ubuntu22-d, 0.004959
2023-07-18T18:28:16.589, ubuntu22-d, 0.004885
2023-07-18T18:28:16.795, ubuntu22-d, 0.005096
2023-07-18T18:28:17.001, ubuntu22-d, 0.005896
2023-07-18T18:28:17.206, ubuntu22-d, 0.004886
2023-07-18T18:28:17.413, ubuntu22-d, 0.006646
2023-07-18T18:28:17.618, ubuntu22-d, 0.004853
2023-07-18T18:28:17.824, ubuntu22-d, 0.005202
2023-07-18T18:28:18.029, ubuntu22-d, 0.004807
2023-07-18T18:28:18.235, ubuntu22-d, 0.005573
2023-07-18T18:28:18.441, ubuntu22-d, 0.004936
2023-07-18T18:28:18.646, ubuntu22-d, 0.005029
2023-07-18T18:28:18.854, ubuntu22-d, 0.007638
2023-07-18T18:28:19.060, ubuntu22-d, 0.005250
2023-07-18T18:28:19.266, ubuntu22-c, 0.005711
2023-07-18T18:28:19.472, ubuntu22-d, 0.005361
2023-07-18T18:28:19.677, ubuntu22-d, 0.005140
2023-07-18T18:28:19.883, ubuntu22-c, 0.004977
2023-07-18T18:28:20.087, , 
2023-07-18T18:28:20.293, ubuntu22-c, 0.005196
2023-07-18T18:28:20.499, ubuntu22-c, 0.005297
2023-07-18T18:28:20.704, ubuntu22-c, 0.005020
2023-07-18T18:28:20.910, ubuntu22-c, 0.005489
2023-07-18T18:28:21.116, ubuntu22-c, 0.005169
2023-07-18T18:28:21.322, ubuntu22-c, 0.005306
2023-07-18T18:28:21.527, ubuntu22-c, 0.005306
2023-07-18T18:28:21.733, ubuntu22-c, 0.005282
2023-07-18T18:28:21.939, ubuntu22-c, 0.005330
2023-07-18T18:28:22.146, ubuntu22-c, 0.006261
2023-07-18T18:28:22.351, ubuntu22-c, 0.004862
2023-07-18T18:28:22.561, ubuntu22-c, 0.009401
2023-07-18T18:28:22.766, ubuntu22-c, 0.005020
2023-07-18T18:28:22.972, ubuntu22-c, 0.005121
2023-07-18T18:28:23.177, ubuntu22-c, 0.005177
2023-07-18T18:28:23.383, ubuntu22-c, 0.005402
2023-07-18T18:28:23.589, ubuntu22-c, 0.005520
2023-07-18T18:28:23.794, ubuntu22-c, 0.004852
2023-07-18T18:28:24.000, ubuntu22-c, 0.004867
2023-07-18T18:28:24.205, ubuntu22-c, 0.004628
2023-07-18T18:28:24.410, ubuntu22-c, 0.005092
2023-07-18T18:28:24.616, ubuntu22-c, 0.005497
2023-07-18T18:28:24.822, ubuntu22-c, 0.005326
2023-07-18T18:28:25.036, ubuntu22-c, 0.013707
2023-07-18T18:28:25.241, ubuntu22-c, 0.005158
2023-07-18T18:28:25.447, ubuntu22-c, 0.005028
2023-07-18T18:28:25.652, ubuntu22-c, 0.005202
2023-07-18T18:28:25.858, ubuntu22-c, 0.005409
2023-07-18T18:28:26.064, ubuntu22-c, 0.005559
2023-07-18T18:28:26.270, ubuntu22-c, 0.005399
2023-07-18T18:28:26.475, ubuntu22-c, 0.005116
2023-07-18T18:28:26.681, ubuntu22-c, 0.005637
2023-07-18T18:28:26.887, ubuntu22-c, 0.004997
2023-07-18T18:28:27.095, ubuntu22-c, 0.007710
2023-07-18T18:28:27.300, ubuntu22-c, 0.004948
2023-07-18T18:28:27.506, ubuntu22-c, 0.004996
2023-07-18T18:28:27.711, ubuntu22-c, 0.005106
2023-07-18T18:28:27.918, ubuntu22-c, 0.006228
2023-07-18T18:28:28.124, ubuntu22-c, 0.005281
2023-07-18T18:28:28.329, ubuntu22-d, 0.005007
2023-07-18T18:28:28.535, ubuntu22-c, 0.005127
2023-07-18T18:28:28.740, ubuntu22-d, 0.005259
2023-07-18T18:28:28.946, ubuntu22-d, 0.005329
2023-07-18T18:28:29.153, ubuntu22-c, 0.007074
2023-07-18T18:28:29.359, ubuntu22-d, 0.005383
2023-07-18T18:28:29.565, ubuntu22-d, 0.005138
2023-07-18T18:28:29.770, ubuntu22-d, 0.005100
2023-07-18T18:28:29.977, ubuntu22-d, 0.006514
2023-07-18T18:28:30.183, ubuntu22-d, 0.005217
2023-07-18T18:28:30.390, ubuntu22-d, 0.007009
2023-07-18T18:28:30.596, ubuntu22-d, 0.005203
2023-07-18T18:28:30.801, ubuntu22-d, 0.005232
2023-07-18T18:28:31.007, ubuntu22-d, 0.005263
2023-07-18T18:28:31.212, ubuntu22-d, 0.005079
2023-07-18T18:28:31.418, ubuntu22-d, 0.005054
2023-07-18T18:28:31.627, ubuntu22-d, 0.008737
2023-07-18T18:28:31.832, ubuntu22-d, 0.005265
2023-07-18T18:28:32.038, ubuntu22-d, 0.005340
2023-07-18T18:28:32.244, ubuntu22-d, 0.005256
2023-07-18T18:28:32.449, ubuntu22-d, 0.005167
2023-07-18T18:28:32.655, ubuntu22-d, 0.005521
2023-07-18T18:28:32.860, ubuntu22-d, 0.004927
2023-07-18T18:28:33.066, ubuntu22-d, 0.004959
2023-07-18T18:28:33.271, ubuntu22-d, 0.005141
2023-07-18T18:28:33.477, ubuntu22-d, 0.005660
2023-07-18T18:28:33.683, ubuntu22-d, 0.005223
2023-07-18T18:28:33.888, ubuntu22-d, 0.004996
2023-07-18T18:28:34.094, ubuntu22-d, 0.005373
2023-07-18T18:28:34.300, ubuntu22-d, 0.005408
2023-07-18T18:28:34.506, ubuntu22-d, 0.006024
2023-07-18T18:28:34.712, ubuntu22-d, 0.005063
2023-07-18T18:28:34.917, ubuntu22-d, 0.004993
2023-07-18T18:28:35.122, ubuntu22-d, 0.004821
2023-07-18T18:28:35.328, ubuntu22-d, 0.004945
2023-07-18T18:28:35.533, ubuntu22-d, 0.005200
2023-07-18T18:28:35.738, ubuntu22-d, 0.004791
2023-07-18T18:28:35.944, ubuntu22-d, 0.005288
2023-07-18T18:28:36.150, ubuntu22-d, 0.004974
2023-07-18T18:28:36.355, ubuntu22-d, 0.004909
2023-07-18T18:28:36.560, ubuntu22-d, 0.004924
2023-07-18T18:28:36.766, ubuntu22-d, 0.005348
2023-07-18T18:28:36.978, ubuntu22-d, 0.011825
2023-07-18T18:28:37.183, ubuntu22-d, 0.004982
2023-07-18T18:28:37.389, ubuntu22-d, 0.004884
2023-07-18T18:28:37.594, ubuntu22-d, 0.004952
2023-07-18T18:28:37.799, ubuntu22-d, 0.004831
2023-07-18T18:28:38.009, ubuntu22-b, 0.009242
2023-07-18T18:28:38.214, ubuntu22-d, 0.005100
2023-07-18T18:28:38.420, ubuntu22-b, 0.004975
2023-07-18T18:28:38.625, ubuntu22-d, 0.004878
2023-07-18T18:28:38.830, ubuntu22-d, 0.004834
2023-07-18T18:28:39.036, ubuntu22-b, 0.004819
2023-07-18T18:28:39.242, ubuntu22-b, 0.006040
2023-07-18T18:28:39.449, ubuntu22-b, 0.006064
2023-07-18T18:28:39.654, ubuntu22-b, 0.005181
2023-07-18T18:28:39.860, ubuntu22-b, 0.005702
2023-07-18T18:28:40.069, ubuntu22-b, 0.007927
2023-07-18T18:28:40.274, ubuntu22-b, 0.005149
2023-07-18T18:28:40.480, ubuntu22-b, 0.005288
2023-07-18T18:28:40.685, ubuntu22-b, 0.005198
2023-07-18T18:28:40.891, ubuntu22-b, 0.005163
2023-07-18T18:28:41.097, ubuntu22-b, 0.005298
2023-07-18T18:28:41.302, ubuntu22-b, 0.005277
2023-07-18T18:28:41.508, ubuntu22-b, 0.005392
2023-07-18T18:28:41.713, ubuntu22-b, 0.005168
2023-07-18T18:28:41.919, ubuntu22-b, 0.005281
2023-07-18T18:28:42.125, ubuntu22-b, 0.005386
2023-07-18T18:28:42.331, ubuntu22-b, 0.005374
2023-07-18T18:28:42.536, ubuntu22-b, 0.004853
2023-07-18T18:28:42.745, ubuntu22-b, 0.008401
2023-07-18T18:28:42.951, ubuntu22-b, 0.005845
2023-07-18T18:28:43.157, ubuntu22-b, 0.005249
2023-07-18T18:28:43.362, ubuntu22-b, 0.005058
2023-07-18T18:28:43.568, ubuntu22-b, 0.005145
2023-07-18T18:28:43.773, ubuntu22-b, 0.005488
2023-07-18T18:28:43.979, ubuntu22-b, 0.005179
2023-07-18T18:28:44.185, ubuntu22-b, 0.005436
2023-07-18T18:28:44.391, ubuntu22-b, 0.005298
2023-07-18T18:28:44.596, ubuntu22-b, 0.005413
2023-07-18T18:28:44.803, ubuntu22-d, 0.005687
2023-07-18T18:28:45.008, ubuntu22-d, 0.005388
2023-07-18T18:28:45.214, ubuntu22-d, 0.005256
2023-07-18T18:28:45.420, ubuntu22-b, 0.005171
2023-07-18T18:28:45.625, ubuntu22-b, 0.005034
2023-07-18T18:28:45.843, ubuntu22-b, 0.017527
2023-07-18T18:28:46.049, ubuntu22-d, 0.005508
2023-07-18T18:28:46.259, ubuntu22-d, 0.009347
2023-07-18T18:28:46.466, ubuntu22-d, 0.007061
2023-07-18T18:28:46.672, ubuntu22-d, 0.005313
2023-07-18T18:28:46.878, ubuntu22-d, 0.005529
2023-07-18T18:28:47.083, ubuntu22-d, 0.005294
2023-07-18T18:28:47.289, ubuntu22-d, 0.005584
2023-07-18T18:28:47.495, ubuntu22-d, 0.005328
2023-07-18T18:28:47.701, ubuntu22-d, 0.005611
2023-07-18T18:28:47.907, ubuntu22-d, 0.005288
2023-07-18T18:28:48.112, ubuntu22-d, 0.005118
2023-07-18T18:28:48.318, ubuntu22-d, 0.005167
2023-07-18T18:28:48.523, ubuntu22-d, 0.005126
2023-07-18T18:28:48.751, ubuntu22-d, 0.026788
2023-07-18T18:28:48.958, ubuntu22-d, 0.006402
2023-07-18T18:28:49.164, ubuntu22-d, 0.005520
2023-07-18T18:28:49.370, ubuntu22-d, 0.005498
2023-07-18T18:28:49.575, ubuntu22-d, 0.005392
2023-07-18T18:28:49.781, ubuntu22-d, 0.005216
2023-07-18T18:28:49.987, ubuntu22-d, 0.005765
2023-07-18T18:28:50.193, ubuntu22-d, 0.005482
2023-07-18T18:28:50.399, ubuntu22-d, 0.005882
2023-07-18T18:28:50.605, ubuntu22-d, 0.005440
2023-07-18T18:28:50.811, ubuntu22-d, 0.005570
2023-07-18T18:28:51.017, ubuntu22-d, 0.005336
2023-07-18T18:28:51.223, ubuntu22-d, 0.005330
2023-07-18T18:28:51.429, ubuntu22-d, 0.005541
2023-07-18T18:28:51.635, ubuntu22-d, 0.005501
2023-07-18T18:28:51.840, ubuntu22-d, 0.005387
2023-07-18T18:28:52.046, ubuntu22-d, 0.005472
2023-07-18T18:28:52.252, ubuntu22-d, 0.005161
2023-07-18T18:28:52.458, ubuntu22-c, 0.005498
2023-07-18T18:28:52.663, ubuntu22-d, 0.005372
2023-07-18T18:28:52.869, ubuntu22-d, 0.005311
2023-07-18T18:28:53.078, ubuntu22-c, 0.008256
2023-07-18T18:28:53.284, ubuntu22-d, 0.005403
2023-07-18T18:28:53.490, ubuntu22-d, 0.005379
2023-07-18T18:28:53.696, ubuntu22-d, 0.005424
2023-07-18T18:28:53.901, ubuntu22-c, 0.005235
2023-07-18T18:28:54.107, ubuntu22-c, 0.005389
2023-07-18T18:28:54.313, ubuntu22-c, 0.005371
2023-07-18T18:28:54.518, ubuntu22-c, 0.005010
2023-07-18T18:28:54.725, ubuntu22-c, 0.005534
2023-07-18T18:28:54.932, ubuntu22-c, 0.006999
2023-07-18T18:28:55.139, ubuntu22-c, 0.006581
2023-07-18T18:28:55.345, ubuntu22-c, 0.005238
2023-07-18T18:28:55.550, ubuntu22-c, 0.005063
2023-07-18T18:28:55.756, ubuntu22-c, 0.004954
2023-07-18T18:28:55.962, ubuntu22-c, 0.005444
2023-07-18T18:28:56.167, ubuntu22-c, 0.005024
2023-07-18T18:28:56.373, ubuntu22-c, 0.005210
2023-07-18T18:28:56.579, ubuntu22-c, 0.005355
2023-07-18T18:28:56.784, ubuntu22-c, 0.005217
2023-07-18T18:28:56.995, ubuntu22-c, 0.009606
2023-07-18T18:28:57.200, ubuntu22-c, 0.005158
2023-07-18T18:28:57.410, ubuntu22-c, 0.009583
2023-07-18T18:28:57.616, ubuntu22-c, 0.005513
2023-07-18T18:28:57.822, ubuntu22-c, 0.005138
2023-07-18T18:28:58.028, ubuntu22-c, 0.006280
2023-07-18T18:28:58.234, ubuntu22-c, 0.005265
2023-07-18T18:28:58.444, ubuntu22-c, 0.010007
2023-07-18T18:28:58.650, ubuntu22-c, 0.005301
2023-07-18T18:28:58.856, ubuntu22-c, 0.005127
2023-07-18T18:28:59.069, ubuntu22-c, 0.013078
2023-07-18T18:28:59.275, ubuntu22-c, 0.005162
2023-07-18T18:28:59.480, ubuntu22-c, 0.005262
2023-07-18T18:28:59.686, ubuntu22-c, 0.005019
2023-07-18T18:28:59.891, ubuntu22-c, 0.005081
2023-07-18T18:29:00.097, ubuntu22-c, 0.005100
2023-07-18T18:29:00.302, ubuntu22-c, 0.005125
2023-07-18T18:29:00.509, ubuntu22-d, 0.006003
2023-07-18T18:29:00.714, ubuntu22-c, 0.005367
2023-07-18T18:29:00.920, ubuntu22-d, 0.005236
2023-07-18T18:29:01.126, ubuntu22-d, 0.005502
2023-07-18T18:29:01.332, ubuntu22-d, 0.005494
2023-07-18T18:29:01.538, ubuntu22-d, 0.005518
2023-07-18T18:29:01.744, ubuntu22-d, 0.006282
2023-07-18T18:29:01.950, ubuntu22-d, 0.005211
2023-07-18T18:29:02.156, ubuntu22-d, 0.005466
2023-07-18T18:29:02.362, ubuntu22-d, 0.005517
2023-07-18T18:29:02.567, ubuntu22-d, 0.005343
2023-07-18T18:29:02.773, ubuntu22-d, 0.005322
2023-07-18T18:29:02.979, ubuntu22-d, 0.005295
2023-07-18T18:29:03.184, ubuntu22-d, 0.005198
2023-07-18T18:29:03.390, ubuntu22-d, 0.005154
2023-07-18T18:29:03.595, ubuntu22-d, 0.005034
2023-07-18T18:29:03.801, ubuntu22-d, 0.005183
2023-07-18T18:29:04.010, ubuntu22-d, 0.008090
2023-07-18T18:29:04.216, ubuntu22-d, 0.005511
2023-07-18T18:29:04.421, ubuntu22-d, 0.005297
2023-07-18T18:29:04.627, ubuntu22-d, 0.005469
2023-07-18T18:29:04.833, ubuntu22-d, 0.005145
2023-07-18T18:29:05.039, ubuntu22-d, 0.005463
2023-07-18T18:29:05.244, ubuntu22-d, 0.005364
2023-07-18T18:29:05.450, ubuntu22-d, 0.005503
2023-07-18T18:29:05.656, ubuntu22-d, 0.005192
2023-07-18T18:29:05.861, ubuntu22-d, 0.005397
2023-07-18T18:29:06.068, ubuntu22-d, 0.005677
2023-07-18T18:29:06.273, ubuntu22-d, 0.005324
2023-07-18T18:29:06.479, ubuntu22-d, 0.005039
2023-07-18T18:29:06.685, ubuntu22-d, 0.005542
2023-07-18T18:29:06.890, ubuntu22-d, 0.005222
2023-07-18T18:29:07.096, ubuntu22-d, 0.005535
2023-07-18T18:29:07.302, ubuntu22-d, 0.005409
2023-07-18T18:29:07.508, ubuntu22-d, 0.005372
2023-07-18T18:29:07.713, ubuntu22-d, 0.005270
2023-07-18T18:29:07.919, ubuntu22-d, 0.005297
2023-07-18T18:29:08.125, ubuntu22-d, 0.005341
2023-07-18T18:29:08.331, ubuntu22-d, 0.005570
2023-07-18T18:29:08.537, ubuntu22-d, 0.006092
2023-07-18T18:29:08.745, ubuntu22-d, 0.007862
2023-07-18T18:29:08.951, ubuntu22-d, 0.005324
2023-07-18T18:29:09.157, ubuntu22-d, 0.005468
2023-07-18T18:29:09.363, ubuntu22-d, 0.005366
2023-07-18T18:29:09.569, ubuntu22-d, 0.005681
2023-07-18T18:29:09.774, ubuntu22-d, 0.005354
2023-07-18T18:29:09.980, ubuntu22-d, 0.005280
2023-07-18T18:29:10.186, ubuntu22-b, 0.005713
2023-07-18T18:29:10.392, ubuntu22-d, 0.005566
2023-07-18T18:29:10.598, ubuntu22-d, 0.005850
2023-07-18T18:29:10.804, ubuntu22-b, 0.005297
2023-07-18T18:29:11.011, ubuntu22-b, 0.006382
2023-07-18T18:29:11.217, ubuntu22-b, 0.005718
2023-07-18T18:29:11.423, ubuntu22-b, 0.005315
2023-07-18T18:29:11.629, ubuntu22-b, 0.005979
2023-07-18T18:29:11.835, ubuntu22-b, 0.005121
2023-07-18T18:29:12.041, ubuntu22-b, 0.005397
2023-07-18T18:29:12.247, ubuntu22-b, 0.005160
2023-07-18T18:29:12.453, ubuntu22-b, 0.005214
2023-07-18T18:29:12.658, ubuntu22-b, 0.005063
2023-07-18T18:29:12.863, ubuntu22-b, 0.004784
2023-07-18T18:29:13.069, ubuntu22-b, 0.005203
2023-07-18T18:29:13.276, ubuntu22-b, 0.005475
2023-07-18T18:29:13.481, ubuntu22-b, 0.005009
2023-07-18T18:29:13.687, ubuntu22-b, 0.005105
2023-07-18T18:29:13.893, ubuntu22-b, 0.006076
2023-07-18T18:29:14.098, ubuntu22-b, 0.005129
2023-07-18T18:29:14.311, ubuntu22-b, 0.011897
2023-07-18T18:29:14.516, ubuntu22-b, 0.005170
2023-07-18T18:29:14.722, ubuntu22-b, 0.005768
2023-07-18T18:29:14.929, ubuntu22-b, 0.006075
2023-07-18T18:29:15.135, ubuntu22-b, 0.005465
2023-07-18T18:29:15.340, ubuntu22-b, 0.005245
2023-07-18T18:29:15.546, ubuntu22-b, 0.005485
2023-07-18T18:29:15.752, ubuntu22-b, 0.005324
2023-07-18T18:29:15.957, ubuntu22-b, 0.005357
2023-07-18T18:29:16.164, ubuntu22-b, 0.005774
2023-07-18T18:29:16.369, ubuntu22-b, 0.005336
2023-07-18T18:29:16.576, ubuntu22-b, 0.005696
2023-07-18T18:29:16.782, ubuntu22-b, 0.005798
2023-07-18T18:29:17.000, ubuntu22-b, 0.017617
2023-07-18T18:29:17.211, ubuntu22-b, 0.010304
2023-07-18T18:29:17.417, ubuntu22-d, 0.005881
2023-07-18T18:29:17.623, ubuntu22-b, 0.005528
2023-07-18T18:29:17.828, ubuntu22-d, 0.004592
2023-07-18T18:29:18.034, ubuntu22-d, 0.005337
2023-07-18T18:29:18.239, ubuntu22-b, 0.005013
2023-07-18T18:29:18.444, , 
2023-07-18T18:29:18.651, ubuntu22-d, 0.006645
2023-07-18T18:29:18.857, ubuntu22-d, 0.005533
2023-07-18T18:29:19.067, ubuntu22-d, 0.009251
2023-07-18T18:29:19.272, ubuntu22-d, 0.004996
2023-07-18T18:29:19.478, ubuntu22-d, 0.005452
2023-07-18T18:29:19.684, ubuntu22-d, 0.005362
2023-07-18T18:29:19.890, ubuntu22-d, 0.005151
2023-07-18T18:29:20.095, ubuntu22-d, 0.005062
2023-07-18T18:29:20.301, ubuntu22-d, 0.005103
2023-07-18T18:29:20.511, ubuntu22-d, 0.010011
2023-07-18T18:29:20.717, ubuntu22-d, 0.005419
2023-07-18T18:29:20.922, ubuntu22-d, 0.005020
2023-07-18T18:29:21.128, ubuntu22-d, 0.005291
2023-07-18T18:29:21.334, ubuntu22-d, 0.005332
2023-07-18T18:29:21.545, ubuntu22-d, 0.005312
2023-07-18T18:29:21.750, ubuntu22-d, 0.005245
2023-07-18T18:29:21.956, ubuntu22-d, 0.005620
2023-07-18T18:29:22.162, ubuntu22-d, 0.005314
2023-07-18T18:29:22.368, ubuntu22-d, 0.005192
2023-07-18T18:29:22.573, ubuntu22-d, 0.005152
2023-07-18T18:29:22.779, ubuntu22-d, 0.005308
2023-07-18T18:29:22.985, ubuntu22-d, 0.005279
2023-07-18T18:29:23.190, ubuntu22-d, 0.005140
2023-07-18T18:29:23.396, ubuntu22-d, 0.005525
2023-07-18T18:29:23.605, ubuntu22-d, 0.008449
2023-07-18T18:29:23.811, ubuntu22-d, 0.005086
2023-07-18T18:29:24.017, ubuntu22-d, 0.005491
2023-07-18T18:29:24.223, ubuntu22-d, 0.005386
2023-07-18T18:29:24.428, ubuntu22-d, 0.005586
2023-07-18T18:29:24.634, ubuntu22-d, 0.005180
2023-07-18T18:29:24.840, ubuntu22-d, 0.005222
2023-07-18T18:29:25.046, ubuntu22-d, 0.005429
2023-07-18T18:29:25.251, ubuntu22-d, 0.005045
2023-07-18T18:29:25.457, ubuntu22-d, 0.005193
2023-07-18T18:29:25.662, ubuntu22-d, 0.005105
2023-07-18T18:29:25.867, ubuntu22-d, 0.004642
2023-07-18T18:29:26.073, ubuntu22-d, 0.005208
2023-07-18T18:29:26.279, ubuntu22-d, 0.005345
2023-07-18T18:29:26.485, ubuntu22-d, 0.005354
2023-07-18T18:29:26.696, ubuntu22-d, 0.010978
2023-07-18T18:29:26.902, ubuntu22-d, 0.005171
2023-07-18T18:29:27.107, ubuntu22-d, 0.005327
2023-07-18T18:29:27.313, ubuntu22-d, 0.005554
2023-07-18T18:29:27.519, ubuntu22-b, 0.005542
2023-07-18T18:29:27.725, ubuntu22-b, 0.005034
2023-07-18T18:29:27.930, ubuntu22-d, 0.005229
2023-07-18T18:29:28.137, ubuntu22-b, 0.005808
2023-07-18T18:29:28.342, ubuntu22-b, 0.005018
2023-07-18T18:29:28.549, ubuntu22-b, 0.006365
2023-07-18T18:29:28.760, ubuntu22-b, 0.010906
2023-07-18T18:29:28.968, ubuntu22-b, 0.008029
2023-07-18T18:29:29.177, ubuntu22-b, 0.007811
2023-07-18T18:29:29.391, ubuntu22-b, 0.014524
2023-07-18T18:29:29.615, ubuntu22-b, 0.022912
2023-07-18T18:29:29.827, ubuntu22-b, 0.011528
2023-07-18T18:29:30.032, ubuntu22-b, 0.005496
2023-07-18T18:29:30.238, ubuntu22-b, 0.005438
2023-07-18T18:29:30.444, ubuntu22-b, 0.005332
2023-07-18T18:29:30.650, ubuntu22-b, 0.005226
2023-07-18T18:29:30.858, ubuntu22-b, 0.007780
2023-07-18T18:29:31.063, ubuntu22-b, 0.005305
2023-07-18T18:29:31.269, ubuntu22-b, 0.005402
2023-07-18T18:29:31.475, ubuntu22-b, 0.005263
2023-07-18T18:29:31.682, ubuntu22-b, 0.006909
2023-07-18T18:29:31.888, ubuntu22-b, 0.005399
2023-07-18T18:29:32.093, ubuntu22-b, 0.005426
2023-07-18T18:29:32.299, ubuntu22-b, 0.005027
2023-07-18T18:29:32.505, ubuntu22-b, 0.005344
2023-07-18T18:29:32.711, ubuntu22-b, 0.005740
2023-07-18T18:29:32.916, ubuntu22-b, 0.005221
2023-07-18T18:29:33.122, ubuntu22-b, 0.005416
2023-07-18T18:29:33.328, ubuntu22-b, 0.005234
2023-07-18T18:29:33.534, ubuntu22-b, 0.005304
2023-07-18T18:29:33.739, ubuntu22-b, 0.005119
2023-07-18T18:29:33.945, ubuntu22-b, 0.005148
2023-07-18T18:29:34.151, ubuntu22-c, 0.005850
2023-07-18T18:29:34.360, ubuntu22-b, 0.008768
2023-07-18T18:29:34.566, ubuntu22-b, 0.005315
2023-07-18T18:29:34.773, ubuntu22-b, 0.006434
2023-07-18T18:29:34.978, ubuntu22-c, 0.005270
2023-07-18T18:29:35.185, ubuntu22-b, 0.006663
2023-07-18T18:29:35.391, ubuntu22-c, 0.005264
2023-07-18T18:29:35.597, ubuntu22-c, 0.005287
2023-07-18T18:29:35.802, ubuntu22-c, 0.005105
2023-07-18T18:29:36.008, ubuntu22-c, 0.005188
2023-07-18T18:29:36.213, ubuntu22-c, 0.005093
2023-07-18T18:29:36.419, ubuntu22-c, 0.005357
2023-07-18T18:29:36.625, ubuntu22-c, 0.005906
2023-07-18T18:29:36.831, ubuntu22-c, 0.005478
2023-07-18T18:29:37.037, ubuntu22-c, 0.005801
2023-07-18T18:29:37.244, ubuntu22-c, 0.005730
2023-07-18T18:29:37.449, ubuntu22-c, 0.005245
2023-07-18T18:29:37.655, ubuntu22-c, 0.005406
2023-07-18T18:29:37.861, ubuntu22-c, 0.005305
2023-07-18T18:29:38.066, ubuntu22-c, 0.005124
2023-07-18T18:29:38.272, ubuntu22-c, 0.005124
2023-07-18T18:29:38.477, ubuntu22-c, 0.005331
2023-07-18T18:29:38.683, ubuntu22-c, 0.005416
2023-07-18T18:29:38.892, ubuntu22-c, 0.008415
2023-07-18T18:29:39.099, ubuntu22-c, 0.007009
2023-07-18T18:29:39.307, ubuntu22-c, 0.007025
2023-07-18T18:29:39.513, ubuntu22-c, 0.005534
2023-07-18T18:29:39.718, ubuntu22-c, 0.005131
2023-07-18T18:29:39.924, ubuntu22-c, 0.005020
2023-07-18T18:29:40.130, ubuntu22-c, 0.005484
2023-07-18T18:29:40.335, ubuntu22-c, 0.005535
2023-07-18T18:29:40.543, ubuntu22-c, 0.005637
2023-07-18T18:29:40.748, ubuntu22-c, 0.005159
2023-07-18T18:29:40.955, ubuntu22-c, 0.006674
2023-07-18T18:29:41.161, ubuntu22-c, 0.005415
2023-07-18T18:29:41.367, ubuntu22-c, 0.005033
2023-07-18T18:29:41.572, ubuntu22-c, 0.005099
2023-07-18T18:29:41.777, ubuntu22-c, 0.004935
2023-07-18T18:29:41.983, ubuntu22-c, 0.004812
2023-07-18T18:29:42.188, ubuntu22-c, 0.004938
2023-07-18T18:29:42.393, ubuntu22-c, 0.005011
2023-07-18T18:29:42.599, ubuntu22-c, 0.004987
2023-07-18T18:29:42.804, ubuntu22-c, 0.004960
2023-07-18T18:29:43.009, ubuntu22-c, 0.005026
2023-07-18T18:29:43.215, ubuntu22-c, 0.005076
2023-07-18T18:29:43.420, ubuntu22-c, 0.004987
2023-07-18T18:29:43.626, ubuntu22-c, 0.004896
2023-07-18T18:29:43.832, ubuntu22-b, 0.005651
2023-07-18T18:29:44.037, ubuntu22-c, 0.004975
2023-07-18T18:29:44.243, ubuntu22-c, 0.005036
2023-07-18T18:29:44.448, ubuntu22-c, 0.005544
2023-07-18T18:29:44.654, ubuntu22-c, 0.005202
2023-07-18T18:29:44.858, , 
2023-07-18T18:29:45.064, ubuntu22-b, 0.005213
2023-07-18T18:29:45.269, ubuntu22-b, 0.005020
2023-07-18T18:29:45.476, ubuntu22-b, 0.006342
2023-07-18T18:29:45.682, ubuntu22-b, 0.006016
2023-07-18T18:29:45.888, ubuntu22-b, 0.005347
2023-07-18T18:29:46.093, ubuntu22-b, 0.005123
2023-07-18T18:29:46.299, ubuntu22-b, 0.005152
2023-07-18T18:29:46.529, ubuntu22-b, 0.029107
2023-07-18T18:29:46.735, ubuntu22-b, 0.005725
2023-07-18T18:29:46.940, ubuntu22-b, 0.005134
2023-07-18T18:29:47.153, ubuntu22-b, 0.011838
2023-07-18T18:29:47.358, ubuntu22-b, 0.004979
2023-07-18T18:29:47.566, ubuntu22-b, 0.008168
2023-07-18T18:29:47.772, ubuntu22-b, 0.005191
2023-07-18T18:29:47.978, ubuntu22-b, 0.005491
2023-07-18T18:29:48.183, ubuntu22-b, 0.005063
2023-07-18T18:29:48.389, ubuntu22-b, 0.004999
2023-07-18T18:29:48.594, ubuntu22-b, 0.005132
2023-07-18T18:29:48.800, ubuntu22-b, 0.004835
2023-07-18T18:29:49.005, ubuntu22-b, 0.005070
2023-07-18T18:29:49.212, ubuntu22-b, 0.006927
2023-07-18T18:29:49.419, ubuntu22-b, 0.006085
2023-07-18T18:29:49.628, ubuntu22-b, 0.009046
2023-07-18T18:29:49.834, ubuntu22-b, 0.005169
2023-07-18T18:29:50.048, ubuntu22-b, 0.014137
2023-07-18T18:29:50.254, ubuntu22-b, 0.005206
2023-07-18T18:29:50.460, ubuntu22-b, 0.005765
2023-07-18T18:29:50.666, ubuntu22-b, 0.005188
2023-07-18T18:29:50.871, ubuntu22-b, 0.004983
2023-07-18T18:29:51.077, ubuntu22-d, 0.005649
2023-07-18T18:29:51.282, ubuntu22-b, 0.005029
2023-07-18T18:29:51.496, ubuntu22-d, 0.013105
2023-07-18T18:29:51.707, ubuntu22-b, 0.010576
2023-07-18T18:29:51.911, , 
2023-07-18T18:29:52.117, ubuntu22-d, 0.005382
2023-07-18T18:29:52.323, ubuntu22-d, 0.005077
2023-07-18T18:29:52.528, ubuntu22-d, 0.005053
2023-07-18T18:29:52.734, ubuntu22-d, 0.005516
2023-07-18T18:29:52.940, ubuntu22-d, 0.005189
2023-07-18T18:29:53.145, ubuntu22-d, 0.005187
2023-07-18T18:29:53.351, ubuntu22-d, 0.004963
2023-07-18T18:29:53.556, ubuntu22-d, 0.005060
2023-07-18T18:29:53.762, ubuntu22-d, 0.005061
2023-07-18T18:29:53.967, ubuntu22-d, 0.004949
2023-07-18T18:29:54.172, ubuntu22-d, 0.005176
2023-07-18T18:29:54.378, ubuntu22-d, 0.005325
2023-07-18T18:29:54.584, ubuntu22-d, 0.005444
2023-07-18T18:29:54.789, ubuntu22-d, 0.005231
2023-07-18T18:29:54.995, ubuntu22-d, 0.005323
2023-07-18T18:29:55.201, ubuntu22-d, 0.005951
2023-07-18T18:29:55.407, ubuntu22-d, 0.005126
2023-07-18T18:29:55.612, ubuntu22-d, 0.005135
2023-07-18T18:29:55.818, ubuntu22-d, 0.005097
2023-07-18T18:29:56.024, ubuntu22-d, 0.005322
2023-07-18T18:29:56.230, ubuntu22-d, 0.005989
2023-07-18T18:29:56.436, ubuntu22-d, 0.005321
2023-07-18T18:29:56.642, ubuntu22-d, 0.005825
2023-07-18T18:29:56.848, ubuntu22-d, 0.005089
2023-07-18T18:29:57.053, ubuntu22-d, 0.005205
2023-07-18T18:29:57.259, ubuntu22-d, 0.005641
2023-07-18T18:29:57.465, ubuntu22-d, 0.005587
2023-07-18T18:29:57.671, ubuntu22-d, 0.005013
2023-07-18T18:29:57.877, ubuntu22-d, 0.005117
2023-07-18T18:29:58.082, ubuntu22-d, 0.005217
2023-07-18T18:29:58.288, ubuntu22-d, 0.005244
2023-07-18T18:29:58.494, ubuntu22-d, 0.005499
2023-07-18T18:29:58.699, ubuntu22-d, 0.005296
2023-07-18T18:29:58.905, ubuntu22-d, 0.005217
2023-07-18T18:29:59.111, ubuntu22-d, 0.005232
2023-07-18T18:29:59.317, ubuntu22-d, 0.005707
2023-07-18T18:29:59.523, ubuntu22-d, 0.005221
2023-07-18T18:29:59.728, ubuntu22-d, 0.005149
2023-07-18T18:29:59.934, ubuntu22-d, 0.005285
2023-07-18T18:30:00.140, ubuntu22-d, 0.005166
2023-07-18T18:30:00.349, ubuntu22-d, 0.008653
2023-07-18T18:30:00.555, ubuntu22-d, 0.005545
2023-07-18T18:30:00.760, ubuntu22-d, 0.005284
2023-07-18T18:30:00.966, ubuntu22-d, 0.005344
2023-07-18T18:30:01.172, ubuntu22-d, 0.005461
2023-07-18T18:30:01.378, ubuntu22-d, 0.005522
2023-07-18T18:30:01.583, ubuntu22-d, 0.004899
2023-07-18T18:30:01.789, ubuntu22-d, 0.005244
2023-07-18T18:30:01.994, ubuntu22-d, 0.005197
2023-07-18T18:30:02.200, ubuntu22-d, 0.004903
2023-07-18T18:30:02.406, ubuntu22-d, 0.005818
2023-07-18T18:30:02.612, ubuntu22-b, 0.005500
2023-07-18T18:30:02.817, ubuntu22-b, 0.004903
2023-07-18T18:30:03.022, ubuntu22-d, 0.004903
2023-07-18T18:30:03.228, ubuntu22-b, 0.005074
2023-07-18T18:30:03.433, ubuntu22-b, 0.004778
2023-07-18T18:30:03.638, ubuntu22-d, 0.004861
2023-07-18T18:30:03.843, ubuntu22-d, 0.004923
2023-07-18T18:30:04.048, ubuntu22-d, 0.004730
2023-07-18T18:30:04.254, ubuntu22-b, 0.005870
2023-07-18T18:30:04.460, ubuntu22-b, 0.005360
2023-07-18T18:30:04.666, ubuntu22-b, 0.004953
2023-07-18T18:30:04.871, ubuntu22-b, 0.004715
2023-07-18T18:30:05.083, ubuntu22-b, 0.011316
2023-07-18T18:30:05.341, ubuntu22-b, 0.058150
2023-07-18T18:30:05.547, ubuntu22-b, 0.005557
2023-07-18T18:30:05.753, ubuntu22-b, 0.005672
2023-07-18T18:30:05.959, ubuntu22-b, 0.005306
2023-07-18T18:30:06.165, ubuntu22-b, 0.006118
2023-07-18T18:30:06.374, ubuntu22-b, 0.007710
2023-07-18T18:30:06.592, ubuntu22-b, 0.018283
2023-07-18T18:30:06.800, ubuntu22-b, 0.007308
2023-07-18T18:30:07.019, ubuntu22-b, 0.018648
2023-07-18T18:30:07.225, ubuntu22-b, 0.005263
2023-07-18T18:30:07.430, ubuntu22-b, 0.005027
2023-07-18T18:30:07.638, ubuntu22-b, 0.007795
2023-07-18T18:30:07.844, ubuntu22-b, 0.005269
2023-07-18T18:30:08.050, ubuntu22-b, 0.005282
2023-07-18T18:30:08.255, ubuntu22-b, 0.005248
2023-07-18T18:30:08.462, ubuntu22-b, 0.006255
2023-07-18T18:30:08.668, ubuntu22-b, 0.005359
2023-07-18T18:30:08.873, ubuntu22-b, 0.005212
2023-07-18T18:30:09.079, ubuntu22-b, 0.005316
2023-07-18T18:30:09.289, ubuntu22-b, 0.009261
2023-07-18T18:30:09.494, ubuntu22-b, 0.005269
2023-07-18T18:30:09.700, ubuntu22-b, 0.005318
2023-07-18T18:30:09.906, ubuntu22-b, 0.005256
2023-07-18T18:30:10.111, ubuntu22-b, 0.005168
2023-07-18T18:30:10.317, ubuntu22-b, 0.005363
2023-07-18T18:30:10.524, ubuntu22-b, 0.006395
2023-07-18T18:30:10.730, ubuntu22-b, 0.005369
2023-07-18T18:30:10.936, ubuntu22-c, 0.005624
2023-07-18T18:30:11.142, ubuntu22-c, 0.005293
2023-07-18T18:30:11.347, ubuntu22-b, 0.005199
2023-07-18T18:30:11.556, ubuntu22-b, 0.006490
2023-07-18T18:30:11.761, ubuntu22-b, 0.004861
2023-07-18T18:30:11.966, ubuntu22-c, 0.004913
2023-07-18T18:30:12.212, , 
2023-07-18T18:30:12.419, ubuntu22-c, 0.005981
2023-07-18T18:30:12.624, ubuntu22-c, 0.005021
2023-07-18T18:30:12.830, ubuntu22-c, 0.005931
2023-07-18T18:30:13.037, ubuntu22-c, 0.006211
2023-07-18T18:30:13.243, ubuntu22-c, 0.005779
2023-07-18T18:30:13.450, ubuntu22-c, 0.006510
2023-07-18T18:30:13.658, ubuntu22-c, 0.007262
2023-07-18T18:30:13.863, ubuntu22-c, 0.004817
2023-07-18T18:30:14.070, ubuntu22-c, 0.005897
2023-07-18T18:30:14.275, ubuntu22-c, 0.004741
2023-07-18T18:30:14.480, ubuntu22-c, 0.004760
2023-07-18T18:30:14.687, ubuntu22-c, 0.006580
2023-07-18T18:30:14.892, ubuntu22-c, 0.004745
2023-07-18T18:30:15.098, ubuntu22-c, 0.005246
2023-07-18T18:30:15.303, ubuntu22-c, 0.004849
2023-07-18T18:30:15.508, ubuntu22-c, 0.005007
2023-07-18T18:30:15.714, ubuntu22-c, 0.005113
2023-07-18T18:30:15.919, ubuntu22-c, 0.004851
2023-07-18T18:30:16.125, ubuntu22-c, 0.005065
2023-07-18T18:30:16.330, ubuntu22-c, 0.004806
2023-07-18T18:30:16.535, ubuntu22-c, 0.004688
2023-07-18T18:30:16.740, ubuntu22-c, 0.004834
2023-07-18T18:30:16.945, ubuntu22-c, 0.004781
2023-07-18T18:30:17.150, ubuntu22-c, 0.004804
2023-07-18T18:30:17.356, ubuntu22-c, 0.004917
2023-07-18T18:30:17.561, ubuntu22-c, 0.004777
2023-07-18T18:30:17.766, ubuntu22-c, 0.005021
2023-07-18T18:30:17.978, ubuntu22-c, 0.011024
2023-07-18T18:30:18.184, ubuntu22-c, 0.006247
2023-07-18T18:30:18.391, ubuntu22-c, 0.006965
2023-07-18T18:30:18.598, ubuntu22-c, 0.006413
2023-07-18T18:30:18.804, ubuntu22-c, 0.005137
2023-07-18T18:30:19.009, ubuntu22-c, 0.004817
2023-07-18T18:30:19.215, ubuntu22-c, 0.006138
2023-07-18T18:30:19.421, ubuntu22-c, 0.005017
2023-07-18T18:30:19.626, ubuntu22-c, 0.005017
2023-07-18T18:30:19.832, ubuntu22-c, 0.005039
2023-07-18T18:30:20.037, ubuntu22-c, 0.004931
2023-07-18T18:30:20.245, ubuntu22-c, 0.008216
2023-07-18T18:30:20.451, ubuntu22-c, 0.005271
2023-07-18T18:30:20.657, ubuntu22-c, 0.005452
2023-07-18T18:30:20.863, ubuntu22-c, 0.005246
2023-07-18T18:30:21.069, ubuntu22-c, 0.006009
2023-07-18T18:30:21.274, ubuntu22-c, 0.004929
2023-07-18T18:30:21.480, ubuntu22-c, 0.005363
2023-07-18T18:30:21.686, ubuntu22-c, 0.005402
2023-07-18T18:30:21.891, ubuntu22-b, 0.005344
2023-07-18T18:30:22.097, ubuntu22-b, 0.004985
2023-07-18T18:30:22.302, ubuntu22-b, 0.004345
2023-07-18T18:30:22.507, ubuntu22-c, 0.004824
2023-07-18T18:30:22.712, ubuntu22-c, 0.004825
2023-07-18T18:30:22.917, ubuntu22-b, 0.004714
2023-07-18T18:30:23.123, ubuntu22-b, 0.005137
2023-07-18T18:30:23.328, ubuntu22-b, 0.005142
2023-07-18T18:30:23.536, ubuntu22-b, 0.007511
2023-07-18T18:30:23.744, ubuntu22-b, 0.007984
2023-07-18T18:30:23.952, ubuntu22-b, 0.007477
2023-07-18T18:30:24.158, ubuntu22-b, 0.005445
2023-07-18T18:30:24.367, ubuntu22-b, 0.008859
2023-07-18T18:30:24.573, ubuntu22-b, 0.005059
2023-07-18T18:30:24.778, ubuntu22-b, 0.004802
2023-07-18T18:30:24.984, ubuntu22-b, 0.005188
2023-07-18T18:30:25.189, ubuntu22-b, 0.005090
2023-07-18T18:30:25.395, ubuntu22-b, 0.005164
2023-07-18T18:30:25.600, ubuntu22-b, 0.004973
2023-07-18T18:30:25.805, ubuntu22-b, 0.004643
2023-07-18T18:30:26.011, ubuntu22-b, 0.005568
2023-07-18T18:30:26.216, ubuntu22-b, 0.004990
2023-07-18T18:30:26.422, ubuntu22-b, 0.005493
2023-07-18T18:30:26.636, ubuntu22-b, 0.011872
2023-07-18T18:30:26.842, ubuntu22-b, 0.004940
2023-07-18T18:30:27.047, ubuntu22-b, 0.005078
2023-07-18T18:30:27.255, ubuntu22-b, 0.005682
2023-07-18T18:30:27.461, ubuntu22-b, 0.005362
2023-07-18T18:30:27.673, ubuntu22-b, 0.011841
2023-07-18T18:30:27.885, ubuntu22-b, 0.011387
2023-07-18T18:30:28.090, ubuntu22-b, 0.005242
2023-07-18T18:30:28.296, ubuntu22-b, 0.005080
2023-07-18T18:30:28.502, ubuntu22-b, 0.005736
2023-07-18T18:30:28.719, ubuntu22-b, 0.015084
2023-07-18T18:30:28.925, ubuntu22-b, 0.005623
2023-07-18T18:30:29.131, ubuntu22-b, 0.005328
2023-07-18T18:30:29.337, ubuntu22-b, 0.005639
2023-07-18T18:30:29.542, ubuntu22-b, 0.004892
2023-07-18T18:30:29.748, ubuntu22-b, 0.006058
2023-07-18T18:30:29.955, ubuntu22-c, 0.005899
2023-07-18T18:30:30.160, ubuntu22-b, 0.005125
2023-07-18T18:30:30.366, ubuntu22-c, 0.004997
2023-07-18T18:30:30.571, ubuntu22-c, 0.005173
2023-07-18T18:30:30.777, ubuntu22-c, 0.005350
2023-07-18T18:30:30.982, ubuntu22-c, 0.005051
2023-07-18T18:30:31.188, ubuntu22-c, 0.005340
2023-07-18T18:30:31.395, ubuntu22-c, 0.006751
2023-07-18T18:30:31.600, ubuntu22-c, 0.005072
2023-07-18T18:30:31.807, ubuntu22-c, 0.005988
2023-07-18T18:30:32.014, ubuntu22-c, 0.006550
2023-07-18T18:30:32.219, ubuntu22-c, 0.005248
2023-07-18T18:30:32.424, ubuntu22-c, 0.004833
2023-07-18T18:30:32.630, ubuntu22-c, 0.004852
2023-07-18T18:30:32.835, ubuntu22-c, 0.005006
2023-07-18T18:30:33.040, ubuntu22-c, 0.004915
2023-07-18T18:30:33.250, ubuntu22-c, 0.008556
2023-07-18T18:30:33.455, ubuntu22-c, 0.005476
2023-07-18T18:30:33.660, ubuntu22-c, 0.004774
2023-07-18T18:30:33.871, ubuntu22-c, 0.009751
2023-07-18T18:30:34.076, ubuntu22-c, 0.004905
2023-07-18T18:30:34.281, ubuntu22-c, 0.004771
2023-07-18T18:30:34.487, ubuntu22-c, 0.005145
2023-07-18T18:30:34.693, ubuntu22-c, 0.005625
2023-07-18T18:30:34.898, ubuntu22-c, 0.005043
2023-07-18T18:30:35.103, ubuntu22-c, 0.004951
2023-07-18T18:30:35.309, ubuntu22-c, 0.005601
2023-07-18T18:30:35.515, ubuntu22-c, 0.004952
2023-07-18T18:30:35.720, ubuntu22-c, 0.005002
2023-07-18T18:30:35.926, ubuntu22-c, 0.005465
2023-07-18T18:30:36.132, ubuntu22-c, 0.005372
2023-07-18T18:30:36.337, ubuntu22-c, 0.005194
2023-07-18T18:30:36.543, ubuntu22-c, 0.004994
2023-07-18T18:30:36.749, ubuntu22-c, 0.006328
2023-07-18T18:30:36.955, ubuntu22-c, 0.005090
2023-07-18T18:30:37.160, ubuntu22-c, 0.005200
2023-07-18T18:30:37.366, ubuntu22-c, 0.004933
2023-07-18T18:30:37.571, ubuntu22-c, 0.005012
2023-07-18T18:30:37.776, ubuntu22-c, 0.005026
2023-07-18T18:30:37.982, ubuntu22-c, 0.005063
2023-07-18T18:30:38.187, ubuntu22-c, 0.005086
2023-07-18T18:30:38.393, ubuntu22-c, 0.005628
2023-07-18T18:30:38.599, ubuntu22-c, 0.005049
2023-07-18T18:30:38.804, ubuntu22-c, 0.005058
2023-07-18T18:30:39.010, ubuntu22-c, 0.005582
2023-07-18T18:30:39.216, ubuntu22-c, 0.005351
2023-07-18T18:30:39.422, ubuntu22-c, 0.005764
2023-07-18T18:30:39.628, ubuntu22-c, 0.005131
2023-07-18T18:30:39.836, ubuntu22-c, 0.007984
2023-07-18T18:30:40.042, ubuntu22-c, 0.005518
2023-07-18T18:30:40.249, ubuntu22-c, 0.006016
2023-07-18T18:30:40.455, ubuntu22-c, 0.004957
2023-07-18T18:30:40.660, ubuntu22-c, 0.005025
2023-07-18T18:30:40.867, ubuntu22-c, 0.006155
2023-07-18T18:30:41.072, ubuntu22-b, 0.005450
2023-07-18T18:30:41.277, ubuntu22-b, 0.004698
2023-07-18T18:30:41.483, ubuntu22-c, 0.005010
2023-07-18T18:30:41.688, ubuntu22-c, 0.004829
2023-07-18T18:30:41.893, ubuntu22-b, 0.004669
2023-07-18T18:30:42.121, ubuntu22-b, 0.028183
2023-07-18T18:30:42.327, ubuntu22-b, 0.004888
2023-07-18T18:30:42.532, ubuntu22-b, 0.005194
2023-07-18T18:30:42.737, ubuntu22-b, 0.004934
2023-07-18T18:30:42.942, ubuntu22-b, 0.004677
2023-07-18T18:30:43.148, ubuntu22-b, 0.005105
2023-07-18T18:30:43.353, ubuntu22-b, 0.004841
2023-07-18T18:30:43.560, ubuntu22-b, 0.006936
2023-07-18T18:30:43.766, ubuntu22-b, 0.004965
2023-07-18T18:30:43.971, ubuntu22-b, 0.004719
2023-07-18T18:30:44.176, ubuntu22-b, 0.004594
2023-07-18T18:30:44.381, ubuntu22-b, 0.004878
2023-07-18T18:30:44.588, ubuntu22-b, 0.006755
2023-07-18T18:30:44.793, ubuntu22-b, 0.004815
2023-07-18T18:30:44.999, ubuntu22-b, 0.004973
2023-07-18T18:30:45.204, ubuntu22-b, 0.004850
2023-07-18T18:30:45.409, ubuntu22-b, 0.004888
2023-07-18T18:30:45.615, ubuntu22-b, 0.004816
2023-07-18T18:30:45.820, ubuntu22-b, 0.004882
2023-07-18T18:30:46.025, ubuntu22-b, 0.005101
2023-07-18T18:30:46.231, ubuntu22-b, 0.005127
2023-07-18T18:30:46.440, ubuntu22-b, 0.008915
2023-07-18T18:30:46.646, ubuntu22-b, 0.005553
2023-07-18T18:30:46.852, ubuntu22-b, 0.005239
2023-07-18T18:30:47.057, ubuntu22-b, 0.004948
2023-07-18T18:30:47.262, ubuntu22-b, 0.004970
2023-07-18T18:30:47.468, ubuntu22-b, 0.004796
2023-07-18T18:30:47.675, ubuntu22-b, 0.006774
2023-07-18T18:30:47.880, ubuntu22-b, 0.004962
2023-07-18T18:30:48.086, ubuntu22-d, 0.005519
2023-07-18T18:30:48.291, ubuntu22-b, 0.004988
2023-07-18T18:30:48.497, ubuntu22-b, 0.004917
2023-07-18T18:30:48.705, ubuntu22-b, 0.007427
2023-07-18T18:30:48.910, ubuntu22-d, 0.004923
2023-07-18T18:30:49.115, , 
2023-07-18T18:30:49.321, ubuntu22-d, 0.005711
2023-07-18T18:30:49.526, ubuntu22-d, 0.004862
2023-07-18T18:30:49.732, ubuntu22-d, 0.005103
2023-07-18T18:30:49.937, ubuntu22-d, 0.004939
2023-07-18T18:30:50.142, ubuntu22-d, 0.004951
2023-07-18T18:30:50.347, ubuntu22-d, 0.004967
2023-07-18T18:30:50.567, ubuntu22-d, 0.018716
2023-07-18T18:30:50.773, ubuntu22-d, 0.005949
2023-07-18T18:30:50.979, ubuntu22-d, 0.005169
2023-07-18T18:30:51.184, ubuntu22-d, 0.004858
2023-07-18T18:30:51.390, ubuntu22-d, 0.005294
2023-07-18T18:30:51.595, ubuntu22-d, 0.005232
2023-07-18T18:30:51.801, ubuntu22-d, 0.005220
2023-07-18T18:30:52.006, ubuntu22-d, 0.005100
2023-07-18T18:30:52.215, ubuntu22-d, 0.008556
2023-07-18T18:30:52.421, ubuntu22-d, 0.005007
2023-07-18T18:30:52.630, ubuntu22-d, 0.009258
2023-07-18T18:30:52.842, ubuntu22-d, 0.011527
2023-07-18T18:30:53.048, ubuntu22-d, 0.005033
2023-07-18T18:30:53.253, ubuntu22-d, 0.005243
2023-07-18T18:30:53.459, ubuntu22-d, 0.005453
2023-07-18T18:30:53.665, ubuntu22-d, 0.005479
2023-07-18T18:30:53.871, ubuntu22-d, 0.005110
2023-07-18T18:30:54.077, ubuntu22-d, 0.005491
2023-07-18T18:30:54.283, ubuntu22-d, 0.005328
2023-07-18T18:30:54.488, ubuntu22-d, 0.005138
2023-07-18T18:30:54.694, ubuntu22-d, 0.005176
2023-07-18T18:30:54.899, ubuntu22-d, 0.004939
2023-07-18T18:30:55.105, ubuntu22-d, 0.005174
2023-07-18T18:30:55.310, ubuntu22-d, 0.005244
2023-07-18T18:30:55.516, ubuntu22-d, 0.005279
2023-07-18T18:30:55.721, ubuntu22-d, 0.005029
2023-07-18T18:30:55.927, ubuntu22-d, 0.005268
2023-07-18T18:30:56.133, ubuntu22-d, 0.005171
2023-07-18T18:30:56.338, ubuntu22-d, 0.005038
2023-07-18T18:30:56.544, ubuntu22-d, 0.005292
2023-07-18T18:30:56.751, ubuntu22-c, 0.006319
2023-07-18T18:30:56.956, ubuntu22-d, 0.004848
2023-07-18T18:30:57.164, ubuntu22-d, 0.007566
2023-07-18T18:30:57.369, ubuntu22-d, 0.004650
2023-07-18T18:30:57.581, ubuntu22-c, 0.011434
2023-07-18T18:30:57.786, ubuntu22-c, 0.004999
2023-07-18T18:30:57.991, ubuntu22-d, 0.004975
2023-07-18T18:30:58.196, , 
2023-07-18T18:30:58.402, ubuntu22-c, 0.005862
2023-07-18T18:30:58.611, ubuntu22-c, 0.009016
2023-07-18T18:30:58.817, ubuntu22-c, 0.005026
2023-07-18T18:30:59.040, ubuntu22-c, 0.023229
2023-07-18T18:30:59.246, ubuntu22-c, 0.005191
2023-07-18T18:30:59.455, ubuntu22-c, 0.008068
2023-07-18T18:30:59.662, ubuntu22-c, 0.007089
2023-07-18T18:30:59.867, ubuntu22-c, 0.004840
2023-07-18T18:31:00.073, ubuntu22-c, 0.004923
2023-07-18T18:31:00.278, ubuntu22-c, 0.005294
2023-07-18T18:31:00.484, ubuntu22-c, 0.004914
2023-07-18T18:31:00.689, ubuntu22-c, 0.005017
2023-07-18T18:31:00.895, ubuntu22-c, 0.005019
2023-07-18T18:31:01.100, ubuntu22-c, 0.004996
2023-07-18T18:31:01.306, ubuntu22-c, 0.005348
2023-07-18T18:31:01.513, ubuntu22-c, 0.006648
2023-07-18T18:31:01.719, ubuntu22-c, 0.005144
2023-07-18T18:31:01.926, ubuntu22-c, 0.007366
2023-07-18T18:31:02.133, ubuntu22-c, 0.005772
2023-07-18T18:31:02.338, ubuntu22-c, 0.004798
2023-07-18T18:31:02.543, ubuntu22-c, 0.004972
2023-07-18T18:31:02.748, ubuntu22-c, 0.004860
2023-07-18T18:31:02.954, ubuntu22-c, 0.005231
2023-07-18T18:31:03.159, ubuntu22-c, 0.004915
2023-07-18T18:31:03.365, ubuntu22-c, 0.005114
2023-07-18T18:31:03.570, ubuntu22-c, 0.005052
2023-07-18T18:31:03.779, ubuntu22-c, 0.008033
2023-07-18T18:31:03.984, ubuntu22-c, 0.004996
2023-07-18T18:31:04.190, ubuntu22-c, 0.005042
2023-07-18T18:31:04.395, ubuntu22-c, 0.005075
2023-07-18T18:31:04.601, ubuntu22-c, 0.004982
2023-07-18T18:31:04.806, ubuntu22-c, 0.005023
2023-07-18T18:31:05.012, ubuntu22-d, 0.005826
2023-07-18T18:31:05.224, ubuntu22-c, 0.011607
2023-07-18T18:31:05.430, ubuntu22-d, 0.005719
2023-07-18T18:31:05.635, ubuntu22-d, 0.005170
2023-07-18T18:31:05.842, ubuntu22-d, 0.006012
2023-07-18T18:31:06.048, ubuntu22-d, 0.005427
2023-07-18T18:31:06.254, ubuntu22-d, 0.006227
2023-07-18T18:31:06.464, ubuntu22-d, 0.009879
2023-07-18T18:31:06.670, ubuntu22-d, 0.005213
2023-07-18T18:31:06.881, ubuntu22-d, 0.010360
2023-07-18T18:31:07.087, ubuntu22-d, 0.005594
2023-07-18T18:31:07.293, ubuntu22-d, 0.005801
2023-07-18T18:31:07.498, ubuntu22-d, 0.005011
2023-07-18T18:31:07.704, ubuntu22-d, 0.005273
2023-07-18T18:31:07.910, ubuntu22-d, 0.005532
2023-07-18T18:31:08.118, ubuntu22-d, 0.007545
2023-07-18T18:31:08.323, ubuntu22-d, 0.005133
2023-07-18T18:31:08.529, ubuntu22-d, 0.005359
2023-07-18T18:31:08.735, ubuntu22-d, 0.005302
2023-07-18T18:31:08.941, ubuntu22-d, 0.005420
2023-07-18T18:31:09.147, ubuntu22-d, 0.005665
2023-07-18T18:31:09.354, ubuntu22-d, 0.005978
2023-07-18T18:31:09.560, ubuntu22-d, 0.005980
2023-07-18T18:31:09.766, ubuntu22-d, 0.005972
2023-07-18T18:31:09.972, ubuntu22-d, 0.005531
2023-07-18T18:31:10.193, ubuntu22-d, 0.015012
2023-07-18T18:31:10.399, ubuntu22-d, 0.005158
2023-07-18T18:31:10.605, ubuntu22-d, 0.005118
2023-07-18T18:31:10.810, ubuntu22-d, 0.005176
2023-07-18T18:31:11.016, ubuntu22-d, 0.005204
2023-07-18T18:31:11.222, ubuntu22-d, 0.005148
2023-07-18T18:31:11.428, ubuntu22-d, 0.005694
2023-07-18T18:31:11.634, ubuntu22-d, 0.005709
2023-07-18T18:31:11.839, ubuntu22-d, 0.004794
2023-07-18T18:31:12.045, ubuntu22-d, 0.005079
2023-07-18T18:31:12.250, ubuntu22-d, 0.004722
2023-07-18T18:31:12.455, ubuntu22-d, 0.004876
2023-07-18T18:31:12.660, ubuntu22-d, 0.004965
2023-07-18T18:31:12.866, ubuntu22-d, 0.005146
2023-07-18T18:31:13.071, ubuntu22-d, 0.005018
2023-07-18T18:31:13.278, ubuntu22-d, 0.005608
2023-07-18T18:31:13.483, ubuntu22-d, 0.005245
2023-07-18T18:31:13.689, ubuntu22-d, 0.004873
2023-07-18T18:31:13.894, ubuntu22-d, 0.005498
2023-07-18T18:31:14.100, ubuntu22-d, 0.005105
2023-07-18T18:31:14.306, ubuntu22-d, 0.005256
2023-07-18T18:31:14.515, ubuntu22-d, 0.008154
2023-07-18T18:31:14.720, ubuntu22-d, 0.005080
2023-07-18T18:31:14.933, ubuntu22-d, 0.012216
2023-07-18T18:31:15.138, ubuntu22-d, 0.005247
2023-07-18T18:31:15.344, ubuntu22-b, 0.005694
2023-07-18T18:31:15.550, ubuntu22-b, 0.005071
2023-07-18T18:31:15.755, ubuntu22-b, 0.004881
2023-07-18T18:31:15.961, ubuntu22-b, 0.005337
2023-07-18T18:31:16.168, ubuntu22-d, 0.005922
2023-07-18T18:31:16.374, ubuntu22-b, 0.005788
2023-07-18T18:31:16.584, ubuntu22-b, 0.009450
2023-07-18T18:31:16.793, , 
2023-07-18T18:31:17.008, ubuntu22-b, 0.014679
2023-07-18T18:31:17.216, ubuntu22-b, 0.007693
2023-07-18T18:31:17.424, ubuntu22-b, 0.007493
2023-07-18T18:31:17.634, ubuntu22-b, 0.009633
2023-07-18T18:31:17.842, ubuntu22-b, 0.007141
2023-07-18T18:31:18.052, ubuntu22-b, 0.009762
2023-07-18T18:31:18.257, ubuntu22-b, 0.004726
2023-07-18T18:31:18.462, ubuntu22-b, 0.004647
2023-07-18T18:31:18.667, ubuntu22-b, 0.004792
2023-07-18T18:31:18.873, ubuntu22-b, 0.005052
2023-07-18T18:31:19.084, ubuntu22-b, 0.011174
2023-07-18T18:31:19.296, ubuntu22-b, 0.011663
2023-07-18T18:31:19.501, ubuntu22-b, 0.004773
2023-07-18T18:31:19.707, ubuntu22-b, 0.004775
2023-07-18T18:31:19.912, ubuntu22-b, 0.004781
2023-07-18T18:31:20.117, ubuntu22-b, 0.004839
2023-07-18T18:31:20.323, ubuntu22-b, 0.005008
2023-07-18T18:31:20.528, ubuntu22-b, 0.004973
2023-07-18T18:31:20.733, ubuntu22-b, 0.004895
2023-07-18T18:31:20.939, ubuntu22-b, 0.004982
2023-07-18T18:31:21.144, ubuntu22-b, 0.004895
2023-07-18T18:31:21.349, ubuntu22-b, 0.004828
2023-07-18T18:31:21.555, ubuntu22-b, 0.004942
2023-07-18T18:31:21.760, ubuntu22-b, 0.004814
2023-07-18T18:31:21.965, ubuntu22-b, 0.004970
2023-07-18T18:31:22.170, ubuntu22-b, 0.004683
2023-07-18T18:31:22.378, ubuntu22-b, 0.006998
2023-07-18T18:31:22.583, ubuntu22-b, 0.004687
2023-07-18T18:31:22.788, ubuntu22-b, 0.004743
2023-07-18T18:31:22.994, ubuntu22-d, 0.005663
2023-07-18T18:31:23.200, ubuntu22-b, 0.005369
2023-07-18T18:31:23.406, ubuntu22-b, 0.005854
2023-07-18T18:31:23.612, ubuntu22-d, 0.004891
2023-07-18T18:31:23.817, ubuntu22-d, 0.005135
2023-07-18T18:31:24.022, ubuntu22-b, 0.004863
2023-07-18T18:31:24.228, ubuntu22-d, 0.004931
2023-07-18T18:31:24.433, ubuntu22-d, 0.004940
2023-07-18T18:31:24.644, , 
2023-07-18T18:31:24.850, ubuntu22-d, 0.005162
2023-07-18T18:31:25.056, ubuntu22-d, 0.005485
2023-07-18T18:31:25.262, ubuntu22-d, 0.005725
2023-07-18T18:31:25.468, ubuntu22-d, 0.006104
2023-07-18T18:31:25.674, ubuntu22-d, 0.004982
2023-07-18T18:31:25.879, ubuntu22-d, 0.004716
2023-07-18T18:31:26.087, ubuntu22-d, 0.007734
2023-07-18T18:31:26.298, ubuntu22-d, 0.010503
2023-07-18T18:31:26.503, ubuntu22-d, 0.004733
2023-07-18T18:31:26.709, ubuntu22-d, 0.005743
2023-07-18T18:31:26.919, ubuntu22-d, 0.004801
2023-07-18T18:31:27.124, ubuntu22-d, 0.005490
2023-07-18T18:31:27.334, ubuntu22-d, 0.009135
2023-07-18T18:31:27.539, ubuntu22-d, 0.004981
2023-07-18T18:31:27.750, ubuntu22-d, 0.010201
2023-07-18T18:31:27.956, ubuntu22-d, 0.005395
2023-07-18T18:31:28.162, ubuntu22-d, 0.005224
2023-07-18T18:31:28.367, ubuntu22-d, 0.004800
2023-07-18T18:31:28.573, ubuntu22-d, 0.005173
2023-07-18T18:31:28.778, ubuntu22-d, 0.004915
2023-07-18T18:31:28.983, ubuntu22-d, 0.005272
2023-07-18T18:31:29.189, ubuntu22-d, 0.004881
2023-07-18T18:31:29.394, ubuntu22-d, 0.005145
2023-07-18T18:31:29.599, ubuntu22-d, 0.004785
2023-07-18T18:31:29.804, ubuntu22-d, 0.004750
2023-07-18T18:31:30.015, ubuntu22-d, 0.010444
2023-07-18T18:31:30.221, ubuntu22-d, 0.004848
2023-07-18T18:31:30.429, ubuntu22-d, 0.008136
2023-07-18T18:31:30.635, ubuntu22-d, 0.005286
2023-07-18T18:31:30.840, ubuntu22-d, 0.004850
2023-07-18T18:31:31.046, ubuntu22-d, 0.005088
2023-07-18T18:31:31.251, ubuntu22-d, 0.004729
2023-07-18T18:31:31.456, ubuntu22-d, 0.005029
2023-07-18T18:31:31.663, ubuntu22-d, 0.006070
2023-07-18T18:31:31.868, ubuntu22-d, 0.004806
2023-07-18T18:31:32.073, ubuntu22-d, 0.004958
2023-07-18T18:31:32.278, ubuntu22-d, 0.004575
2023-07-18T18:31:32.483, ubuntu22-d, 0.004730
2023-07-18T18:31:32.688, ubuntu22-d, 0.004843
2023-07-18T18:31:32.894, ubuntu22-d, 0.005001
2023-07-18T18:31:33.099, ubuntu22-d, 0.004812
2023-07-18T18:31:33.305, ubuntu22-d, 0.005054
2023-07-18T18:31:33.510, ubuntu22-d, 0.004879
2023-07-18T18:31:33.715, ubuntu22-d, 0.004779
2023-07-18T18:31:33.920, ubuntu22-d, 0.004725
2023-07-18T18:31:34.126, ubuntu22-d, 0.004977
2023-07-18T18:31:34.331, ubuntu22-d, 0.004814
2023-07-18T18:31:34.537, ubuntu22-d, 0.005214
2023-07-18T18:31:34.742, ubuntu22-d, 0.004912
2023-07-18T18:31:34.948, ubuntu22-d, 0.005156
2023-07-18T18:31:35.154, ubuntu22-d, 0.005390
2023-07-18T18:31:35.359, ubuntu22-d, 0.004835
2023-07-18T18:31:35.564, ubuntu22-d, 0.004981
2023-07-18T18:31:35.769, ubuntu22-d, 0.004868
2023-07-18T18:31:35.974, ubuntu22-d, 0.004616
2023-07-18T18:31:36.180, ubuntu22-d, 0.004881
2023-07-18T18:31:36.385, ubuntu22-b, 0.005302
2023-07-18T18:31:36.590, ubuntu22-d, 0.004647
2023-07-18T18:31:36.796, ubuntu22-b, 0.005400
2023-07-18T18:31:37.001, ubuntu22-d, 0.004827
2023-07-18T18:31:37.207, ubuntu22-b, 0.004972
2023-07-18T18:31:37.412, ubuntu22-b, 0.005069
2023-07-18T18:31:37.618, ubuntu22-b, 0.005617
2023-07-18T18:31:37.829, ubuntu22-b, 0.010153
2023-07-18T18:31:38.048, ubuntu22-b, 0.018545
2023-07-18T18:31:38.265, ubuntu22-b, 0.017187
2023-07-18T18:31:38.472, ubuntu22-b, 0.006809
2023-07-18T18:31:38.714, ubuntu22-b, 0.041171
2023-07-18T18:31:38.933, ubuntu22-b, 0.018068
2023-07-18T18:31:39.138, ubuntu22-b, 0.005103
2023-07-18T18:31:39.344, ubuntu22-b, 0.005359
2023-07-18T18:31:39.550, ubuntu22-b, 0.005486
2023-07-18T18:31:39.755, ubuntu22-b, 0.004409
2023-07-18T18:31:39.960, ubuntu22-b, 0.004534
2023-07-18T18:31:40.165, ubuntu22-b, 0.004714
2023-07-18T18:31:40.370, ubuntu22-b, 0.004974
2023-07-18T18:31:40.575, ubuntu22-b, 0.004665
2023-07-18T18:31:40.780, ubuntu22-b, 0.004710
2023-07-18T18:31:40.985, ubuntu22-b, 0.004550
2023-07-18T18:31:41.193, ubuntu22-b, 0.007134
2023-07-18T18:31:41.421, ubuntu22-b, 0.027834
2023-07-18T18:31:41.629, ubuntu22-b, 0.007223
2023-07-18T18:31:41.834, ubuntu22-b, 0.004823
2023-07-18T18:31:42.040, ubuntu22-b, 0.005844
2023-07-18T18:31:42.246, ubuntu22-b, 0.005402
2023-07-18T18:31:42.452, ubuntu22-b, 0.004890
2023-07-18T18:31:42.657, ubuntu22-b, 0.004732
2023-07-18T18:31:42.862, ubuntu22-b, 0.004909
2023-07-18T18:31:43.067, ubuntu22-b, 0.004883
2023-07-18T18:31:43.272, ubuntu22-b, 0.004512
2023-07-18T18:31:43.478, ubuntu22-b, 0.004673
2023-07-18T18:31:43.682, ubuntu22-b, 0.004575
2023-07-18T18:31:43.888, ubuntu22-b, 0.004937
2023-07-18T18:31:44.093, ubuntu22-b, 0.004763
2023-07-18T18:31:44.298, ubuntu22-b, 0.004899
2023-07-18T18:31:44.503, ubuntu22-b, 0.004694
2023-07-18T18:31:44.709, ubuntu22-b, 0.004754
2023-07-18T18:31:44.914, ubuntu22-d, 0.005238
2023-07-18T18:31:45.120, ubuntu22-b, 0.005034
2023-07-18T18:31:45.329, ubuntu22-b, 0.008695
2023-07-18T18:31:45.534, ubuntu22-b, 0.004866
2023-07-18T18:31:45.739, ubuntu22-b, 0.004664
2023-07-18T18:31:45.944, ubuntu22-d, 0.004830
2023-07-18T18:31:46.149, ubuntu22-b, 0.004806
2023-07-18T18:31:46.355, ubuntu22-b, 0.004909
2023-07-18T18:31:46.560, ubuntu22-d, 0.004853
2023-07-18T18:31:46.765, ubuntu22-d, 0.005288
2023-07-18T18:31:46.978, ubuntu22-d, 0.012160
2023-07-18T18:31:47.185, ubuntu22-d, 0.006247
2023-07-18T18:31:47.391, ubuntu22-d, 0.005700
2023-07-18T18:31:47.597, ubuntu22-d, 0.004713
2023-07-18T18:31:47.802, ubuntu22-d, 0.004798
2023-07-18T18:31:48.007, ubuntu22-d, 0.004704
2023-07-18T18:31:48.212, ubuntu22-d, 0.004678
2023-07-18T18:31:48.418, ubuntu22-d, 0.005611
2023-07-18T18:31:48.623, ubuntu22-d, 0.004560
2023-07-18T18:31:48.828, ubuntu22-d, 0.005226
2023-07-18T18:31:49.034, ubuntu22-d, 0.005019
2023-07-18T18:31:49.239, ubuntu22-d, 0.004874
2023-07-18T18:31:49.444, ubuntu22-d, 0.004814
2023-07-18T18:31:49.650, ubuntu22-d, 0.004895
2023-07-18T18:31:49.858, ubuntu22-d, 0.007882
2023-07-18T18:31:50.071, ubuntu22-d, 0.012398
2023-07-18T18:31:50.277, ubuntu22-d, 0.005916
2023-07-18T18:31:50.509, ubuntu22-d, 0.031456
2023-07-18T18:31:50.714, ubuntu22-d, 0.005033
2023-07-18T18:31:50.920, ubuntu22-d, 0.004807
2023-07-18T18:31:51.125, ubuntu22-d, 0.005301
2023-07-18T18:31:51.330, ubuntu22-d, 0.004757
2023-07-18T18:31:51.536, ubuntu22-d, 0.005134
2023-07-18T18:31:51.741, ubuntu22-d, 0.005111
2023-07-18T18:31:51.947, ubuntu22-d, 0.005042
2023-07-18T18:31:52.152, ubuntu22-d, 0.005119
2023-07-18T18:31:52.358, ubuntu22-d, 0.005250
2023-07-18T18:31:52.563, ubuntu22-d, 0.005009
2023-07-18T18:31:52.769, ubuntu22-d, 0.005014
2023-07-18T18:31:52.974, ubuntu22-d, 0.004989
2023-07-18T18:31:53.179, ubuntu22-d, 0.004993
2023-07-18T18:31:53.385, ubuntu22-d, 0.004969
2023-07-18T18:31:53.590, ubuntu22-d, 0.004829
2023-07-18T18:31:53.795, ubuntu22-d, 0.005062
2023-07-18T18:31:54.001, ubuntu22-d, 0.004902
2023-07-18T18:31:54.206, ubuntu22-d, 0.005479
2023-07-18T18:31:54.412, ubuntu22-d, 0.005054
2023-07-18T18:31:54.617, ubuntu22-d, 0.004886
2023-07-18T18:31:54.822, ubuntu22-d, 0.004925
2023-07-18T18:31:55.028, ubuntu22-d, 0.005196
2023-07-18T18:31:55.233, ubuntu22-d, 0.005079
2023-07-18T18:31:55.439, ubuntu22-d, 0.004727
2023-07-18T18:31:55.644, ubuntu22-d, 0.005274
2023-07-18T18:31:55.850, ubuntu22-d, 0.005167
2023-07-18T18:31:56.055, ubuntu22-d, 0.005087
2023-07-18T18:31:56.260, ubuntu22-d, 0.004839
2023-07-18T18:31:56.466, ubuntu22-d, 0.004768
2023-07-18T18:31:56.671, ubuntu22-d, 0.005096
2023-07-18T18:31:56.877, ubuntu22-d, 0.005588
2023-07-18T18:31:57.083, ubuntu22-d, 0.005252
2023-07-18T18:31:57.288, ubuntu22-d, 0.005527
2023-07-18T18:31:57.494, ubuntu22-b, 0.005274
2023-07-18T18:31:57.699, ubuntu22-d, 0.004913
2023-07-18T18:31:57.904, ubuntu22-b, 0.004848
2023-07-18T18:31:58.110, ubuntu22-d, 0.004820
2023-07-18T18:31:58.315, ubuntu22-d, 0.004635
2023-07-18T18:31:58.520, ubuntu22-b, 0.004966
2023-07-18T18:31:58.725, ubuntu22-d, 0.005018
2023-07-18T18:31:58.959, , 
2023-07-18T18:31:59.169, ubuntu22-b, 0.008760
2023-07-18T18:31:59.376, ubuntu22-b, 0.007400
2023-07-18T18:31:59.587, ubuntu22-b, 0.010392
2023-07-18T18:31:59.792, ubuntu22-b, 0.004926
2023-07-18T18:31:59.999, ubuntu22-b, 0.005944
2023-07-18T18:32:00.204, ubuntu22-b, 0.004815
2023-07-18T18:32:00.409, ubuntu22-b, 0.005377
2023-07-18T18:32:00.615, ubuntu22-b, 0.004825
2023-07-18T18:32:00.820, ubuntu22-b, 0.004800
2023-07-18T18:32:01.028, ubuntu22-b, 0.008166
2023-07-18T18:32:01.234, ubuntu22-b, 0.004759
2023-07-18T18:32:01.439, ubuntu22-b, 0.004842
2023-07-18T18:32:01.644, ubuntu22-b, 0.005156
2023-07-18T18:32:01.850, ubuntu22-b, 0.005107
2023-07-18T18:32:02.055, ubuntu22-b, 0.004890
2023-07-18T18:32:02.260, ubuntu22-b, 0.004684
2023-07-18T18:32:02.466, ubuntu22-b, 0.004877
2023-07-18T18:32:02.671, ubuntu22-b, 0.005003
2023-07-18T18:32:02.876, ubuntu22-b, 0.004744
2023-07-18T18:32:03.081, ubuntu22-b, 0.004953
2023-07-18T18:32:03.290, ubuntu22-b, 0.008240
2023-07-18T18:32:03.496, ubuntu22-b, 0.005045
2023-07-18T18:32:03.702, ubuntu22-b, 0.006016
2023-07-18T18:32:03.907, ubuntu22-b, 0.004854
2023-07-18T18:32:04.113, ubuntu22-b, 0.004985
2023-07-18T18:32:04.318, ubuntu22-b, 0.004886
2023-07-18T18:32:04.523, ubuntu22-b, 0.004907
2023-07-18T18:32:04.728, ubuntu22-b, 0.004745
2023-07-18T18:32:04.934, ubuntu22-b, 0.005077
2023-07-18T18:32:05.142, ubuntu22-b, 0.008068
2023-07-18T18:32:05.348, ubuntu22-b, 0.005188
2023-07-18T18:32:05.560, ubuntu22-b, 0.011547
2023-07-18T18:32:05.767, ubuntu22-b, 0.007539
2023-07-18T18:32:05.973, ubuntu22-c, 0.005607
2023-07-18T18:32:06.179, ubuntu22-c, 0.004931
2023-07-18T18:32:06.384, ubuntu22-c, 0.005226
2023-07-18T18:32:06.596, ubuntu22-b, 0.011176
2023-07-18T18:32:06.801, ubuntu22-b, 0.004928
2023-07-18T18:32:07.006, ubuntu22-b, 0.004825
2023-07-18T18:32:07.217, ubuntu22-c, 0.010504
2023-07-18T18:32:07.423, ubuntu22-c, 0.005282
2023-07-18T18:32:07.632, ubuntu22-b, 0.008928
2023-07-18T18:32:07.838, ubuntu22-c, 0.005714
2023-07-18T18:32:08.044, ubuntu22-c, 0.005243
2023-07-18T18:32:08.249, ubuntu22-c, 0.004699
2023-07-18T18:32:08.455, ubuntu22-c, 0.006084
2023-07-18T18:32:08.662, ubuntu22-c, 0.006362
2023-07-18T18:32:08.868, ubuntu22-c, 0.005172
2023-07-18T18:32:09.073, ubuntu22-c, 0.005162
2023-07-18T18:32:09.279, ubuntu22-c, 0.004793
2023-07-18T18:32:09.484, ubuntu22-c, 0.005162
2023-07-18T18:32:09.689, ubuntu22-c, 0.004860
2023-07-18T18:32:09.895, ubuntu22-c, 0.004908
2023-07-18T18:32:10.100, ubuntu22-c, 0.005123
2023-07-18T18:32:10.305, ubuntu22-c, 0.004866
2023-07-18T18:32:10.510, ubuntu22-c, 0.004996
2023-07-18T18:32:10.716, ubuntu22-c, 0.005234
2023-07-18T18:32:10.921, ubuntu22-c, 0.004991
2023-07-18T18:32:11.127, ubuntu22-c, 0.004857
2023-07-18T18:32:11.332, ubuntu22-c, 0.004949
2023-07-18T18:32:11.538, ubuntu22-c, 0.005321
2023-07-18T18:32:11.746, ubuntu22-c, 0.007353
2023-07-18T18:32:11.951, ubuntu22-c, 0.004865
2023-07-18T18:32:12.156, ubuntu22-c, 0.004903
2023-07-18T18:32:12.362, ubuntu22-c, 0.005052
2023-07-18T18:32:12.567, ubuntu22-c, 0.005311
2023-07-18T18:32:12.773, ubuntu22-c, 0.004999
2023-07-18T18:32:12.978, ubuntu22-c, 0.005125
2023-07-18T18:32:13.183, ubuntu22-c, 0.004818
2023-07-18T18:32:13.389, ubuntu22-c, 0.004963
2023-07-18T18:32:13.594, ubuntu22-c, 0.005048
2023-07-18T18:32:13.799, ubuntu22-c, 0.004879
2023-07-18T18:32:14.005, ubuntu22-c, 0.005777
2023-07-18T18:32:14.211, ubuntu22-c, 0.005069
2023-07-18T18:32:14.416, ubuntu22-c, 0.004978
2023-07-18T18:32:14.623, ubuntu22-c, 0.006227
2023-07-18T18:32:14.829, ubuntu22-c, 0.005551
2023-07-18T18:32:15.036, ubuntu22-c, 0.006572
2023-07-18T18:32:15.241, ubuntu22-c, 0.005223
2023-07-18T18:32:15.447, ubuntu22-c, 0.004924
2023-07-18T18:32:15.652, ubuntu22-c, 0.004966
2023-07-18T18:32:15.858, ubuntu22-c, 0.005360
2023-07-18T18:32:16.063, ubuntu22-c, 0.005172
2023-07-18T18:32:16.269, ubuntu22-c, 0.004849
2023-07-18T18:32:16.474, ubuntu22-c, 0.005376
2023-07-18T18:32:16.680, ubuntu22-c, 0.005081
2023-07-18T18:32:16.888, ubuntu22-b, 0.008392
2023-07-18T18:32:17.094, ubuntu22-c, 0.005315
2023-07-18T18:32:17.300, ubuntu22-b, 0.004999
2023-07-18T18:32:17.506, ubuntu22-b, 0.005814
2023-07-18T18:32:17.711, ubuntu22-c, 0.004931
2023-07-18T18:32:17.917, ubuntu22-c, 0.005755
2023-07-18T18:32:18.123, ubuntu22-b, 0.005400
2023-07-18T18:32:18.331, ubuntu22-b, 0.007629
2023-07-18T18:32:18.537, ubuntu22-b, 0.005164
2023-07-18T18:32:18.742, ubuntu22-b, 0.005164
2023-07-18T18:32:18.947, ubuntu22-b, 0.004889
2023-07-18T18:32:19.153, ubuntu22-b, 0.005105
2023-07-18T18:32:19.359, ubuntu22-b, 0.005479
2023-07-18T18:32:19.564, ubuntu22-b, 0.005295
2023-07-18T18:32:19.770, ubuntu22-b, 0.004958
2023-07-18T18:32:19.975, ubuntu22-b, 0.005542
2023-07-18T18:32:20.182, ubuntu22-b, 0.006208
2023-07-18T18:32:20.391, ubuntu22-b, 0.008384
2023-07-18T18:32:20.600, ubuntu22-b, 0.008713
2023-07-18T18:32:20.805, ubuntu22-b, 0.004853
2023-07-18T18:32:21.011, ubuntu22-b, 0.004959
2023-07-18T18:32:21.216, ubuntu22-b, 0.004889
2023-07-18T18:32:21.421, ubuntu22-b, 0.004958
2023-07-18T18:32:21.627, ubuntu22-b, 0.004924
2023-07-18T18:32:21.832, ubuntu22-b, 0.005379
2023-07-18T18:32:22.037, ubuntu22-b, 0.004805
2023-07-18T18:32:22.243, ubuntu22-b, 0.005382
2023-07-18T18:32:22.449, ubuntu22-b, 0.004836
2023-07-18T18:32:22.655, ubuntu22-b, 0.005901
2023-07-18T18:32:22.860, ubuntu22-b, 0.005000
2023-07-18T18:32:23.066, ubuntu22-c, 0.005574
2023-07-18T18:32:23.272, ubuntu22-c, 0.004981
2023-07-18T18:32:23.477, ubuntu22-c, 0.004963
2023-07-18T18:32:23.683, ubuntu22-b, 0.005114
2023-07-18T18:32:23.888, ubuntu22-c, 0.004955
2023-07-18T18:32:24.094, ubuntu22-c, 0.005497
2023-07-18T18:32:24.299, ubuntu22-c, 0.004847
2023-07-18T18:32:24.504, ubuntu22-c, 0.004752
2023-07-18T18:32:24.710, ubuntu22-c, 0.005177
2023-07-18T18:32:24.915, ubuntu22-c, 0.004748
2023-07-18T18:32:25.120, ubuntu22-c, 0.004914
2023-07-18T18:32:25.326, ubuntu22-c, 0.005187
2023-07-18T18:32:25.533, ubuntu22-c, 0.007056
2023-07-18T18:32:25.738, ubuntu22-c, 0.004801
2023-07-18T18:32:25.943, ubuntu22-c, 0.004949
2023-07-18T18:32:26.149, ubuntu22-c, 0.005037
2023-07-18T18:32:26.354, ubuntu22-c, 0.005075
2023-07-18T18:32:26.560, ubuntu22-c, 0.004872
2023-07-18T18:32:26.776, ubuntu22-c, 0.015890
2023-07-18T18:32:26.984, ubuntu22-c, 0.006903
2023-07-18T18:32:27.189, ubuntu22-c, 0.005177
2023-07-18T18:32:27.395, ubuntu22-c, 0.005142
2023-07-18T18:32:27.600, ubuntu22-c, 0.005249
2023-07-18T18:32:27.806, ubuntu22-c, 0.005264
2023-07-18T18:32:28.012, ubuntu22-c, 0.005203
2023-07-18T18:32:28.217, ubuntu22-c, 0.004907
2023-07-18T18:32:28.431, ubuntu22-c, 0.013486
2023-07-18T18:32:28.636, ubuntu22-c, 0.005055
2023-07-18T18:32:28.842, ubuntu22-c, 0.004934
2023-07-18T18:32:29.047, ubuntu22-c, 0.005195
2023-07-18T18:32:29.253, ubuntu22-c, 0.005590
2023-07-18T18:32:29.459, ubuntu22-c, 0.005169
2023-07-18T18:32:29.664, ubuntu22-c, 0.005091
2023-07-18T18:32:29.869, ubuntu22-c, 0.004988
2023-07-18T18:32:30.075, ubuntu22-c, 0.005211
2023-07-18T18:32:30.280, ubuntu22-c, 0.005015
2023-07-18T18:32:30.486, ubuntu22-c, 0.004905
2023-07-18T18:32:30.691, ubuntu22-c, 0.004995
2023-07-18T18:32:30.896, ubuntu22-c, 0.004992
2023-07-18T18:32:31.102, ubuntu22-c, 0.004992
2023-07-18T18:32:31.307, ubuntu22-c, 0.004794
2023-07-18T18:32:31.512, ubuntu22-c, 0.004968
2023-07-18T18:32:31.718, ubuntu22-c, 0.004978
2023-07-18T18:32:31.923, ubuntu22-c, 0.004823
2023-07-18T18:32:32.128, ubuntu22-c, 0.005267
2023-07-18T18:32:32.334, ubuntu22-c, 0.005020
2023-07-18T18:32:32.539, ubuntu22-c, 0.005045
2023-07-18T18:32:32.745, ubuntu22-c, 0.005755
2023-07-18T18:32:32.951, ubuntu22-b, 0.005457
2023-07-18T18:32:33.157, ubuntu22-c, 0.005110
2023-07-18T18:32:33.366, ubuntu22-b, 0.008983
2023-07-18T18:32:33.572, ubuntu22-b, 0.005095
2023-07-18T18:32:33.777, ubuntu22-c, 0.005080
2023-07-18T18:32:33.982, ubuntu22-c, 0.004969
2023-07-18T18:32:34.216, , 
2023-07-18T18:32:34.422, ubuntu22-b, 0.005106
2023-07-18T18:32:34.627, ubuntu22-b, 0.005352
2023-07-18T18:32:34.836, ubuntu22-b, 0.008287
2023-07-18T18:32:35.056, ubuntu22-b, 0.019971
2023-07-18T18:32:35.262, ubuntu22-b, 0.004945
2023-07-18T18:32:35.467, ubuntu22-b, 0.005154
2023-07-18T18:32:35.673, ubuntu22-b, 0.005208
2023-07-18T18:32:35.878, ubuntu22-b, 0.005049
2023-07-18T18:32:36.084, ubuntu22-b, 0.005244
2023-07-18T18:32:36.291, ubuntu22-b, 0.006615
2023-07-18T18:32:36.500, ubuntu22-b, 0.009150
2023-07-18T18:32:36.716, ubuntu22-b, 0.015032
2023-07-18T18:32:36.921, ubuntu22-b, 0.004916
2023-07-18T18:32:37.126, ubuntu22-b, 0.005378
2023-07-18T18:32:37.332, ubuntu22-b, 0.004863
2023-07-18T18:32:37.538, ubuntu22-b, 0.006554
2023-07-18T18:32:37.752, ubuntu22-b, 0.013190
2023-07-18T18:32:37.958, ubuntu22-b, 0.005219
2023-07-18T18:32:38.163, ubuntu22-b, 0.005240
2023-07-18T18:32:38.369, ubuntu22-b, 0.004859
2023-07-18T18:32:38.576, ubuntu22-b, 0.007051
2023-07-18T18:32:38.782, ubuntu22-b, 0.005155
2023-07-18T18:32:38.987, ubuntu22-b, 0.005057
2023-07-18T18:32:39.193, ubuntu22-d, 0.005532
2023-07-18T18:32:39.401, ubuntu22-b, 0.007370
2023-07-18T18:32:39.606, ubuntu22-b, 0.004851
2023-07-18T18:32:39.811, ubuntu22-d, 0.004895
2023-07-18T18:32:40.016, ubuntu22-b, 0.004801
2023-07-18T18:32:40.222, ubuntu22-b, 0.005009
2023-07-18T18:32:40.428, ubuntu22-b, 0.005342
2023-07-18T18:32:40.633, ubuntu22-d, 0.005422
2023-07-18T18:32:40.839, ubuntu22-d, 0.005399
2023-07-18T18:32:41.045, ubuntu22-d, 0.005652
2023-07-18T18:32:41.251, ubuntu22-d, 0.005010
2023-07-18T18:32:41.457, ubuntu22-d, 0.005267
2023-07-18T18:32:41.663, ubuntu22-d, 0.005722
2023-07-18T18:32:41.868, ubuntu22-d, 0.005149
2023-07-18T18:32:42.074, ubuntu22-d, 0.005207
2023-07-18T18:32:42.280, ubuntu22-d, 0.005510
2023-07-18T18:32:42.486, ubuntu22-d, 0.005056
2023-07-18T18:32:42.691, ubuntu22-d, 0.005157
2023-07-18T18:32:42.898, ubuntu22-d, 0.005690
2023-07-18T18:32:43.104, ubuntu22-d, 0.005542
2023-07-18T18:32:43.310, ubuntu22-d, 0.005442
2023-07-18T18:32:43.515, ubuntu22-d, 0.005134
2023-07-18T18:32:43.721, ubuntu22-d, 0.005339
2023-07-18T18:32:43.926, ubuntu22-d, 0.005089
2023-07-18T18:32:44.146, ubuntu22-d, 0.012861
2023-07-18T18:32:44.352, ubuntu22-d, 0.005427
2023-07-18T18:32:44.557, ubuntu22-d, 0.005459
2023-07-18T18:32:44.763, ubuntu22-d, 0.005123
2023-07-18T18:32:44.969, ubuntu22-d, 0.005309
2023-07-18T18:32:45.178, ubuntu22-d, 0.008961
2023-07-18T18:32:45.384, ubuntu22-d, 0.005348
2023-07-18T18:32:45.589, ubuntu22-d, 0.005211
2023-07-18T18:32:45.795, ubuntu22-d, 0.005112
2023-07-18T18:32:46.001, ubuntu22-d, 0.005217
2023-07-18T18:32:46.206, ubuntu22-d, 0.005345
2023-07-18T18:32:46.417, ubuntu22-d, 0.009737
2023-07-18T18:32:46.622, ubuntu22-d, 0.005185
2023-07-18T18:32:46.831, ubuntu22-d, 0.007967
2023-07-18T18:32:47.038, ubuntu22-d, 0.005874
2023-07-18T18:32:47.244, ubuntu22-d, 0.005609
2023-07-18T18:32:47.450, ubuntu22-d, 0.005572
2023-07-18T18:32:47.657, ubuntu22-d, 0.006269
2023-07-18T18:32:47.863, ubuntu22-d, 0.005197
2023-07-18T18:32:48.068, ubuntu22-d, 0.005188
2023-07-18T18:32:48.274, ubuntu22-d, 0.005256
2023-07-18T18:32:48.480, ubuntu22-d, 0.005094
2023-07-18T18:32:48.684, ubuntu22-d, 0.004592
2023-07-18T18:32:48.891, ubuntu22-d, 0.005644
2023-07-18T18:32:49.096, ubuntu22-d, 0.005211
2023-07-18T18:32:49.302, ubuntu22-d, 0.005111
2023-07-18T18:32:49.507, ubuntu22-d, 0.005184
2023-07-18T18:32:49.713, ubuntu22-d, 0.005513
2023-07-18T18:32:49.919, ubuntu22-d, 0.005256
2023-07-18T18:32:50.125, ubuntu22-b, 0.005565
2023-07-18T18:32:50.333, ubuntu22-d, 0.007390
2023-07-18T18:32:50.540, ubuntu22-b, 0.006658
2023-07-18T18:32:50.746, ubuntu22-b, 0.005325
2023-07-18T18:32:50.952, ubuntu22-d, 0.005104
2023-07-18T18:32:51.158, ubuntu22-b, 0.005785
2023-07-18T18:32:51.363, ubuntu22-d, 0.005358
2023-07-18T18:32:51.570, ubuntu22-b, 0.006268
2023-07-18T18:32:51.776, ubuntu22-b, 0.005219
2023-07-18T18:32:51.980, , 
2023-07-18T18:32:52.186, ubuntu22-b, 0.005413
2023-07-18T18:32:52.392, ubuntu22-b, 0.005426
2023-07-18T18:32:52.600, ubuntu22-b, 0.007645
2023-07-18T18:32:52.808, ubuntu22-b, 0.008012
2023-07-18T18:32:53.016, ubuntu22-b, 0.007348
2023-07-18T18:32:53.292, ubuntu22-b, 0.075147
2023-07-18T18:32:53.507, ubuntu22-b, 0.015405
2023-07-18T18:32:53.713, ubuntu22-b, 0.004976
2023-07-18T18:32:53.918, ubuntu22-b, 0.005074
2023-07-18T18:32:54.124, ubuntu22-b, 0.005323
2023-07-18T18:32:54.330, ubuntu22-b, 0.005090
2023-07-18T18:32:54.535, ubuntu22-b, 0.004870
2023-07-18T18:32:54.740, ubuntu22-b, 0.005027
2023-07-18T18:32:54.946, ubuntu22-b, 0.005371
2023-07-18T18:32:55.153, ubuntu22-b, 0.005660
2023-07-18T18:32:55.358, ubuntu22-b, 0.005209
2023-07-18T18:32:55.564, ubuntu22-b, 0.005114
2023-07-18T18:32:55.769, ubuntu22-b, 0.005079
2023-07-18T18:32:55.975, ubuntu22-b, 0.004887
2023-07-18T18:32:56.180, ubuntu22-b, 0.005094
2023-07-18T18:32:56.386, ubuntu22-d, 0.005585
2023-07-18T18:32:56.592, ubuntu22-d, 0.005216
2023-07-18T18:32:56.797, ubuntu22-d, 0.005038
2023-07-18T18:32:57.007, ubuntu22-b, 0.009091
2023-07-18T18:32:57.212, ubuntu22-b, 0.005121
2023-07-18T18:32:57.418, ubuntu22-d, 0.004979
2023-07-18T18:32:57.635, ubuntu22-b, 0.016606
2023-07-18T18:32:57.841, ubuntu22-d, 0.005502
2023-07-18T18:32:58.046, ubuntu22-d, 0.005189
2023-07-18T18:32:58.252, ubuntu22-d, 0.004991
2023-07-18T18:32:58.457, ubuntu22-d, 0.005272
2023-07-18T18:32:58.663, ubuntu22-d, 0.005287
2023-07-18T18:32:58.868, ubuntu22-d, 0.004977
2023-07-18T18:32:59.075, ubuntu22-d, 0.005617
2023-07-18T18:32:59.280, ubuntu22-d, 0.005251
2023-07-18T18:32:59.486, ubuntu22-d, 0.005114
2023-07-18T18:32:59.691, ubuntu22-d, 0.004907
2023-07-18T18:32:59.896, ubuntu22-d, 0.005056
2023-07-18T18:33:00.102, ubuntu22-d, 0.005071
2023-07-18T18:33:00.308, ubuntu22-d, 0.005363
2023-07-18T18:33:00.513, ubuntu22-d, 0.005164
2023-07-18T18:33:00.719, ubuntu22-d, 0.005157
2023-07-18T18:33:00.924, ubuntu22-d, 0.005080
2023-07-18T18:33:01.131, ubuntu22-d, 0.006510
2023-07-18T18:33:01.341, ubuntu22-d, 0.009296
2023-07-18T18:33:01.547, ubuntu22-d, 0.005636
2023-07-18T18:33:01.754, ubuntu22-d, 0.005867
2023-07-18T18:33:01.959, ubuntu22-d, 0.005108
2023-07-18T18:33:02.165, ubuntu22-d, 0.005427
2023-07-18T18:33:02.372, ubuntu22-d, 0.006627
2023-07-18T18:33:02.578, ubuntu22-d, 0.005022
2023-07-18T18:33:02.783, ubuntu22-d, 0.005213
2023-07-18T18:33:02.989, ubuntu22-d, 0.005061
2023-07-18T18:33:03.195, ubuntu22-d, 0.005323
2023-07-18T18:33:03.401, ubuntu22-d, 0.005371
2023-07-18T18:33:03.606, ubuntu22-d, 0.005108
2023-07-18T18:33:03.812, ubuntu22-d, 0.005056
2023-07-18T18:33:04.017, ubuntu22-d, 0.005209
2023-07-18T18:33:04.223, ubuntu22-d, 0.005273
2023-07-18T18:33:04.430, ubuntu22-d, 0.006173
2023-07-18T18:33:04.635, ubuntu22-d, 0.004826
2023-07-18T18:33:04.841, ubuntu22-d, 0.005225
2023-07-18T18:33:05.046, ubuntu22-d, 0.005478
2023-07-18T18:33:05.253, ubuntu22-d, 0.005723
2023-07-18T18:33:05.459, ubuntu22-c, 0.005918
2023-07-18T18:33:05.664, ubuntu22-d, 0.004965
2023-07-18T18:33:05.875, ubuntu22-d, 0.009779
2023-07-18T18:33:06.082, ubuntu22-c, 0.006206
2023-07-18T18:33:06.288, ubuntu22-c, 0.006478
2023-07-18T18:33:06.496, ubuntu22-c, 0.006917
2023-07-18T18:33:06.703, ubuntu22-c, 0.006155
2023-07-18T18:33:06.908, ubuntu22-c, 0.005121
2023-07-18T18:33:07.121, ubuntu22-c, 0.011755
2023-07-18T18:33:07.326, ubuntu22-c, 0.005000
2023-07-18T18:33:07.532, ubuntu22-c, 0.005102
2023-07-18T18:33:07.737, ubuntu22-c, 0.005209
2023-07-18T18:33:07.943, ubuntu22-c, 0.004917
2023-07-18T18:33:08.148, ubuntu22-c, 0.005003
2023-07-18T18:33:08.353, ubuntu22-c, 0.004884
2023-07-18T18:33:08.558, ubuntu22-c, 0.004789
2023-07-18T18:33:08.764, ubuntu22-c, 0.004911
2023-07-18T18:33:08.971, ubuntu22-c, 0.007276
2023-07-18T18:33:09.177, ubuntu22-c, 0.004772
2023-07-18T18:33:09.382, ubuntu22-c, 0.005033
2023-07-18T18:33:09.587, ubuntu22-c, 0.005021
2023-07-18T18:33:09.793, ubuntu22-c, 0.005012
2023-07-18T18:33:09.998, ubuntu22-c, 0.004974
2023-07-18T18:33:10.204, ubuntu22-c, 0.005042
2023-07-18T18:33:10.409, ubuntu22-c, 0.005157
2023-07-18T18:33:10.614, ubuntu22-c, 0.004800
2023-07-18T18:33:10.820, ubuntu22-c, 0.004782
2023-07-18T18:33:11.025, ubuntu22-c, 0.004882
2023-07-18T18:33:11.230, ubuntu22-c, 0.005207
2023-07-18T18:33:11.435, ubuntu22-c, 0.004824
2023-07-18T18:33:11.641, ubuntu22-c, 0.004971
2023-07-18T18:33:11.847, ubuntu22-c, 0.005737
2023-07-18T18:33:12.052, ubuntu22-c, 0.004863
2023-07-18T18:33:12.258, ubuntu22-c, 0.005055
2023-07-18T18:33:12.463, ubuntu22-c, 0.004771
2023-07-18T18:33:12.669, ubuntu22-d, 0.005475
2023-07-18T18:33:12.874, ubuntu22-c, 0.005198
2023-07-18T18:33:13.079, ubuntu22-d, 0.004908
2023-07-18T18:33:13.284, ubuntu22-c, 0.004518
2023-07-18T18:33:13.491, ubuntu22-d, 0.006085
2023-07-18T18:33:13.696, ubuntu22-c, 0.004992
2023-07-18T18:33:13.902, ubuntu22-d, 0.005243
2023-07-18T18:33:14.107, ubuntu22-c, 0.005205
2023-07-18T18:33:14.313, ubuntu22-d, 0.005335
2023-07-18T18:33:14.518, ubuntu22-d, 0.005060
2023-07-18T18:33:14.728, ubuntu22-d, 0.008613
2023-07-18T18:33:14.934, ubuntu22-d, 0.005896
2023-07-18T18:33:15.140, ubuntu22-d, 0.005304
2023-07-18T18:33:15.345, ubuntu22-d, 0.005113
2023-07-18T18:33:15.551, ubuntu22-d, 0.005247
2023-07-18T18:33:15.756, ubuntu22-d, 0.005257
2023-07-18T18:33:15.962, ubuntu22-d, 0.004999
2023-07-18T18:33:16.174, ubuntu22-d, 0.011905
2023-07-18T18:33:16.379, ubuntu22-d, 0.004798
2023-07-18T18:33:16.584, ubuntu22-d, 0.004776
2023-07-18T18:33:16.790, ubuntu22-d, 0.005218
2023-07-18T18:33:16.995, ubuntu22-d, 0.004979
2023-07-18T18:33:17.200, ubuntu22-d, 0.004810
2023-07-18T18:33:17.407, ubuntu22-d, 0.006011
2023-07-18T18:33:17.612, ubuntu22-d, 0.004957
2023-07-18T18:33:17.817, ubuntu22-d, 0.005126
2023-07-18T18:33:18.023, ubuntu22-d, 0.005133
2023-07-18T18:33:18.228, ubuntu22-d, 0.005023
2023-07-18T18:33:18.434, ubuntu22-d, 0.005204
2023-07-18T18:33:18.639, ubuntu22-d, 0.005009
2023-07-18T18:33:18.845, ubuntu22-d, 0.004834
2023-07-18T18:33:19.050, ubuntu22-d, 0.004979
2023-07-18T18:33:19.258, ubuntu22-d, 0.005055
2023-07-18T18:33:19.463, ubuntu22-d, 0.004849
2023-07-18T18:33:19.668, ubuntu22-d, 0.004770
2023-07-18T18:33:19.873, ubuntu22-d, 0.004802
2023-07-18T18:33:20.079, ubuntu22-d, 0.004977
2023-07-18T18:33:20.284, ubuntu22-d, 0.004842
2023-07-18T18:33:20.491, ubuntu22-d, 0.007012
2023-07-18T18:33:20.697, ubuntu22-d, 0.005163
2023-07-18T18:33:20.902, ubuntu22-d, 0.004855
2023-07-18T18:33:21.108, ubuntu22-d, 0.004851
2023-07-18T18:33:21.315, ubuntu22-d, 0.007154
2023-07-18T18:33:21.520, ubuntu22-d, 0.004730
2023-07-18T18:33:21.726, ubuntu22-d, 0.004741
2023-07-18T18:33:21.931, ubuntu22-d, 0.004658
2023-07-18T18:33:22.136, ubuntu22-d, 0.004888
2023-07-18T18:33:22.341, ubuntu22-d, 0.004780
2023-07-18T18:33:22.546, ubuntu22-d, 0.004790
2023-07-18T18:33:22.752, ubuntu22-d, 0.004905
2023-07-18T18:33:22.957, ubuntu22-d, 0.004752
2023-07-18T18:33:23.162, ubuntu22-d, 0.005023
2023-07-18T18:33:23.367, ubuntu22-d, 0.005123
2023-07-18T18:33:23.575, ubuntu22-d, 0.007297
2023-07-18T18:33:23.780, ubuntu22-d, 0.004601
2023-07-18T18:33:23.986, ubuntu22-d, 0.004745
2023-07-18T18:33:24.190, ubuntu22-d, 0.004753
2023-07-18T18:33:24.396, ubuntu22-b, 0.005281
2023-07-18T18:33:24.601, ubuntu22-b, 0.005048
2023-07-18T18:33:24.806, ubuntu22-b, 0.004597
2023-07-18T18:33:25.012, ubuntu22-b, 0.004913
2023-07-18T18:33:25.217, ubuntu22-b, 0.004719
2023-07-18T18:33:25.422, ubuntu22-b, 0.005097
2023-07-18T18:33:25.628, ubuntu22-b, 0.005071
2023-07-18T18:33:25.836, ubuntu22-b, 0.008117
2023-07-18T18:33:26.044, ubuntu22-b, 0.007465
2023-07-18T18:33:26.388, ubuntu22-b, 0.143736
2023-07-18T18:33:26.609, ubuntu22-b, 0.020275
2023-07-18T18:33:26.820, ubuntu22-b, 0.010950
2023-07-18T18:33:27.028, ubuntu22-b, 0.007601
2023-07-18T18:33:27.234, ubuntu22-b, 0.005244
2023-07-18T18:33:27.439, ubuntu22-b, 0.004582
2023-07-18T18:33:27.644, ubuntu22-b, 0.005071
2023-07-18T18:33:27.850, ubuntu22-b, 0.005652
2023-07-18T18:33:28.055, ubuntu22-b, 0.004821
2023-07-18T18:33:28.261, ubuntu22-b, 0.004793
2023-07-18T18:33:28.466, ubuntu22-b, 0.004682
2023-07-18T18:33:28.671, ubuntu22-b, 0.004834
2023-07-18T18:33:28.877, ubuntu22-b, 0.005659
2023-07-18T18:33:29.082, ubuntu22-b, 0.004815
2023-07-18T18:33:29.288, ubuntu22-b, 0.005657
2023-07-18T18:33:29.496, ubuntu22-b, 0.007643
2023-07-18T18:33:29.702, ubuntu22-b, 0.005299
2023-07-18T18:33:29.908, ubuntu22-b, 0.005640
2023-07-18T18:33:30.113, ubuntu22-b, 0.005293
2023-07-18T18:33:30.319, ubuntu22-b, 0.005041
2023-07-18T18:33:30.527, ubuntu22-b, 0.007659
2023-07-18T18:33:30.736, ubuntu22-b, 0.009046
2023-07-18T18:33:30.942, ubuntu22-b, 0.005512
2023-07-18T18:33:31.147, ubuntu22-b, 0.004857
2023-07-18T18:33:31.353, ubuntu22-b, 0.005281
2023-07-18T18:33:31.559, ubuntu22-b, 0.005415
2023-07-18T18:33:31.764, ubuntu22-d, 0.005249
2023-07-18T18:33:31.972, ubuntu22-d, 0.007499
2023-07-18T18:33:32.178, ubuntu22-d, 0.004872
2023-07-18T18:33:32.383, ubuntu22-b, 0.004914
2023-07-18T18:33:32.588, ubuntu22-b, 0.004925
2023-07-18T18:33:32.793, ubuntu22-b, 0.005171
2023-07-18T18:33:33.013, , 
2023-07-18T18:33:33.218, ubuntu22-d, 0.004871
2023-07-18T18:33:33.424, ubuntu22-d, 0.005544
2023-07-18T18:33:33.629, ubuntu22-d, 0.005235
2023-07-18T18:33:33.835, ubuntu22-d, 0.005439
2023-07-18T18:33:34.040, ubuntu22-d, 0.004887
2023-07-18T18:33:34.247, ubuntu22-d, 0.006026
2023-07-18T18:33:34.452, ubuntu22-d, 0.004830
2023-07-18T18:33:34.657, ubuntu22-d, 0.004810
2023-07-18T18:33:34.862, ubuntu22-d, 0.004557
2023-07-18T18:33:35.069, ubuntu22-d, 0.006833
2023-07-18T18:33:35.274, ubuntu22-d, 0.004612
2023-07-18T18:33:35.480, ubuntu22-d, 0.004828
2023-07-18T18:33:35.685, ubuntu22-d, 0.004687
2023-07-18T18:33:35.890, ubuntu22-d, 0.004695
2023-07-18T18:33:36.095, ubuntu22-d, 0.004585
2023-07-18T18:33:36.300, ubuntu22-d, 0.005050
2023-07-18T18:33:36.506, ubuntu22-d, 0.005370
2023-07-18T18:33:36.711, ubuntu22-d, 0.004791
2023-07-18T18:33:36.916, ubuntu22-d, 0.004880
2023-07-18T18:33:37.121, ubuntu22-d, 0.004785
2023-07-18T18:33:37.327, ubuntu22-d, 0.004792
2023-07-18T18:33:37.532, ubuntu22-d, 0.004743
2023-07-18T18:33:37.737, ubuntu22-d, 0.004905
2023-07-18T18:33:37.942, ubuntu22-d, 0.004905
2023-07-18T18:33:38.148, ubuntu22-d, 0.004813
2023-07-18T18:33:38.353, ubuntu22-d, 0.005119
2023-07-18T18:33:38.559, ubuntu22-d, 0.005082
2023-07-18T18:33:38.764, ubuntu22-d, 0.004788
2023-07-18T18:33:38.969, ubuntu22-d, 0.005056
2023-07-18T18:33:39.175, ubuntu22-d, 0.005038
2023-07-18T18:33:39.380, ubuntu22-d, 0.004819
2023-07-18T18:33:39.585, ubuntu22-d, 0.004873
2023-07-18T18:33:39.790, ubuntu22-d, 0.004962
2023-07-18T18:33:39.996, ubuntu22-d, 0.005003
2023-07-18T18:33:40.202, ubuntu22-d, 0.005727
2023-07-18T18:33:40.407, ubuntu22-c, 0.005401
2023-07-18T18:33:40.613, ubuntu22-d, 0.004830
2023-07-18T18:33:40.819, ubuntu22-c, 0.006438
2023-07-18T18:33:41.025, ubuntu22-c, 0.004956
2023-07-18T18:33:41.230, ubuntu22-d, 0.004745
2023-07-18T18:33:41.435, ubuntu22-c, 0.004584
2023-07-18T18:33:41.639, ubuntu22-d, 0.004748
2023-07-18T18:33:41.845, ubuntu22-c, 0.004907
2023-07-18T18:33:42.070, ubuntu22-d, 0.025310
2023-07-18T18:33:42.276, ubuntu22-c, 0.005067
2023-07-18T18:33:42.481, ubuntu22-c, 0.004862
2023-07-18T18:33:42.686, ubuntu22-c, 0.004745
2023-07-18T18:33:42.891, ubuntu22-c, 0.004933
2023-07-18T18:33:43.100, ubuntu22-c, 0.007612
2023-07-18T18:33:43.305, ubuntu22-c, 0.004895
2023-07-18T18:33:43.522, ubuntu22-c, 0.017156
2023-07-18T18:33:43.727, ubuntu22-c, 0.004901
2023-07-18T18:33:43.933, ubuntu22-c, 0.004842
2023-07-18T18:33:44.138, ubuntu22-c, 0.005109
2023-07-18T18:33:44.343, ubuntu22-c, 0.004874
2023-07-18T18:33:44.548, ubuntu22-c, 0.004781
2023-07-18T18:33:44.754, ubuntu22-c, 0.004960
2023-07-18T18:33:44.962, ubuntu22-c, 0.008306
2023-07-18T18:33:45.167, ubuntu22-c, 0.004689
2023-07-18T18:33:45.373, ubuntu22-c, 0.004902
2023-07-18T18:33:45.578, ubuntu22-c, 0.004976
2023-07-18T18:33:45.784, ubuntu22-c, 0.005334
2023-07-18T18:33:45.990, ubuntu22-c, 0.005826
2023-07-18T18:33:46.195, ubuntu22-c, 0.004894
2023-07-18T18:33:46.401, ubuntu22-c, 0.004909
2023-07-18T18:33:46.606, ubuntu22-c, 0.005306
2023-07-18T18:33:46.812, ubuntu22-c, 0.005212
2023-07-18T18:33:47.019, ubuntu22-c, 0.006618
2023-07-18T18:33:47.224, ubuntu22-c, 0.004848
2023-07-18T18:33:47.432, ubuntu22-c, 0.007649
2023-07-18T18:33:47.638, ubuntu22-d, 0.005167
2023-07-18T18:33:47.843, ubuntu22-c, 0.005029
2023-07-18T18:33:48.049, ubuntu22-c, 0.004861
2023-07-18T18:33:48.254, ubuntu22-c, 0.004693
2023-07-18T18:33:48.459, ubuntu22-c, 0.005059
2023-07-18T18:33:48.664, ubuntu22-c, 0.004950
2023-07-18T18:33:48.870, ubuntu22-c, 0.004982
2023-07-18T18:33:49.075, ubuntu22-c, 0.005302
2023-07-18T18:33:49.281, ubuntu22-d, 0.004834
2023-07-18T18:33:49.487, ubuntu22-d, 0.005569
2023-07-18T18:33:49.697, ubuntu22-d, 0.010185
2023-07-18T18:33:49.903, ubuntu22-d, 0.004797
2023-07-18T18:33:50.108, ubuntu22-d, 0.004970
2023-07-18T18:33:50.313, ubuntu22-d, 0.004868
2023-07-18T18:33:50.520, ubuntu22-d, 0.006148
2023-07-18T18:33:50.725, ubuntu22-d, 0.004906
2023-07-18T18:33:50.930, ubuntu22-d, 0.004869
2023-07-18T18:33:51.135, ubuntu22-d, 0.004883
2023-07-18T18:33:51.340, ubuntu22-d, 0.004843
2023-07-18T18:33:51.546, ubuntu22-d, 0.005239
2023-07-18T18:33:51.751, ubuntu22-d, 0.004795
2023-07-18T18:33:51.958, ubuntu22-d, 0.005966
2023-07-18T18:33:52.163, ubuntu22-d, 0.004889
2023-07-18T18:33:52.368, ubuntu22-d, 0.004714
2023-07-18T18:33:52.573, ubuntu22-d, 0.004757
2023-07-18T18:33:52.778, ubuntu22-d, 0.004660
2023-07-18T18:33:52.983, ubuntu22-d, 0.004708
2023-07-18T18:33:53.188, ubuntu22-d, 0.004707
2023-07-18T18:33:53.394, ubuntu22-d, 0.005174
2023-07-18T18:33:53.599, ubuntu22-d, 0.004545
2023-07-18T18:33:53.804, ubuntu22-d, 0.004972
2023-07-18T18:33:54.010, ubuntu22-d, 0.004949
2023-07-18T18:33:54.215, ubuntu22-d, 0.004889
2023-07-18T18:33:54.420, ubuntu22-d, 0.004982
2023-07-18T18:33:54.625, ubuntu22-d, 0.004867
2023-07-18T18:33:54.831, ubuntu22-d, 0.005013
2023-07-18T18:33:55.036, ubuntu22-d, 0.005509
2023-07-18T18:33:55.242, ubuntu22-d, 0.004919
2023-07-18T18:33:55.447, ubuntu22-d, 0.004716
2023-07-18T18:33:55.652, ubuntu22-d, 0.004767
2023-07-18T18:33:55.857, ubuntu22-d, 0.005077
2023-07-18T18:33:56.063, ubuntu22-d, 0.004830
2023-07-18T18:33:56.275, ubuntu22-d, 0.011935
2023-07-18T18:33:56.480, ubuntu22-d, 0.004885
2023-07-18T18:33:56.700, ubuntu22-d, 0.019295
2023-07-18T18:33:56.905, ubuntu22-d, 0.004846
2023-07-18T18:33:57.110, ubuntu22-d, 0.004937
2023-07-18T18:33:57.315, ubuntu22-d, 0.004738
2023-07-18T18:33:57.522, ubuntu22-c, 0.006721
2023-07-18T18:33:57.728, ubuntu22-c, 0.004797
2023-07-18T18:33:57.933, ubuntu22-c, 0.005200
2023-07-18T18:33:58.138, ubuntu22-c, 0.005111
2023-07-18T18:33:58.346, ubuntu22-c, 0.007113
2023-07-18T18:33:58.554, ubuntu22-c, 0.007936
2023-07-18T18:33:58.760, ubuntu22-c, 0.004852
2023-07-18T18:33:58.967, ubuntu22-c, 0.007271
2023-07-18T18:33:59.172, ubuntu22-c, 0.004810
2023-07-18T18:33:59.378, ubuntu22-c, 0.004909
2023-07-18T18:33:59.583, ubuntu22-c, 0.004839
2023-07-18T18:33:59.788, ubuntu22-c, 0.005078
2023-07-18T18:33:59.994, ubuntu22-c, 0.004965
2023-07-18T18:34:00.199, ubuntu22-c, 0.005004
2023-07-18T18:34:00.405, ubuntu22-c, 0.005075
2023-07-18T18:34:00.610, ubuntu22-c, 0.004999
2023-07-18T18:34:00.815, ubuntu22-c, 0.004814
2023-07-18T18:34:01.020, ubuntu22-c, 0.004823
2023-07-18T18:34:01.226, ubuntu22-c, 0.004904
2023-07-18T18:34:01.431, ubuntu22-c, 0.004974
2023-07-18T18:34:01.636, ubuntu22-c, 0.004881
2023-07-18T18:34:01.842, ubuntu22-c, 0.004805
2023-07-18T18:34:02.046, ubuntu22-c, 0.004486
2023-07-18T18:34:02.252, ubuntu22-c, 0.004778
2023-07-18T18:34:02.457, ubuntu22-c, 0.004865
2023-07-18T18:34:02.662, ubuntu22-c, 0.004801
2023-07-18T18:34:02.867, ubuntu22-c, 0.004630
2023-07-18T18:34:03.072, ubuntu22-c, 0.004606
2023-07-18T18:34:03.277, ubuntu22-c, 0.004833
2023-07-18T18:34:03.483, ubuntu22-c, 0.005555
2023-07-18T18:34:03.688, ubuntu22-d, 0.005015
2023-07-18T18:34:03.894, ubuntu22-d, 0.004734
2023-07-18T18:34:04.099, ubuntu22-d, 0.004679
2023-07-18T18:34:04.304, ubuntu22-c, 0.004852
2023-07-18T18:34:04.509, ubuntu22-c, 0.005073
2023-07-18T18:34:04.715, ubuntu22-d, 0.004869
2023-07-18T18:34:04.920, ubuntu22-d, 0.004852
2023-07-18T18:34:05.125, ubuntu22-c, 0.005080
2023-07-18T18:34:05.330, ubuntu22-d, 0.004674
2023-07-18T18:34:05.536, ubuntu22-d, 0.005370
2023-07-18T18:34:05.741, ubuntu22-d, 0.005253
2023-07-18T18:34:05.947, ubuntu22-d, 0.004883
2023-07-18T18:34:06.157, ubuntu22-d, 0.009479
2023-07-18T18:34:06.362, ubuntu22-d, 0.004686
2023-07-18T18:34:06.567, ubuntu22-d, 0.004857
2023-07-18T18:34:06.772, ubuntu22-d, 0.005118
2023-07-18T18:34:06.982, ubuntu22-d, 0.009431
2023-07-18T18:34:07.187, ubuntu22-d, 0.005109
2023-07-18T18:34:07.393, ubuntu22-d, 0.004971
2023-07-18T18:34:07.598, ubuntu22-d, 0.004882
2023-07-18T18:34:07.803, ubuntu22-d, 0.004775
2023-07-18T18:34:08.011, ubuntu22-d, 0.007085
2023-07-18T18:34:08.216, ubuntu22-d, 0.004886
2023-07-18T18:34:08.421, ubuntu22-d, 0.004999
2023-07-18T18:34:08.627, ubuntu22-d, 0.005455
2023-07-18T18:34:08.832, ubuntu22-d, 0.004877
2023-07-18T18:34:09.039, ubuntu22-d, 0.006439
2023-07-18T18:34:09.244, ubuntu22-d, 0.004772
2023-07-18T18:34:09.450, ubuntu22-d, 0.005423
2023-07-18T18:34:09.657, ubuntu22-d, 0.006978
2023-07-18T18:34:09.863, ubuntu22-d, 0.004938
2023-07-18T18:34:10.068, ubuntu22-d, 0.004840
2023-07-18T18:34:10.274, ubuntu22-d, 0.005214
2023-07-18T18:34:10.479, ubuntu22-d, 0.005196
2023-07-18T18:34:10.689, ubuntu22-d, 0.008846
2023-07-18T18:34:10.894, ubuntu22-d, 0.005001
2023-07-18T18:34:11.100, ubuntu22-d, 0.005742
2023-07-18T18:34:11.306, ubuntu22-d, 0.005170
2023-07-18T18:34:11.516, ubuntu22-d, 0.009898
2023-07-18T18:34:11.722, ubuntu22-d, 0.005668
2023-07-18T18:34:11.928, ubuntu22-d, 0.005025
2023-07-18T18:34:12.134, ubuntu22-d, 0.005428
2023-07-18T18:34:12.339, ubuntu22-d, 0.005127
2023-07-18T18:34:12.545, ubuntu22-d, 0.005234
2023-07-18T18:34:12.750, ubuntu22-d, 0.005299
2023-07-18T18:34:12.956, ubuntu22-d, 0.004901
2023-07-18T18:34:13.161, ubuntu22-d, 0.005162
2023-07-18T18:34:13.367, ubuntu22-d, 0.004937
2023-07-18T18:34:13.576, ubuntu22-d, 0.008842
2023-07-18T18:34:13.781, ubuntu22-d, 0.005140
2023-07-18T18:34:13.987, ubuntu22-d, 0.004947
2023-07-18T18:34:14.193, ubuntu22-b, 0.005769
2023-07-18T18:34:14.398, ubuntu22-b, 0.004749
2023-07-18T18:34:14.603, ubuntu22-d, 0.004935
2023-07-18T18:34:14.808, ubuntu22-d, 0.004765
2023-07-18T18:34:15.014, ubuntu22-d, 0.005529
2023-07-18T18:34:15.220, ubuntu22-d, 0.005154
2023-07-18T18:34:15.425, ubuntu22-b, 0.005003
2023-07-18T18:34:15.631, ubuntu22-b, 0.005486
2023-07-18T18:34:15.836, ubuntu22-b, 0.004799
2023-07-18T18:34:16.042, ubuntu22-b, 0.005449
2023-07-18T18:34:16.247, ubuntu22-b, 0.004697
2023-07-18T18:34:16.454, ubuntu22-b, 0.006989
2023-07-18T18:34:16.659, ubuntu22-b, 0.004699
2023-07-18T18:34:16.865, ubuntu22-b, 0.004897
2023-07-18T18:34:17.070, ubuntu22-b, 0.005213
2023-07-18T18:34:17.275, ubuntu22-b, 0.004665
2023-07-18T18:34:17.485, ubuntu22-b, 0.009652
2023-07-18T18:34:17.703, ubuntu22-b, 0.017292
2023-07-18T18:34:17.965, ubuntu22-b, 0.061073
2023-07-18T18:34:18.170, ubuntu22-b, 0.004983
2023-07-18T18:34:18.375, ubuntu22-b, 0.004977
2023-07-18T18:34:18.581, ubuntu22-b, 0.004806
2023-07-18T18:34:18.786, ubuntu22-b, 0.004975
2023-07-18T18:34:18.991, ubuntu22-b, 0.004914
2023-07-18T18:34:19.197, ubuntu22-b, 0.005162
2023-07-18T18:34:19.402, ubuntu22-b, 0.004869
2023-07-18T18:34:19.608, ubuntu22-b, 0.005347
2023-07-18T18:34:19.813, ubuntu22-b, 0.004870
2023-07-18T18:34:20.018, ubuntu22-b, 0.004884
2023-07-18T18:34:20.223, ubuntu22-b, 0.004733
2023-07-18T18:34:20.429, ubuntu22-b, 0.004968
2023-07-18T18:34:20.634, ubuntu22-b, 0.005260
2023-07-18T18:34:20.840, ubuntu22-b, 0.004964
2023-07-18T18:34:21.045, ubuntu22-b, 0.004875
2023-07-18T18:34:21.250, ubuntu22-b, 0.004739
2023-07-18T18:34:21.455, ubuntu22-b, 0.004753
2023-07-18T18:34:21.661, ubuntu22-b, 0.004705
2023-07-18T18:34:21.866, ubuntu22-b, 0.005011
2023-07-18T18:34:22.071, ubuntu22-b, 0.004640
2023-07-18T18:34:22.284, ubuntu22-b, 0.012314
2023-07-18T18:34:22.491, ubuntu22-b, 0.007215
2023-07-18T18:34:22.698, ubuntu22-d, 0.005646
2023-07-18T18:34:22.902, ubuntu22-b, 0.004526
2023-07-18T18:34:23.108, ubuntu22-b, 0.004973
2023-07-18T18:34:23.313, ubuntu22-b, 0.004814
2023-07-18T18:34:23.518, ubuntu22-d, 0.004960
2023-07-18T18:34:23.724, ubuntu22-b, 0.004824
2023-07-18T18:34:23.929, ubuntu22-b, 0.004752
2023-07-18T18:34:24.134, ubuntu22-b, 0.004648
2023-07-18T18:34:24.339, ubuntu22-b, 0.005165
2023-07-18T18:34:24.544, ubuntu22-d, 0.004730
2023-07-18T18:34:24.750, ubuntu22-d, 0.005376
2023-07-18T18:34:24.956, ubuntu22-d, 0.004953
2023-07-18T18:34:25.161, ubuntu22-d, 0.004922
2023-07-18T18:34:25.366, ubuntu22-d, 0.004748
2023-07-18T18:34:25.575, ubuntu22-d, 0.008306
2023-07-18T18:34:25.780, ubuntu22-d, 0.004940
2023-07-18T18:34:25.985, ubuntu22-d, 0.004867
2023-07-18T18:34:26.194, ubuntu22-d, 0.007878
2023-07-18T18:34:26.398, ubuntu22-d, 0.004578
2023-07-18T18:34:26.604, ubuntu22-d, 0.004819
2023-07-18T18:34:26.814, ubuntu22-d, 0.010036
2023-07-18T18:34:27.022, ubuntu22-d, 0.006754
2023-07-18T18:34:27.227, ubuntu22-d, 0.005091
2023-07-18T18:34:27.432, ubuntu22-d, 0.004906
2023-07-18T18:34:27.637, ubuntu22-d, 0.004745
2023-07-18T18:34:27.843, ubuntu22-d, 0.004932
2023-07-18T18:34:28.048, ubuntu22-d, 0.004874
2023-07-18T18:34:28.254, ubuntu22-d, 0.005507
2023-07-18T18:34:28.459, ubuntu22-d, 0.004856
2023-07-18T18:34:28.664, ubuntu22-d, 0.004894
2023-07-18T18:34:28.870, ubuntu22-d, 0.004960
2023-07-18T18:34:29.075, ubuntu22-d, 0.004947
2023-07-18T18:34:29.280, ubuntu22-d, 0.004881
2023-07-18T18:34:29.486, ubuntu22-d, 0.005295
2023-07-18T18:34:29.691, ubuntu22-d, 0.004824
2023-07-18T18:34:29.896, ubuntu22-d, 0.004685
2023-07-18T18:34:30.107, ubuntu22-d, 0.010038
2023-07-18T18:34:30.327, ubuntu22-d, 0.020117
2023-07-18T18:34:30.533, ubuntu22-d, 0.005374
2023-07-18T18:34:30.739, ubuntu22-c, 0.005401
2023-07-18T18:34:30.944, ubuntu22-c, 0.004787
2023-07-18T18:34:31.149, ubuntu22-d, 0.004960
2023-07-18T18:34:31.355, ubuntu22-c, 0.004615
2023-07-18T18:34:31.560, ubuntu22-c, 0.004775
2023-07-18T18:34:31.766, ubuntu22-c, 0.005451
2023-07-18T18:34:31.971, ubuntu22-c, 0.004783
2023-07-18T18:34:32.176, ubuntu22-c, 0.004604
2023-07-18T18:34:32.382, ubuntu22-c, 0.005577
2023-07-18T18:34:32.588, ubuntu22-c, 0.005274
2023-07-18T18:34:32.793, ubuntu22-c, 0.004769
2023-07-18T18:34:32.998, ubuntu22-c, 0.004634
2023-07-18T18:34:33.204, ubuntu22-c, 0.004903
2023-07-18T18:34:33.409, ubuntu22-c, 0.004699
2023-07-18T18:34:33.614, ubuntu22-c, 0.004722
2023-07-18T18:34:33.819, ubuntu22-c, 0.004822
2023-07-18T18:34:34.024, ubuntu22-c, 0.004856
2023-07-18T18:34:34.230, ubuntu22-c, 0.004817
2023-07-18T18:34:34.435, ubuntu22-c, 0.004694
2023-07-18T18:34:34.640, ubuntu22-c, 0.004946
2023-07-18T18:34:34.846, ubuntu22-c, 0.005192
2023-07-18T18:34:35.051, ubuntu22-c, 0.004861
2023-07-18T18:34:35.256, ubuntu22-c, 0.004917
2023-07-18T18:34:35.464, ubuntu22-c, 0.007621
2023-07-18T18:34:35.670, ubuntu22-c, 0.004890
2023-07-18T18:34:35.875, ubuntu22-c, 0.004621
2023-07-18T18:34:36.080, ubuntu22-c, 0.004653
2023-07-18T18:34:36.285, ubuntu22-c, 0.004740
2023-07-18T18:34:36.490, ubuntu22-c, 0.004838
2023-07-18T18:34:36.706, ubuntu22-c, 0.011378
2023-07-18T18:34:36.911, ubuntu22-c, 0.004755
2023-07-18T18:34:37.116, ubuntu22-c, 0.004812
2023-07-18T18:34:37.321, ubuntu22-c, 0.004697
2023-07-18T18:34:37.526, ubuntu22-c, 0.004776
2023-07-18T18:34:37.731, ubuntu22-c, 0.004936
2023-07-18T18:34:37.937, ubuntu22-c, 0.004820
2023-07-18T18:34:38.142, ubuntu22-c, 0.005064
2023-07-18T18:34:38.348, ubuntu22-c, 0.005043
2023-07-18T18:34:38.553, ubuntu22-c, 0.004866
2023-07-18T18:34:38.758, ubuntu22-c, 0.004775
2023-07-18T18:34:38.964, ubuntu22-c, 0.005076
2023-07-18T18:34:39.169, ubuntu22-c, 0.004695
2023-07-18T18:34:39.374, ubuntu22-c, 0.004981
2023-07-18T18:34:39.579, ubuntu22-c, 0.004781
2023-07-18T18:34:39.785, ubuntu22-c, 0.005078
2023-07-18T18:34:39.990, ubuntu22-c, 0.004949
2023-07-18T18:34:40.197, ubuntu22-b, 0.005968
2023-07-18T18:34:40.403, ubuntu22-b, 0.005768
2023-07-18T18:34:40.609, ubuntu22-b, 0.005601
2023-07-18T18:34:40.814, ubuntu22-c, 0.004968
2023-07-18T18:34:41.020, ubuntu22-c, 0.004953
2023-07-18T18:34:41.226, ubuntu22-c, 0.005699
2023-07-18T18:34:41.431, , 
2023-07-18T18:34:41.636, ubuntu22-b, 0.005033
2023-07-18T18:34:41.848, ubuntu22-b, 0.011051
2023-07-18T18:34:42.056, ubuntu22-b, 0.007847
2023-07-18T18:34:42.276, ubuntu22-b, 0.019664
2023-07-18T18:34:42.481, ubuntu22-b, 0.004739
2023-07-18T18:34:42.692, ubuntu22-b, 0.010377
2023-07-18T18:34:42.897, ubuntu22-b, 0.004651
2023-07-18T18:34:43.102, ubuntu22-b, 0.004974
2023-07-18T18:34:43.308, ubuntu22-b, 0.005076
2023-07-18T18:34:43.514, ubuntu22-b, 0.005554
2023-07-18T18:34:43.719, ubuntu22-b, 0.005015
2023-07-18T18:34:43.928, ubuntu22-b, 0.007924
2023-07-18T18:34:44.133, ubuntu22-b, 0.005067
2023-07-18T18:34:44.339, ubuntu22-b, 0.004791
2023-07-18T18:34:44.544, ubuntu22-b, 0.004894
2023-07-18T18:34:44.750, ubuntu22-b, 0.004847
2023-07-18T18:34:44.955, ubuntu22-b, 0.004688
2023-07-18T18:34:45.160, ubuntu22-b, 0.004789
2023-07-18T18:34:45.365, ubuntu22-b, 0.005054
2023-07-18T18:34:45.571, ubuntu22-b, 0.005478
2023-07-18T18:34:45.777, ubuntu22-b, 0.005081
2023-07-18T18:34:45.982, ubuntu22-b, 0.005072
2023-07-18T18:34:46.195, ubuntu22-b, 0.012486
2023-07-18T18:34:46.401, ubuntu22-b, 0.004861
2023-07-18T18:34:46.608, ubuntu22-b, 0.007010
2023-07-18T18:34:46.813, ubuntu22-b, 0.004807
2023-07-18T18:34:47.019, ubuntu22-b, 0.005265
2023-07-18T18:34:47.224, ubuntu22-b, 0.004661
2023-07-18T18:34:47.429, ubuntu22-b, 0.004899
2023-07-18T18:34:47.634, ubuntu22-b, 0.004844
2023-07-18T18:34:47.840, ubuntu22-d, 0.005211
2023-07-18T18:34:48.045, ubuntu22-d, 0.005113
2023-07-18T18:34:48.251, ubuntu22-d, 0.005075
2023-07-18T18:34:48.461, ubuntu22-b, 0.009335
2023-07-18T18:34:48.666, ubuntu22-d, 0.004816
2023-07-18T18:34:48.871, ubuntu22-d, 0.004907
2023-07-18T18:34:49.076, ubuntu22-b, 0.004861
2023-07-18T18:34:49.282, ubuntu22-d, 0.005099
2023-07-18T18:34:49.486, , 
2023-07-18T18:34:49.691, ubuntu22-d, 0.005024
2023-07-18T18:34:49.896, ubuntu22-d, 0.004703
2023-07-18T18:34:50.102, ubuntu22-d, 0.005081
2023-07-18T18:34:50.314, ubuntu22-d, 0.012080
2023-07-18T18:34:50.523, ubuntu22-d, 0.008372
2023-07-18T18:34:50.729, ubuntu22-d, 0.004924
2023-07-18T18:34:50.934, ubuntu22-d, 0.004785
2023-07-18T18:34:51.139, ubuntu22-d, 0.004711
2023-07-18T18:34:51.344, ubuntu22-d, 0.005206
2023-07-18T18:34:51.550, ubuntu22-d, 0.004950
2023-07-18T18:34:51.755, ubuntu22-d, 0.004745
2023-07-18T18:34:51.960, ubuntu22-d, 0.004872
2023-07-18T18:34:52.165, ubuntu22-d, 0.005081
2023-07-18T18:34:52.371, ubuntu22-d, 0.004799
2023-07-18T18:34:52.576, ubuntu22-d, 0.004770
2023-07-18T18:34:52.784, ubuntu22-d, 0.007670
2023-07-18T18:34:52.994, ubuntu22-d, 0.009680
2023-07-18T18:34:53.200, ubuntu22-d, 0.006207
2023-07-18T18:34:53.406, ubuntu22-d, 0.004827
2023-07-18T18:34:53.611, ubuntu22-d, 0.004836
2023-07-18T18:34:53.816, ubuntu22-d, 0.004811
2023-07-18T18:34:54.021, ubuntu22-d, 0.004954
2023-07-18T18:34:54.226, ubuntu22-d, 0.004898
2023-07-18T18:34:54.432, ubuntu22-d, 0.004816
2023-07-18T18:34:54.637, ubuntu22-d, 0.004796
2023-07-18T18:34:54.842, ubuntu22-d, 0.004821
2023-07-18T18:34:55.048, ubuntu22-d, 0.005334
2023-07-18T18:34:55.253, ubuntu22-d, 0.005029
2023-07-18T18:34:55.459, ubuntu22-d, 0.004982
2023-07-18T18:34:55.664, ubuntu22-d, 0.004981
2023-07-18T18:34:55.869, ubuntu22-d, 0.005077
2023-07-18T18:34:56.075, ubuntu22-d, 0.004867
2023-07-18T18:34:56.280, ubuntu22-d, 0.004743
2023-07-18T18:34:56.485, ubuntu22-d, 0.004822
2023-07-18T18:34:56.694, ubuntu22-d, 0.009070
2023-07-18T18:34:56.899, ubuntu22-d, 0.004752
2023-07-18T18:34:57.107, ubuntu22-d, 0.007707
2023-07-18T18:34:57.313, ubuntu22-d, 0.005343
2023-07-18T18:34:57.519, ubuntu22-d, 0.004863
2023-07-18T18:34:57.724, ubuntu22-d, 0.005032
2023-07-18T18:34:57.929, ubuntu22-d, 0.005204
2023-07-18T18:34:58.135, ubuntu22-d, 0.004823
2023-07-18T18:34:58.340, ubuntu22-d, 0.004986
2023-07-18T18:34:58.546, ubuntu22-d, 0.005378
2023-07-18T18:34:58.751, ubuntu22-d, 0.004941
2023-07-18T18:34:58.956, ubuntu22-d, 0.005175
2023-07-18T18:34:59.162, ubuntu22-b, 0.005298
2023-07-18T18:34:59.368, ubuntu22-d, 0.005056
2023-07-18T18:34:59.573, ubuntu22-b, 0.004994
2023-07-18T18:34:59.778, ubuntu22-b, 0.004988
2023-07-18T18:34:59.983, ubuntu22-d, 0.004826
2023-07-18T18:35:00.189, ubuntu22-b, 0.005005
2023-07-18T18:35:00.396, ubuntu22-d, 0.006766
2023-07-18T18:35:00.601, ubuntu22-d, 0.005219
2023-07-18T18:35:00.807, ubuntu22-b, 0.004748
2023-07-18T18:35:01.013, ubuntu22-b, 0.006108
2023-07-18T18:35:01.218, ubuntu22-b, 0.004643
2023-07-18T18:35:01.423, ubuntu22-b, 0.004660
2023-07-18T18:35:01.630, ubuntu22-b, 0.006970
2023-07-18T18:35:01.836, ubuntu22-b, 0.004957
2023-07-18T18:35:02.041, ubuntu22-b, 0.004775
2023-07-18T18:35:02.246, ubuntu22-b, 0.004624
2023-07-18T18:35:02.451, ubuntu22-b, 0.004564
2023-07-18T18:35:02.656, ubuntu22-b, 0.004989
2023-07-18T18:35:02.862, ubuntu22-b, 0.005224
2023-07-18T18:35:03.072, ubuntu22-b, 0.009609
2023-07-18T18:35:03.313, ubuntu22-b, 0.040920
2023-07-18T18:35:03.518, ubuntu22-b, 0.005017
2023-07-18T18:35:03.727, ubuntu22-b, 0.007790
2023-07-18T18:35:03.933, ubuntu22-b, 0.005857
2023-07-18T18:35:04.138, ubuntu22-b, 0.004532
2023-07-18T18:35:04.343, ubuntu22-b, 0.004975
2023-07-18T18:35:04.548, ubuntu22-b, 0.004744
2023-07-18T18:35:04.754, ubuntu22-b, 0.005101
2023-07-18T18:35:04.959, ubuntu22-b, 0.004961
2023-07-18T18:35:05.164, ubuntu22-b, 0.004928
2023-07-18T18:35:05.369, ubuntu22-b, 0.004883
2023-07-18T18:35:05.574, ubuntu22-b, 0.004831
2023-07-18T18:35:05.792, ubuntu22-b, 0.017165
2023-07-18T18:35:05.999, ubuntu22-b, 0.005297
2023-07-18T18:35:06.204, ubuntu22-b, 0.004845
2023-07-18T18:35:06.412, ubuntu22-b, 0.007508
2023-07-18T18:35:06.620, ubuntu22-b, 0.007651
2023-07-18T18:35:06.825, ubuntu22-b, 0.005045
2023-07-18T18:35:07.030, ubuntu22-d, 0.005233
2023-07-18T18:35:07.236, ubuntu22-b, 0.005360
2023-07-18T18:35:07.441, ubuntu22-b, 0.004930
2023-07-18T18:35:07.656, ubuntu22-b, 0.014296
2023-07-18T18:35:07.861, ubuntu22-b, 0.004879
2023-07-18T18:35:08.067, ubuntu22-b, 0.004919
2023-07-18T18:35:08.272, ubuntu22-b, 0.005020
2023-07-18T18:35:08.478, ubuntu22-d, 0.005325
2023-07-18T18:35:08.683, ubuntu22-b, 0.004791
2023-07-18T18:35:08.887, , 
2023-07-18T18:35:09.093, ubuntu22-d, 0.005366
2023-07-18T18:35:09.298, ubuntu22-d, 0.005376
2023-07-18T18:35:09.504, ubuntu22-d, 0.005214
2023-07-18T18:35:09.709, ubuntu22-d, 0.005018
2023-07-18T18:35:09.918, ubuntu22-d, 0.008207
2023-07-18T18:35:10.123, ubuntu22-d, 0.004788
2023-07-18T18:35:10.329, ubuntu22-d, 0.005607
2023-07-18T18:35:10.535, ubuntu22-d, 0.005100
2023-07-18T18:35:10.741, ubuntu22-d, 0.005965
2023-07-18T18:35:10.946, ubuntu22-d, 0.004948
2023-07-18T18:35:11.153, ubuntu22-d, 0.005931
2023-07-18T18:35:11.362, ubuntu22-d, 0.009405
2023-07-18T18:35:11.577, ubuntu22-d, 0.014386
2023-07-18T18:35:11.783, ubuntu22-d, 0.005322
2023-07-18T18:35:11.989, ubuntu22-d, 0.005529
2023-07-18T18:35:12.194, ubuntu22-d, 0.005444
2023-07-18T18:35:12.403, ubuntu22-d, 0.008345
2023-07-18T18:35:12.608, ubuntu22-d, 0.005100
2023-07-18T18:35:12.814, ubuntu22-d, 0.005074
2023-07-18T18:35:13.019, ubuntu22-d, 0.005152
2023-07-18T18:35:13.225, ubuntu22-d, 0.005032
2023-07-18T18:35:13.430, ubuntu22-d, 0.005239
2023-07-18T18:35:13.636, ubuntu22-d, 0.005097
2023-07-18T18:35:13.842, ubuntu22-d, 0.005331
2023-07-18T18:35:14.047, ubuntu22-d, 0.005096
2023-07-18T18:35:14.254, ubuntu22-d, 0.006714
2023-07-18T18:35:14.459, ubuntu22-d, 0.005003
2023-07-18T18:35:14.669, ubuntu22-d, 0.009437
2023-07-18T18:35:14.875, ubuntu22-d, 0.005126
2023-07-18T18:35:15.080, ubuntu22-d, 0.005065
2023-07-18T18:35:15.286, ubuntu22-d, 0.005158
2023-07-18T18:35:15.491, ubuntu22-d, 0.004863
2023-07-18T18:35:15.696, ubuntu22-d, 0.005052
2023-07-18T18:35:15.901, ubuntu22-d, 0.004824
2023-07-18T18:35:16.107, ubuntu22-d, 0.004987
2023-07-18T18:35:16.312, ubuntu22-d, 0.005121
2023-07-18T18:35:16.518, ubuntu22-d, 0.005172
2023-07-18T18:35:16.724, ubuntu22-d, 0.005983
2023-07-18T18:35:16.930, ubuntu22-d, 0.005167
2023-07-18T18:35:17.135, ubuntu22-d, 0.005018
2023-07-18T18:35:17.341, ubuntu22-d, 0.005786
2023-07-18T18:35:17.547, ubuntu22-d, 0.005281
2023-07-18T18:35:17.752, ubuntu22-d, 0.005211
2023-07-18T18:35:17.958, ubuntu22-d, 0.005561
2023-07-18T18:35:18.164, ubuntu22-d, 0.005145
2023-07-18T18:35:18.370, ubuntu22-d, 0.005628
2023-07-18T18:35:18.575, ubuntu22-d, 0.004946
2023-07-18T18:35:18.781, ubuntu22-d, 0.005093
2023-07-18T18:35:18.987, ubuntu22-d, 0.005298
2023-07-18T18:35:19.196, ubuntu22-d, 0.009444
2023-07-18T18:35:19.402, ubuntu22-d, 0.005057
2023-07-18T18:35:19.607, ubuntu22-d, 0.005032
2023-07-18T18:35:19.813, ubuntu22-d, 0.005075
2023-07-18T18:35:20.018, ubuntu22-d, 0.005107
2023-07-18T18:35:20.224, ubuntu22-d, 0.005483
2023-07-18T18:35:20.429, ubuntu22-d, 0.005125
2023-07-18T18:35:20.635, ubuntu22-d, 0.005214
2023-07-18T18:35:20.840, ubuntu22-d, 0.005078
2023-07-18T18:35:21.046, ubuntu22-d, 0.005126
2023-07-18T18:35:21.251, ubuntu22-d, 0.004844
2023-07-18T18:35:21.457, ubuntu22-d, 0.005104
2023-07-18T18:35:21.662, ubuntu22-d, 0.005137
2023-07-18T18:35:21.868, ubuntu22-d, 0.005313
2023-07-18T18:35:22.073, ubuntu22-d, 0.005262
2023-07-18T18:35:22.279, ubuntu22-d, 0.005028
2023-07-18T18:35:22.484, ubuntu22-d, 0.004832
2023-07-18T18:35:22.690, ubuntu22-d, 0.005314
2023-07-18T18:35:22.895, ubuntu22-d, 0.004890
2023-07-18T18:35:23.100, ubuntu22-d, 0.004925
2023-07-18T18:35:23.306, ubuntu22-d, 0.005000
2023-07-18T18:35:23.511, ubuntu22-d, 0.004921
2023-07-18T18:35:23.717, ubuntu22-d, 0.005135
2023-07-18T18:35:23.922, ubuntu22-d, 0.004846
2023-07-18T18:35:24.127, ubuntu22-d, 0.004786
2023-07-18T18:35:24.332, ubuntu22-d, 0.005270
2023-07-18T18:35:24.538, ubuntu22-d, 0.004933
2023-07-18T18:35:24.743, ubuntu22-d, 0.004982
2023-07-18T18:35:24.948, ubuntu22-d, 0.005245
2023-07-18T18:35:25.154, ubuntu22-d, 0.004957
2023-07-18T18:35:25.359, ubuntu22-d, 0.004966
2023-07-18T18:35:25.565, ubuntu22-d, 0.005147
2023-07-18T18:35:25.780, ubuntu22-d, 0.014699
2023-07-18T18:35:25.986, ubuntu22-d, 0.005580
2023-07-18T18:35:26.206, ubuntu22-d, 0.019959
2023-07-18T18:35:26.446, ubuntu22-d, 0.039487
2023-07-18T18:35:26.667, ubuntu22-b, 0.020794
2023-07-18T18:35:26.875, ubuntu22-d, 0.007328
2023-07-18T18:35:27.080, ubuntu22-d, 0.005107
2023-07-18T18:35:27.285, ubuntu22-b, 0.004905
2023-07-18T18:35:27.491, ubuntu22-d, 0.004824
2023-07-18T18:35:27.696, ubuntu22-d, 0.004765
2023-07-18T18:35:27.902, ubuntu22-b, 0.005617
2023-07-18T18:35:28.107, ubuntu22-b, 0.004566
2023-07-18T18:35:28.312, ubuntu22-d, 0.005165
2023-07-18T18:35:28.518, ubuntu22-d, 0.005692
2023-07-18T18:35:28.723, ubuntu22-b, 0.004871
2023-07-18T18:35:28.929, ubuntu22-b, 0.004721
2023-07-18T18:35:29.134, ubuntu22-b, 0.005187
2023-07-18T18:35:29.347, ubuntu22-b, 0.012254
2023-07-18T18:35:29.559, ubuntu22-d, 0.011961
2023-07-18T18:35:29.764, ubuntu22-b, 0.005055
2023-07-18T18:35:29.970, ubuntu22-b, 0.005012
2023-07-18T18:35:30.176, ubuntu22-b, 0.006177
2023-07-18T18:35:30.382, ubuntu22-b, 0.005229
2023-07-18T18:35:30.588, ubuntu22-d, 0.005656
2023-07-18T18:35:30.793, ubuntu22-b, 0.005023
2023-07-18T18:35:30.998, ubuntu22-b, 0.004806
2023-07-18T18:35:31.204, ubuntu22-b, 0.005492
2023-07-18T18:35:31.409, ubuntu22-b, 0.004809
2023-07-18T18:35:31.615, ubuntu22-b, 0.005126
2023-07-18T18:35:31.820, ubuntu22-d, 0.005175
2023-07-18T18:35:32.026, ubuntu22-d, 0.005682
2023-07-18T18:35:32.233, ubuntu22-b, 0.006247
2023-07-18T18:35:32.438, ubuntu22-b, 0.004815
2023-07-18T18:35:32.644, ubuntu22-b, 0.005019
2023-07-18T18:35:32.849, ubuntu22-d, 0.004800
2023-07-18T18:35:33.054, ubuntu22-b, 0.004833
2023-07-18T18:35:33.259, ubuntu22-d, 0.004495
2023-07-18T18:35:33.464, ubuntu22-d, 0.004675
2023-07-18T18:35:33.669, ubuntu22-b, 0.004531
2023-07-18T18:35:33.876, ubuntu22-b, 0.006792
2023-07-18T18:35:34.080, , 
2023-07-18T18:35:34.288, ubuntu22-d, 0.008018
2023-07-18T18:35:34.494, ubuntu22-d, 0.005236
2023-07-18T18:35:34.700, ubuntu22-d, 0.005274
2023-07-18T18:35:34.905, ubuntu22-d, 0.005063
2023-07-18T18:35:35.110, ubuntu22-d, 0.004996
2023-07-18T18:35:35.316, ubuntu22-d, 0.005120
2023-07-18T18:35:35.521, ubuntu22-d, 0.005047
2023-07-18T18:35:35.726, ubuntu22-d, 0.004638
2023-07-18T18:35:35.932, ubuntu22-d, 0.004776
2023-07-18T18:35:36.137, ubuntu22-d, 0.005440
2023-07-18T18:35:36.343, ubuntu22-d, 0.005039
2023-07-18T18:35:36.548, ubuntu22-d, 0.005023
2023-07-18T18:35:36.759, ubuntu22-d, 0.010060
2023-07-18T18:35:36.964, ubuntu22-d, 0.004879
2023-07-18T18:35:37.169, ubuntu22-d, 0.005110
2023-07-18T18:35:37.375, ubuntu22-d, 0.004893
2023-07-18T18:35:37.580, ubuntu22-d, 0.004903
2023-07-18T18:35:37.786, ubuntu22-d, 0.005450
2023-07-18T18:35:37.991, ubuntu22-d, 0.004804
2023-07-18T18:35:38.197, ubuntu22-d, 0.005708
2023-07-18T18:35:38.404, ubuntu22-d, 0.006215
2023-07-18T18:35:38.612, ubuntu22-d, 0.008275
2023-07-18T18:35:38.818, ubuntu22-d, 0.005406
2023-07-18T18:35:39.023, ubuntu22-d, 0.004769
2023-07-18T18:35:39.229, ubuntu22-d, 0.005132
2023-07-18T18:35:39.434, ubuntu22-d, 0.004918
2023-07-18T18:35:39.639, ubuntu22-d, 0.004878
2023-07-18T18:35:39.845, ubuntu22-d, 0.005531
2023-07-18T18:35:40.050, ubuntu22-d, 0.004923
2023-07-18T18:35:40.259, ubuntu22-d, 0.008465
2023-07-18T18:35:40.465, ubuntu22-d, 0.004904
2023-07-18T18:35:40.670, ubuntu22-c, 0.005426
2023-07-18T18:35:40.876, ubuntu22-c, 0.004978
2023-07-18T18:35:41.085, ubuntu22-c, 0.008581
2023-07-18T18:35:41.290, ubuntu22-c, 0.004865
2023-07-18T18:35:41.495, ubuntu22-c, 0.004888
2023-07-18T18:35:41.701, ubuntu22-c, 0.004963
2023-07-18T18:35:41.907, ubuntu22-c, 0.006140
2023-07-18T18:35:42.113, ubuntu22-c, 0.005033
2023-07-18T18:35:42.318, ubuntu22-c, 0.005105
2023-07-18T18:35:42.523, ubuntu22-c, 0.004948
2023-07-18T18:35:42.729, ubuntu22-c, 0.004855
2023-07-18T18:35:42.934, ubuntu22-c, 0.004871
2023-07-18T18:35:43.139, ubuntu22-c, 0.005026
2023-07-18T18:35:43.345, ubuntu22-c, 0.004984
2023-07-18T18:35:43.550, ubuntu22-c, 0.004794
2023-07-18T18:35:43.756, ubuntu22-c, 0.005540
2023-07-18T18:35:43.961, ubuntu22-c, 0.004847
2023-07-18T18:35:44.166, ubuntu22-c, 0.004980
2023-07-18T18:35:44.372, ubuntu22-c, 0.004982
2023-07-18T18:35:44.577, ubuntu22-c, 0.004775
2023-07-18T18:35:44.782, ubuntu22-c, 0.005038
2023-07-18T18:35:44.996, ubuntu22-c, 0.013125
2023-07-18T18:35:45.201, ubuntu22-c, 0.004828
2023-07-18T18:35:45.407, ubuntu22-c, 0.006216
2023-07-18T18:35:45.612, ubuntu22-c, 0.004846
2023-07-18T18:35:45.818, ubuntu22-c, 0.004998
2023-07-18T18:35:46.023, ubuntu22-c, 0.005168
2023-07-18T18:35:46.229, ubuntu22-c, 0.005200
2023-07-18T18:35:46.436, ubuntu22-c, 0.006101
2023-07-18T18:35:46.641, ubuntu22-c, 0.005108
2023-07-18T18:35:46.847, ubuntu22-c, 0.005407
2023-07-18T18:35:47.052, ubuntu22-c, 0.005051
2023-07-18T18:35:47.257, ubuntu22-c, 0.004872
2023-07-18T18:35:47.463, ubuntu22-d, 0.005400
2023-07-18T18:35:47.668, ubuntu22-c, 0.005082
2023-07-18T18:35:47.874, ubuntu22-d, 0.004767
2023-07-18T18:35:48.079, ubuntu22-d, 0.004836
2023-07-18T18:35:48.284, ubuntu22-d, 0.004832
2023-07-18T18:35:48.490, ubuntu22-d, 0.005148
2023-07-18T18:35:48.695, ubuntu22-d, 0.005177
2023-07-18T18:35:48.904, ubuntu22-c, 0.007364
2023-07-18T18:35:49.110, ubuntu22-d, 0.005576
2023-07-18T18:35:49.315, ubuntu22-d, 0.005039
2023-07-18T18:35:49.521, ubuntu22-d, 0.004891
2023-07-18T18:35:49.727, ubuntu22-d, 0.005825
2023-07-18T18:35:49.933, ubuntu22-d, 0.005386
2023-07-18T18:35:50.141, ubuntu22-d, 0.006637
2023-07-18T18:35:50.347, ubuntu22-d, 0.005738
2023-07-18T18:35:50.552, ubuntu22-d, 0.004854
2023-07-18T18:35:50.758, ubuntu22-d, 0.005348
2023-07-18T18:35:50.963, ubuntu22-d, 0.004696
2023-07-18T18:35:51.168, ubuntu22-d, 0.004918
2023-07-18T18:35:51.374, ubuntu22-d, 0.004981
2023-07-18T18:35:51.579, ubuntu22-d, 0.004797
2023-07-18T18:35:51.784, ubuntu22-d, 0.005015
2023-07-18T18:35:52.004, ubuntu22-d, 0.019051
2023-07-18T18:35:52.209, ubuntu22-d, 0.004876
2023-07-18T18:35:52.414, ubuntu22-d, 0.004798
2023-07-18T18:35:52.620, ubuntu22-d, 0.005010
2023-07-18T18:35:52.825, ubuntu22-d, 0.005341
2023-07-18T18:35:53.031, ubuntu22-d, 0.005079
2023-07-18T18:35:53.236, ubuntu22-d, 0.004827
2023-07-18T18:35:53.441, ubuntu22-d, 0.004790
2023-07-18T18:35:53.646, ubuntu22-d, 0.004735
2023-07-18T18:35:53.851, ubuntu22-d, 0.004783
2023-07-18T18:35:54.057, ubuntu22-d, 0.004917
2023-07-18T18:35:54.262, ubuntu22-c, 0.005073
2023-07-18T18:35:54.467, ubuntu22-c, 0.004763
2023-07-18T18:35:54.673, ubuntu22-c, 0.005044
2023-07-18T18:35:54.885, ubuntu22-c, 0.011463
2023-07-18T18:35:55.090, ubuntu22-d, 0.004974
2023-07-18T18:35:55.296, ubuntu22-c, 0.005163
2023-07-18T18:35:55.503, ubuntu22-c, 0.006529
2023-07-18T18:35:55.709, ubuntu22-c, 0.005182
2023-07-18T18:35:55.915, ubuntu22-c, 0.004937
2023-07-18T18:35:56.120, ubuntu22-c, 0.004812
2023-07-18T18:35:56.326, ubuntu22-c, 0.005031
2023-07-18T18:35:56.531, ubuntu22-c, 0.004975
2023-07-18T18:35:56.741, ubuntu22-c, 0.007478
2023-07-18T18:35:56.946, ubuntu22-c, 0.004925
2023-07-18T18:35:57.151, ubuntu22-c, 0.004995
2023-07-18T18:35:57.356, ubuntu22-c, 0.004924
2023-07-18T18:35:57.562, ubuntu22-c, 0.004871
2023-07-18T18:35:57.767, ubuntu22-c, 0.004755
2023-07-18T18:35:57.972, ubuntu22-c, 0.004494
2023-07-18T18:35:58.177, ubuntu22-c, 0.004921
2023-07-18T18:35:58.383, ubuntu22-c, 0.005563
2023-07-18T18:35:58.588, ubuntu22-c, 0.004762
2023-07-18T18:35:58.793, ubuntu22-c, 0.004929
2023-07-18T18:35:58.999, ubuntu22-c, 0.005501
2023-07-18T18:35:59.205, ubuntu22-c, 0.004825
2023-07-18T18:35:59.410, ubuntu22-c, 0.004883
2023-07-18T18:35:59.615, ubuntu22-c, 0.004634
2023-07-18T18:35:59.820, ubuntu22-c, 0.004747
2023-07-18T18:36:00.025, ubuntu22-c, 0.004945
2023-07-18T18:36:00.230, ubuntu22-c, 0.004663
2023-07-18T18:36:00.435, ubuntu22-c, 0.004675
2023-07-18T18:36:00.642, ubuntu22-d, 0.005918
2023-07-18T18:36:00.847, ubuntu22-c, 0.005174
2023-07-18T18:36:01.053, ubuntu22-c, 0.005066
2023-07-18T18:36:01.258, ubuntu22-d, 0.004787
2023-07-18T18:36:01.463, ubuntu22-d, 0.004662
2023-07-18T18:36:01.676, , 
2023-07-18T18:36:01.881, ubuntu22-d, 0.005031
2023-07-18T18:36:02.100, ubuntu22-d, 0.017770
2023-07-18T18:36:02.312, ubuntu22-d, 0.011373
2023-07-18T18:36:02.518, ubuntu22-d, 0.004976
2023-07-18T18:36:02.728, ubuntu22-d, 0.010343
2023-07-18T18:36:02.937, ubuntu22-d, 0.008079
2023-07-18T18:36:03.143, ubuntu22-d, 0.005425
2023-07-18T18:36:03.348, ubuntu22-d, 0.005087
2023-07-18T18:36:03.554, ubuntu22-d, 0.005502
2023-07-18T18:36:03.759, ubuntu22-d, 0.004855
2023-07-18T18:36:03.965, ubuntu22-d, 0.004963
2023-07-18T18:36:04.170, ubuntu22-d, 0.004913
2023-07-18T18:36:04.375, ubuntu22-d, 0.004945
2023-07-18T18:36:04.580, ubuntu22-d, 0.004732
2023-07-18T18:36:04.786, ubuntu22-d, 0.004880
2023-07-18T18:36:04.991, ubuntu22-d, 0.004663
2023-07-18T18:36:05.196, ubuntu22-d, 0.005030
2023-07-18T18:36:05.401, ubuntu22-d, 0.005074
2023-07-18T18:36:05.607, ubuntu22-d, 0.005051
2023-07-18T18:36:05.813, ubuntu22-d, 0.005754
2023-07-18T18:36:06.019, ubuntu22-d, 0.005206
2023-07-18T18:36:06.225, ubuntu22-d, 0.006199
2023-07-18T18:36:06.431, ubuntu22-d, 0.004953
2023-07-18T18:36:06.639, ubuntu22-d, 0.007806
2023-07-18T18:36:06.844, ubuntu22-d, 0.005284
2023-07-18T18:36:07.050, ubuntu22-d, 0.005123
2023-07-18T18:36:07.255, ubuntu22-d, 0.005016
2023-07-18T18:36:07.460, ubuntu22-d, 0.004687
2023-07-18T18:36:07.665, ubuntu22-d, 0.004774
2023-07-18T18:36:07.871, ubuntu22-d, 0.004914
2023-07-18T18:36:08.076, ubuntu22-d, 0.005232
2023-07-18T18:36:08.283, ubuntu22-c, 0.006634
2023-07-18T18:36:08.489, ubuntu22-d, 0.004830
2023-07-18T18:36:08.694, ubuntu22-c, 0.004909
2023-07-18T18:36:08.899, ubuntu22-d, 0.004688
2023-07-18T18:36:09.104, ubuntu22-c, 0.005044
2023-07-18T18:36:09.309, ubuntu22-c, 0.004828
2023-07-18T18:36:09.515, ubuntu22-c, 0.004811
2023-07-18T18:36:09.720, , 
2023-07-18T18:36:09.926, ubuntu22-c, 0.005646
2023-07-18T18:36:10.131, ubuntu22-c, 0.005043
2023-07-18T18:36:10.337, ubuntu22-c, 0.005119
2023-07-18T18:36:10.542, ubuntu22-c, 0.005137
2023-07-18T18:36:10.747, ubuntu22-c, 0.004807
2023-07-18T18:36:10.953, ubuntu22-c, 0.005084
2023-07-18T18:36:11.159, ubuntu22-c, 0.005852
2023-07-18T18:36:11.364, ubuntu22-c, 0.004824
2023-07-18T18:36:11.570, ubuntu22-c, 0.005051
2023-07-18T18:36:11.778, ubuntu22-c, 0.008008
2023-07-18T18:36:11.984, ubuntu22-c, 0.004961
2023-07-18T18:36:12.189, ubuntu22-c, 0.004789
2023-07-18T18:36:12.394, ubuntu22-c, 0.004996
2023-07-18T18:36:12.600, ubuntu22-c, 0.004673
2023-07-18T18:36:12.814, ubuntu22-c, 0.013776
2023-07-18T18:36:13.019, ubuntu22-c, 0.004764
2023-07-18T18:36:13.224, ubuntu22-c, 0.004802
2023-07-18T18:36:13.429, ubuntu22-c, 0.004867
2023-07-18T18:36:13.634, ubuntu22-c, 0.004873
2023-07-18T18:36:13.839, ubuntu22-c, 0.004666
2023-07-18T18:36:14.044, ubuntu22-c, 0.004584
2023-07-18T18:36:14.250, ubuntu22-c, 0.004841
2023-07-18T18:36:14.454, ubuntu22-c, 0.004521
2023-07-18T18:36:14.659, ubuntu22-c, 0.004589
2023-07-18T18:36:14.864, ubuntu22-c, 0.004670
2023-07-18T18:36:15.075, ubuntu22-c, 0.010312
2023-07-18T18:36:15.280, ubuntu22-c, 0.004909
2023-07-18T18:36:15.486, ubuntu22-c, 0.004903
2023-07-18T18:36:15.692, ubuntu22-c, 0.006336
2023-07-18T18:36:15.898, ubuntu22-c, 0.005463
2023-07-18T18:36:16.113, ubuntu22-c, 0.013975
2023-07-18T18:36:16.319, ubuntu22-c, 0.005624
2023-07-18T18:36:16.524, ubuntu22-c, 0.005032
2023-07-18T18:36:16.730, ubuntu22-c, 0.005236
2023-07-18T18:36:16.935, ubuntu22-c, 0.004978
2023-07-18T18:36:17.141, ubuntu22-c, 0.005158
2023-07-18T18:36:17.346, ubuntu22-c, 0.005380
2023-07-18T18:36:17.552, ubuntu22-c, 0.005230
2023-07-18T18:36:17.757, ubuntu22-c, 0.005085
2023-07-18T18:36:17.963, ubuntu22-c, 0.005107
2023-07-18T18:36:18.175, ubuntu22-c, 0.011913
2023-07-18T18:36:18.381, ubuntu22-c, 0.005005
2023-07-18T18:36:18.586, ubuntu22-c, 0.004913
2023-07-18T18:36:18.792, ubuntu22-b, 0.005291
2023-07-18T18:36:19.000, ubuntu22-c, 0.007265
2023-07-18T18:36:19.205, ubuntu22-b, 0.004905
2023-07-18T18:36:19.412, ubuntu22-b, 0.006488
2023-07-18T18:36:19.617, ubuntu22-c, 0.005247
2023-07-18T18:36:19.822, ubuntu22-b, 0.004821
2023-07-18T18:36:20.028, ubuntu22-c, 0.004898
2023-07-18T18:36:20.236, ubuntu22-b, 0.007520
2023-07-18T18:36:20.440, , 
2023-07-18T18:36:20.646, ubuntu22-b, 0.005871
2023-07-18T18:36:20.852, ubuntu22-b, 0.004973
2023-07-18T18:36:21.057, ubuntu22-b, 0.005030
2023-07-18T18:36:21.262, ubuntu22-b, 0.004889
2023-07-18T18:36:21.474, ubuntu22-b, 0.011139
2023-07-18T18:36:21.692, ubuntu22-b, 0.017748
2023-07-18T18:36:21.900, ubuntu22-b, 0.007011
2023-07-18T18:36:22.105, ubuntu22-b, 0.004825
2023-07-18T18:36:22.311, ubuntu22-b, 0.004911
2023-07-18T18:36:22.517, ubuntu22-b, 0.005727
2023-07-18T18:36:22.723, ubuntu22-b, 0.005171
2023-07-18T18:36:22.929, ubuntu22-b, 0.005790
2023-07-18T18:36:23.134, ubuntu22-b, 0.004856
2023-07-18T18:36:23.339, ubuntu22-b, 0.004871
2023-07-18T18:36:23.549, ubuntu22-b, 0.009094
2023-07-18T18:36:23.754, ubuntu22-b, 0.004692
2023-07-18T18:36:23.959, ubuntu22-b, 0.004657
2023-07-18T18:36:24.166, ubuntu22-b, 0.006837
2023-07-18T18:36:24.372, ubuntu22-b, 0.005792
2023-07-18T18:36:24.578, ubuntu22-b, 0.006150
2023-07-18T18:36:24.784, ubuntu22-b, 0.005019
2023-07-18T18:36:24.992, ubuntu22-b, 0.007585
2023-07-18T18:36:25.198, ubuntu22-b, 0.006135
2023-07-18T18:36:25.405, ubuntu22-b, 0.005830
2023-07-18T18:36:25.610, ubuntu22-b, 0.004865
2023-07-18T18:36:25.816, ubuntu22-b, 0.005080
2023-07-18T18:36:26.022, ubuntu22-b, 0.005944
2023-07-18T18:36:26.227, ubuntu22-b, 0.004971
2023-07-18T18:36:26.436, ubuntu22-b, 0.007869
2023-07-18T18:36:26.642, ubuntu22-b, 0.005776
2023-07-18T18:36:26.847, ubuntu22-b, 0.004958
2023-07-18T18:36:27.052, ubuntu22-b, 0.004689
2023-07-18T18:36:27.257, ubuntu22-b, 0.004856
2023-07-18T18:36:27.463, ubuntu22-d, 0.005242
2023-07-18T18:36:27.668, ubuntu22-d, 0.004644
2023-07-18T18:36:27.874, ubuntu22-d, 0.005592
2023-07-18T18:36:28.081, ubuntu22-d, 0.005871
2023-07-18T18:36:28.287, ubuntu22-b, 0.006242
2023-07-18T18:36:28.494, ubuntu22-d, 0.006134
2023-07-18T18:36:28.699, ubuntu22-d, 0.004995
2023-07-18T18:36:28.904, ubuntu22-d, 0.004988
2023-07-18T18:36:29.110, ubuntu22-d, 0.005030
2023-07-18T18:36:29.315, ubuntu22-d, 0.004955
2023-07-18T18:36:29.520, ubuntu22-d, 0.004812
2023-07-18T18:36:29.726, ubuntu22-d, 0.004878
2023-07-18T18:36:29.931, ubuntu22-d, 0.004697
2023-07-18T18:36:30.136, ubuntu22-d, 0.004489
2023-07-18T18:36:30.341, ubuntu22-d, 0.004962
2023-07-18T18:36:30.547, ubuntu22-d, 0.004809
2023-07-18T18:36:30.753, ubuntu22-d, 0.005163
2023-07-18T18:36:30.958, ubuntu22-d, 0.004690
2023-07-18T18:36:31.163, ubuntu22-d, 0.004998
2023-07-18T18:36:31.369, ubuntu22-d, 0.005032
2023-07-18T18:36:31.574, ubuntu22-d, 0.004936
2023-07-18T18:36:31.779, ubuntu22-d, 0.004739
2023-07-18T18:36:31.984, ubuntu22-d, 0.004629
2023-07-18T18:36:32.192, ubuntu22-d, 0.007240
2023-07-18T18:36:32.397, ubuntu22-d, 0.005075
2023-07-18T18:36:32.603, ubuntu22-d, 0.004833
2023-07-18T18:36:32.808, ubuntu22-d, 0.004916
2023-07-18T18:36:33.013, ubuntu22-d, 0.004859
2023-07-18T18:36:33.219, ubuntu22-d, 0.004742
2023-07-18T18:36:33.424, ubuntu22-d, 0.004652
2023-07-18T18:36:33.632, ubuntu22-d, 0.007613
2023-07-18T18:36:33.837, ubuntu22-d, 0.004927
2023-07-18T18:36:34.042, ubuntu22-d, 0.004798
2023-07-18T18:36:34.248, ubuntu22-d, 0.005441
2023-07-18T18:36:34.453, ubuntu22-d, 0.004768
2023-07-18T18:36:34.659, ubuntu22-d, 0.004868
2023-07-18T18:36:34.864, ubuntu22-d, 0.004924
2023-07-18T18:36:35.069, ubuntu22-d, 0.004985
2023-07-18T18:36:35.275, ubuntu22-d, 0.004833
2023-07-18T18:36:35.480, ubuntu22-d, 0.004980
2023-07-18T18:36:35.685, ubuntu22-d, 0.004941
2023-07-18T18:36:35.890, ubuntu22-d, 0.004649
2023-07-18T18:36:36.095, ubuntu22-d, 0.004566
2023-07-18T18:36:36.300, ubuntu22-d, 0.004431
2023-07-18T18:36:36.505, ubuntu22-d, 0.004839
2023-07-18T18:36:36.710, ubuntu22-d, 0.004745
2023-07-18T18:36:36.915, ubuntu22-d, 0.004771
2023-07-18T18:36:37.122, ubuntu22-d, 0.005872
2023-07-18T18:36:37.327, ubuntu22-d, 0.004845
2023-07-18T18:36:37.532, ubuntu22-d, 0.004720
2023-07-18T18:36:37.738, ubuntu22-d, 0.005373
2023-07-18T18:36:37.944, ubuntu22-d, 0.005316
2023-07-18T18:36:38.149, ubuntu22-d, 0.005195
2023-07-18T18:36:38.355, ubuntu22-b, 0.005003
2023-07-18T18:36:38.560, ubuntu22-d, 0.004861
2023-07-18T18:36:38.765, ubuntu22-b, 0.004817
2023-07-18T18:36:38.970, ubuntu22-b, 0.004297
2023-07-18T18:36:39.175, ubuntu22-d, 0.004508
2023-07-18T18:36:39.402, ubuntu22-b, 0.026649
2023-07-18T18:36:39.606, , 
2023-07-18T18:36:39.811, ubuntu22-b, 0.005041
2023-07-18T18:36:40.021, ubuntu22-b, 0.009552
2023-07-18T18:36:40.227, ubuntu22-b, 0.004925
2023-07-18T18:36:40.432, ubuntu22-b, 0.005090
2023-07-18T18:36:40.640, ubuntu22-b, 0.007435
2023-07-18T18:36:40.856, ubuntu22-b, 0.015469
2023-07-18T18:36:41.061, ubuntu22-b, 0.004941
2023-07-18T18:36:41.266, ubuntu22-b, 0.004697
2023-07-18T18:36:41.472, ubuntu22-b, 0.005858
2023-07-18T18:36:41.677, ubuntu22-b, 0.004814
2023-07-18T18:36:41.882, ubuntu22-b, 0.004716
2023-07-18T18:36:42.089, ubuntu22-b, 0.006513
2023-07-18T18:36:42.294, ubuntu22-b, 0.004740
2023-07-18T18:36:42.500, ubuntu22-b, 0.004869
2023-07-18T18:36:42.705, ubuntu22-b, 0.004791
2023-07-18T18:36:42.910, ubuntu22-b, 0.005034
2023-07-18T18:36:43.115, ubuntu22-b, 0.004945
2023-07-18T18:36:43.321, ubuntu22-b, 0.004933
2023-07-18T18:36:43.526, ubuntu22-b, 0.005009
2023-07-18T18:36:43.732, ubuntu22-b, 0.005092
2023-07-18T18:36:43.937, ubuntu22-b, 0.004842
2023-07-18T18:36:44.142, ubuntu22-b, 0.004883
2023-07-18T18:36:44.347, ubuntu22-b, 0.004746
2023-07-18T18:36:44.552, ubuntu22-b, 0.004672
2023-07-18T18:36:44.757, ubuntu22-b, 0.004735
2023-07-18T18:36:44.962, ubuntu22-b, 0.004857
2023-07-18T18:36:45.168, ubuntu22-b, 0.005190
2023-07-18T18:36:45.373, ubuntu22-b, 0.004938
2023-07-18T18:36:45.579, ubuntu22-c, 0.005307
2023-07-18T18:36:45.784, ubuntu22-c, 0.004872
2023-07-18T18:36:45.991, ubuntu22-b, 0.006755
2023-07-18T18:36:46.196, ubuntu22-b, 0.004730
2023-07-18T18:36:46.401, ubuntu22-b, 0.004934
2023-07-18T18:36:46.612, ubuntu22-c, 0.009545
2023-07-18T18:36:46.817, ubuntu22-c, 0.004830
2023-07-18T18:36:47.022, ubuntu22-c, 0.004748
2023-07-18T18:36:47.227, ubuntu22-c, 0.004847
2023-07-18T18:36:47.434, ubuntu22-c, 0.006064
2023-07-18T18:36:47.639, ubuntu22-c, 0.004870
2023-07-18T18:36:47.845, ubuntu22-c, 0.005170
2023-07-18T18:36:48.051, ubuntu22-c, 0.005780
2023-07-18T18:36:48.256, ubuntu22-c, 0.005123
2023-07-18T18:36:48.482, ubuntu22-c, 0.025776
2023-07-18T18:36:48.687, ubuntu22-c, 0.004959
2023-07-18T18:36:48.892, ubuntu22-c, 0.004809
2023-07-18T18:36:49.098, ubuntu22-c, 0.005052
2023-07-18T18:36:49.303, ubuntu22-c, 0.004818
2023-07-18T18:36:49.508, ubuntu22-c, 0.004585
2023-07-18T18:36:49.713, ubuntu22-c, 0.004631
2023-07-18T18:36:49.918, ubuntu22-c, 0.004421
2023-07-18T18:36:50.126, ubuntu22-c, 0.008370
2023-07-18T18:36:50.332, ubuntu22-c, 0.004869
2023-07-18T18:36:50.537, ubuntu22-c, 0.005147
2023-07-18T18:36:50.742, ubuntu22-c, 0.004896
2023-07-18T18:36:50.947, ubuntu22-c, 0.004687
2023-07-18T18:36:51.152, ubuntu22-c, 0.004721
2023-07-18T18:36:51.358, ubuntu22-c, 0.004926
2023-07-18T18:36:51.563, ubuntu22-c, 0.005000
2023-07-18T18:36:51.769, ubuntu22-c, 0.005101
2023-07-18T18:36:51.974, ubuntu22-c, 0.005041
2023-07-18T18:36:52.179, ubuntu22-c, 0.004762
2023-07-18T18:36:52.384, ubuntu22-c, 0.004858
2023-07-18T18:36:52.590, ubuntu22-c, 0.004848
2023-07-18T18:36:52.795, ubuntu22-c, 0.005491
2023-07-18T18:36:53.000, ubuntu22-c, 0.004588
2023-07-18T18:36:53.206, ubuntu22-c, 0.004967
2023-07-18T18:36:53.411, ubuntu22-d, 0.005427
2023-07-18T18:36:53.617, ubuntu22-d, 0.005164
2023-07-18T18:36:53.822, ubuntu22-d, 0.004758
2023-07-18T18:36:54.027, ubuntu22-c, 0.004705
2023-07-18T18:36:54.232, ubuntu22-d, 0.005126
2023-07-18T18:36:54.438, ubuntu22-d, 0.005039
2023-07-18T18:36:54.642, , 
2023-07-18T18:36:54.847, ubuntu22-d, 0.005295
2023-07-18T18:36:55.054, ubuntu22-d, 0.005946
2023-07-18T18:36:55.262, ubuntu22-d, 0.007553
2023-07-18T18:36:55.467, ubuntu22-d, 0.004811
2023-07-18T18:36:55.672, ubuntu22-d, 0.004670
2023-07-18T18:36:55.877, ubuntu22-d, 0.004689
2023-07-18T18:36:56.083, ubuntu22-d, 0.005162
2023-07-18T18:36:56.288, ubuntu22-d, 0.004808
2023-07-18T18:36:56.493, ubuntu22-d, 0.004978
2023-07-18T18:36:56.698, ubuntu22-d, 0.004728
2023-07-18T18:36:56.904, ubuntu22-d, 0.004967
2023-07-18T18:36:57.109, ubuntu22-d, 0.005172
2023-07-18T18:36:57.315, ubuntu22-d, 0.004814
2023-07-18T18:36:57.522, ubuntu22-d, 0.007378
2023-07-18T18:36:57.728, ubuntu22-d, 0.004816
2023-07-18T18:36:57.933, ubuntu22-d, 0.004705
2023-07-18T18:36:58.138, ubuntu22-d, 0.004615
2023-07-18T18:36:58.343, ubuntu22-d, 0.004967
2023-07-18T18:36:58.548, ubuntu22-d, 0.004848
2023-07-18T18:36:58.753, ubuntu22-d, 0.004776
2023-07-18T18:36:58.959, ubuntu22-d, 0.004896
2023-07-18T18:36:59.164, ubuntu22-d, 0.004991
2023-07-18T18:36:59.370, ubuntu22-d, 0.005059
2023-07-18T18:36:59.574, ubuntu22-d, 0.004583
2023-07-18T18:36:59.783, ubuntu22-d, 0.007867
2023-07-18T18:36:59.988, ubuntu22-d, 0.004601
2023-07-18T18:37:00.194, ubuntu22-d, 0.004836
2023-07-18T18:37:00.400, ubuntu22-d, 0.006180
2023-07-18T18:37:00.605, ubuntu22-d, 0.004866
2023-07-18T18:37:00.810, ubuntu22-d, 0.004689
2023-07-18T18:37:01.016, ubuntu22-d, 0.004830
2023-07-18T18:37:01.221, ubuntu22-d, 0.004733
2023-07-18T18:37:01.426, ubuntu22-d, 0.005122
2023-07-18T18:37:01.631, ubuntu22-d, 0.004745
2023-07-18T18:37:01.836, ubuntu22-d, 0.004786
2023-07-18T18:37:02.042, ubuntu22-d, 0.004879
2023-07-18T18:37:02.247, ubuntu22-d, 0.004686
2023-07-18T18:37:02.452, ubuntu22-d, 0.004839
2023-07-18T18:37:02.657, ubuntu22-d, 0.004786
2023-07-18T18:37:02.862, ubuntu22-d, 0.004703
2023-07-18T18:37:03.067, ubuntu22-d, 0.004725
2023-07-18T18:37:03.273, ubuntu22-d, 0.005518
2023-07-18T18:37:03.478, ubuntu22-d, 0.004668
2023-07-18T18:37:03.683, ubuntu22-d, 0.004663
2023-07-18T18:37:03.888, ubuntu22-d, 0.004663
2023-07-18T18:37:04.094, ubuntu22-d, 0.005178
2023-07-18T18:37:04.299, ubuntu22-d, 0.004689
2023-07-18T18:37:04.504, ubuntu22-d, 0.005010
2023-07-18T18:37:04.710, ubuntu22-d, 0.005298
2023-07-18T18:37:04.916, ubuntu22-d, 0.005446
2023-07-18T18:37:05.121, ubuntu22-d, 0.004923
2023-07-18T18:37:05.326, ubuntu22-d, 0.004674
2023-07-18T18:37:05.532, ubuntu22-b, 0.005042
2023-07-18T18:37:05.737, ubuntu22-b, 0.004884
2023-07-18T18:37:05.942, ubuntu22-d, 0.004807
2023-07-18T18:37:06.147, ubuntu22-d, 0.004870
2023-07-18T18:37:06.353, ubuntu22-b, 0.005401
2023-07-18T18:37:06.572, ubuntu22-b, 0.017816
2023-07-18T18:37:06.778, ubuntu22-b, 0.006135
2023-07-18T18:37:06.984, ubuntu22-d, 0.004993
2023-07-18T18:37:07.206, , 
2023-07-18T18:37:07.411, ubuntu22-b, 0.004949
2023-07-18T18:37:07.617, ubuntu22-b, 0.005040
2023-07-18T18:37:07.855, ubuntu22-b, 0.037919
2023-07-18T18:37:08.096, ubuntu22-b, 0.040698
2023-07-18T18:37:08.308, ubuntu22-b, 0.011626
2023-07-18T18:37:08.516, ubuntu22-b, 0.008067
2023-07-18T18:37:08.726, ubuntu22-b, 0.009020
2023-07-18T18:37:08.932, ubuntu22-b, 0.005386
2023-07-18T18:37:09.137, ubuntu22-b, 0.005310
2023-07-18T18:37:09.344, ubuntu22-b, 0.005997
2023-07-18T18:37:09.551, ubuntu22-b, 0.007177
2023-07-18T18:37:09.757, ubuntu22-b, 0.005564
2023-07-18T18:37:09.963, ubuntu22-b, 0.005197
2023-07-18T18:37:10.169, ubuntu22-b, 0.005342
2023-07-18T18:37:10.375, ubuntu22-b, 0.005528
2023-07-18T18:37:10.580, ubuntu22-b, 0.005131
2023-07-18T18:37:10.785, ubuntu22-b, 0.004857
2023-07-18T18:37:10.991, ubuntu22-b, 0.004777
2023-07-18T18:37:11.196, ubuntu22-b, 0.005150
2023-07-18T18:37:11.402, ubuntu22-b, 0.005237
2023-07-18T18:37:11.607, ubuntu22-b, 0.004826
2023-07-18T18:37:11.812, ubuntu22-b, 0.004903
2023-07-18T18:37:12.018, ubuntu22-b, 0.005589
2023-07-18T18:37:12.224, ubuntu22-b, 0.005555
2023-07-18T18:37:12.429, ubuntu22-b, 0.005217
2023-07-18T18:37:12.635, ubuntu22-b, 0.004816
2023-07-18T18:37:12.840, ubuntu22-b, 0.005015
2023-07-18T18:37:13.045, ubuntu22-b, 0.004895
2023-07-18T18:37:13.252, ubuntu22-b, 0.005953
2023-07-18T18:37:13.457, ubuntu22-b, 0.005142
2023-07-18T18:37:13.663, ubuntu22-b, 0.005047
2023-07-18T18:37:13.868, ubuntu22-b, 0.005129
2023-07-18T18:37:14.074, ubuntu22-b, 0.005327
2023-07-18T18:37:14.280, ubuntu22-b, 0.005181
2023-07-18T18:37:14.486, ubuntu22-c, 0.006041
2023-07-18T18:37:14.692, ubuntu22-c, 0.005311
2023-07-18T18:37:14.898, ubuntu22-b, 0.005379
2023-07-18T18:37:15.103, ubuntu22-b, 0.005343
2023-07-18T18:37:15.310, ubuntu22-b, 0.005675
2023-07-18T18:37:15.517, ubuntu22-c, 0.007362
2023-07-18T18:37:15.723, ubuntu22-c, 0.004901
2023-07-18T18:37:15.928, ubuntu22-c, 0.005080
2023-07-18T18:37:16.134, ubuntu22-c, 0.005274
2023-07-18T18:37:16.340, ubuntu22-c, 0.005247
2023-07-18T18:37:16.545, ubuntu22-c, 0.005381
2023-07-18T18:37:16.751, ubuntu22-c, 0.005753
2023-07-18T18:37:16.957, ubuntu22-c, 0.005437
2023-07-18T18:37:17.164, ubuntu22-c, 0.005828
2023-07-18T18:37:17.369, ubuntu22-c, 0.004936
2023-07-18T18:37:17.575, ubuntu22-c, 0.005311
2023-07-18T18:37:17.780, ubuntu22-c, 0.005064
2023-07-18T18:37:17.986, ubuntu22-c, 0.005458
2023-07-18T18:37:18.192, ubuntu22-c, 0.005208
2023-07-18T18:37:18.397, ubuntu22-c, 0.005209
2023-07-18T18:37:18.603, ubuntu22-c, 0.005129
2023-07-18T18:37:18.808, ubuntu22-c, 0.005359
2023-07-18T18:37:19.015, ubuntu22-c, 0.005805
2023-07-18T18:37:19.220, ubuntu22-c, 0.005339
2023-07-18T18:37:19.427, ubuntu22-c, 0.005346
2023-07-18T18:37:19.633, ubuntu22-c, 0.005689
2023-07-18T18:37:19.838, ubuntu22-c, 0.005112
2023-07-18T18:37:20.044, ubuntu22-c, 0.005047
2023-07-18T18:37:20.250, ubuntu22-c, 0.005373
2023-07-18T18:37:20.455, ubuntu22-c, 0.005000
2023-07-18T18:37:20.661, ubuntu22-c, 0.005151
2023-07-18T18:37:20.866, ubuntu22-c, 0.005301
2023-07-18T18:37:21.072, ubuntu22-c, 0.005177
2023-07-18T18:37:21.278, ubuntu22-c, 0.004945
2023-07-18T18:37:21.483, ubuntu22-c, 0.005086
2023-07-18T18:37:21.689, ubuntu22-c, 0.005158
2023-07-18T18:37:21.894, ubuntu22-c, 0.005331
2023-07-18T18:37:22.100, ubuntu22-c, 0.005125
2023-07-18T18:37:22.306, ubuntu22-c, 0.005219
2023-07-18T18:37:22.511, ubuntu22-c, 0.005178
2023-07-18T18:37:22.717, ubuntu22-c, 0.005303
2023-07-18T18:37:22.922, ubuntu22-c, 0.005369
2023-07-18T18:37:23.128, ubuntu22-c, 0.005307
2023-07-18T18:37:23.334, ubuntu22-c, 0.005177
2023-07-18T18:37:23.539, ubuntu22-c, 0.005071
2023-07-18T18:37:23.745, ubuntu22-c, 0.005195
2023-07-18T18:37:23.950, ubuntu22-c, 0.005283
2023-07-18T18:37:24.156, ubuntu22-c, 0.005162
2023-07-18T18:37:24.362, ubuntu22-c, 0.005255
2023-07-18T18:37:24.567, ubuntu22-c, 0.005194
2023-07-18T18:37:24.773, ubuntu22-c, 0.005671
2023-07-18T18:37:24.979, ubuntu22-c, 0.005520
2023-07-18T18:37:25.185, ubuntu22-c, 0.005007
2023-07-18T18:37:25.390, ubuntu22-c, 0.005073
2023-07-18T18:37:25.596, ubuntu22-c, 0.005090
2023-07-18T18:37:25.802, ubuntu22-c, 0.004947
2023-07-18T18:37:26.007, ubuntu22-c, 0.004816
2023-07-18T18:37:26.212, ubuntu22-c, 0.004783
2023-07-18T18:37:26.418, ubuntu22-c, 0.004851
2023-07-18T18:37:26.623, ubuntu22-c, 0.004765
2023-07-18T18:37:26.828, ubuntu22-c, 0.004946
2023-07-18T18:37:27.034, ubuntu22-c, 0.005102
2023-07-18T18:37:27.239, ubuntu22-c, 0.005033
2023-07-18T18:37:27.444, ubuntu22-c, 0.004892
2023-07-18T18:37:27.649, ubuntu22-c, 0.004767
2023-07-18T18:37:27.855, ubuntu22-c, 0.004916
2023-07-18T18:37:28.060, ubuntu22-c, 0.005132
2023-07-18T18:37:28.266, ubuntu22-c, 0.004950
2023-07-18T18:37:28.472, ubuntu22-c, 0.005821
2023-07-18T18:37:28.677, ubuntu22-c, 0.004919
2023-07-18T18:37:28.882, ubuntu22-c, 0.004861
2023-07-18T18:37:29.090, ubuntu22-c, 0.006700
2023-07-18T18:37:29.295, ubuntu22-c, 0.005013
2023-07-18T18:37:29.500, ubuntu22-c, 0.005069
2023-07-18T18:37:29.706, ubuntu22-c, 0.004755
2023-07-18T18:37:29.911, ubuntu22-c, 0.004709
2023-07-18T18:37:30.116, ubuntu22-c, 0.005095
2023-07-18T18:37:30.321, ubuntu22-c, 0.004924
2023-07-18T18:37:30.527, ubuntu22-c, 0.005105
2023-07-18T18:37:30.732, ubuntu22-c, 0.004798
2023-07-18T18:37:30.938, ubuntu22-c, 0.005789
2023-07-18T18:37:31.144, ubuntu22-c, 0.005021
2023-07-18T18:37:31.349, ubuntu22-c, 0.004919
2023-07-18T18:37:31.554, ubuntu22-c, 0.004889
2023-07-18T18:37:31.760, ubuntu22-c, 0.005103
2023-07-18T18:37:31.965, ubuntu22-c, 0.004877
2023-07-18T18:37:32.170, ubuntu22-c, 0.004751
2023-07-18T18:37:32.375, ubuntu22-c, 0.004807
2023-07-18T18:37:32.581, ubuntu22-c, 0.004795
2023-07-18T18:37:32.785, ubuntu22-c, 0.004534
2023-07-18T18:37:32.991, ubuntu22-c, 0.004876
2023-07-18T18:37:33.196, ubuntu22-c, 0.004594
2023-07-18T18:37:33.401, ubuntu22-c, 0.004617
2023-07-18T18:37:33.606, ubuntu22-c, 0.004655
2023-07-18T18:37:33.811, ubuntu22-c, 0.004521
2023-07-18T18:37:34.016, ubuntu22-c, 0.004790
2023-07-18T18:37:34.221, ubuntu22-c, 0.004594
2023-07-18T18:37:34.426, ubuntu22-c, 0.004999
2023-07-18T18:37:34.632, ubuntu22-c, 0.005522
2023-07-18T18:37:34.838, ubuntu22-c, 0.005569
2023-07-18T18:37:35.050, ubuntu22-c, 0.011857
2023-07-18T18:37:35.256, ubuntu22-c, 0.005384
2023-07-18T18:37:35.462, ubuntu22-c, 0.005043
2023-07-18T18:37:35.667, ubuntu22-c, 0.004896
2023-07-18T18:37:35.872, ubuntu22-c, 0.005037
2023-07-18T18:37:36.078, ubuntu22-c, 0.005110
2023-07-18T18:37:36.285, ubuntu22-c, 0.006302
2023-07-18T18:37:36.490, ubuntu22-c, 0.005155
2023-07-18T18:37:36.696, ubuntu22-c, 0.005286
2023-07-18T18:37:36.901, ubuntu22-c, 0.005206
2023-07-18T18:37:37.107, ubuntu22-c, 0.005320
2023-07-18T18:37:37.313, ubuntu22-c, 0.005165
2023-07-18T18:37:37.519, ubuntu22-c, 0.005122
2023-07-18T18:37:37.728, ubuntu22-c, 0.009413
2023-07-18T18:37:37.934, ubuntu22-c, 0.005306
2023-07-18T18:37:38.139, ubuntu22-c, 0.004998
2023-07-18T18:37:38.355, ubuntu22-c, 0.015537
2023-07-18T18:37:38.587, ubuntu22-c, 0.031616
2023-07-18T18:37:38.795, ubuntu22-c, 0.007399
2023-07-18T18:37:39.023, ubuntu22-c, 0.027870
2023-07-18T18:37:39.230, ubuntu22-c, 0.006004
2023-07-18T18:37:39.436, ubuntu22-c, 0.005199
2023-07-18T18:37:39.641, ubuntu22-c, 0.005197
2023-07-18T18:37:39.867, ubuntu22-c, 0.025034
2023-07-18T18:37:40.074, ubuntu22-c, 0.007198
2023-07-18T18:37:40.281, ubuntu22-c, 0.006545
2023-07-18T18:37:40.488, ubuntu22-c, 0.006409
2023-07-18T18:37:40.694, ubuntu22-c, 0.005116
2023-07-18T18:37:40.900, ubuntu22-c, 0.005559
2023-07-18T18:37:41.105, ubuntu22-c, 0.005231
2023-07-18T18:37:41.312, ubuntu22-c, 0.006329
2023-07-18T18:37:41.523, ubuntu22-c, 0.010365
2023-07-18T18:37:41.728, ubuntu22-c, 0.005160
2023-07-18T18:37:41.934, ubuntu22-c, 0.005214
2023-07-18T18:37:42.140, ubuntu22-c, 0.005086
2023-07-18T18:37:42.345, ubuntu22-c, 0.005149
2023-07-18T18:37:42.551, ubuntu22-c, 0.005057
2023-07-18T18:37:42.756, ubuntu22-c, 0.005217
2023-07-18T18:37:42.962, ubuntu22-c, 0.005791
2023-07-18T18:37:43.168, ubuntu22-c, 0.005867
2023-07-18T18:37:43.374, ubuntu22-c, 0.005120
2023-07-18T18:37:43.579, ubuntu22-c, 0.004775
2023-07-18T18:37:43.785, ubuntu22-c, 0.005144
2023-07-18T18:37:43.990, ubuntu22-c, 0.005145
2023-07-18T18:37:44.196, ubuntu22-c, 0.005516
2023-07-18T18:37:44.402, ubuntu22-c, 0.005453
2023-07-18T18:37:44.607, ubuntu22-c, 0.005055
2023-07-18T18:37:44.813, ubuntu22-c, 0.005246
2023-07-18T18:37:45.018, ubuntu22-c, 0.004992
2023-07-18T18:37:45.224, ubuntu22-c, 0.005343
2023-07-18T18:37:45.430, ubuntu22-c, 0.005800
2023-07-18T18:37:45.636, ubuntu22-c, 0.005459
2023-07-18T18:37:45.842, ubuntu22-c, 0.005069
2023-07-18T18:37:46.047, ubuntu22-c, 0.005005
2023-07-18T18:37:46.252, ubuntu22-c, 0.005162
2023-07-18T18:37:46.458, ubuntu22-c, 0.005105
2023-07-18T18:37:46.664, ubuntu22-c, 0.005159
2023-07-18T18:37:46.869, ubuntu22-c, 0.005115
2023-07-18T18:37:47.087, , 
2023-07-18T18:37:47.296, ubuntu22-c, 0.008331
2023-07-18T18:37:47.524, ubuntu22-c, 0.027569
2023-07-18T18:37:47.729, ubuntu22-c, 0.005185
2023-07-18T18:37:47.935, ubuntu22-c, 0.005172
2023-07-18T18:37:48.141, ubuntu22-c, 0.005181
2023-07-18T18:37:48.346, ubuntu22-c, 0.005277
2023-07-18T18:37:48.552, ubuntu22-c, 0.005342
2023-07-18T18:37:48.758, ubuntu22-c, 0.005301
2023-07-18T18:37:48.966, ubuntu22-c, 0.008133
2023-07-18T18:37:49.172, ubuntu22-c, 0.005031
2023-07-18T18:37:49.377, ubuntu22-c, 0.005179
2023-07-18T18:37:49.582, ubuntu22-c, 0.005095
2023-07-18T18:37:49.788, ubuntu22-c, 0.005108
2023-07-18T18:37:49.993, ubuntu22-c, 0.005149
2023-07-18T18:37:50.199, ubuntu22-c, 0.005272
2023-07-18T18:37:50.404, ubuntu22-c, 0.005023
2023-07-18T18:37:50.610, ubuntu22-c, 0.005327
2023-07-18T18:37:50.816, ubuntu22-c, 0.005082
2023-07-18T18:37:51.021, ubuntu22-c, 0.005027
2023-07-18T18:37:51.227, ubuntu22-c, 0.005146
2023-07-18T18:37:51.432, ubuntu22-c, 0.005131
2023-07-18T18:37:51.638, ubuntu22-c, 0.005405
2023-07-18T18:37:51.844, ubuntu22-c, 0.005320
2023-07-18T18:37:52.049, ubuntu22-c, 0.005060
2023-07-18T18:37:52.255, ubuntu22-c, 0.004951
2023-07-18T18:37:52.460, ubuntu22-c, 0.004883
2023-07-18T18:37:52.666, ubuntu22-c, 0.005538
2023-07-18T18:37:52.871, ubuntu22-c, 0.005124
2023-07-18T18:37:53.077, ubuntu22-c, 0.005128
2023-07-18T18:37:53.282, ubuntu22-c, 0.005079
2023-07-18T18:37:53.488, ubuntu22-c, 0.005301
2023-07-18T18:37:53.694, ubuntu22-c, 0.005271
2023-07-18T18:37:53.899, ubuntu22-c, 0.005095
2023-07-18T18:37:54.105, ubuntu22-c, 0.005144
2023-07-18T18:37:54.310, ubuntu22-c, 0.004822
2023-07-18T18:37:54.516, ubuntu22-c, 0.005133
2023-07-18T18:37:54.721, ubuntu22-c, 0.004762
2023-07-18T18:37:54.926, ubuntu22-c, 0.004959
2023-07-18T18:37:55.131, ubuntu22-c, 0.004972
2023-07-18T18:37:55.336, ubuntu22-c, 0.004742
2023-07-18T18:37:55.541, ubuntu22-c, 0.004707
2023-07-18T18:37:55.746, ubuntu22-c, 0.004551
2023-07-18T18:37:55.952, ubuntu22-c, 0.004904
2023-07-18T18:37:56.157, ubuntu22-c, 0.004704
2023-07-18T18:37:56.362, ubuntu22-c, 0.004650
2023-07-18T18:37:56.569, ubuntu22-c, 0.007083
2023-07-18T18:37:56.777, ubuntu22-c, 0.007130
2023-07-18T18:37:56.987, ubuntu22-c, 0.008996
2023-07-18T18:37:57.192, ubuntu22-c, 0.004695
2023-07-18T18:37:57.397, ubuntu22-c, 0.004916
2023-07-18T18:37:57.602, ubuntu22-c, 0.004642
2023-07-18T18:37:57.807, ubuntu22-c, 0.004426
2023-07-18T18:37:58.012, ubuntu22-c, 0.004547
2023-07-18T18:37:58.217, ubuntu22-c, 0.004701
2023-07-18T18:37:58.427, ubuntu22-c, 0.009602
2023-07-18T18:37:58.633, ubuntu22-c, 0.005152
2023-07-18T18:37:58.838, ubuntu22-c, 0.004857
2023-07-18T18:37:59.047, ubuntu22-c, 0.008952
2023-07-18T18:37:59.252, ubuntu22-c, 0.004767
2023-07-18T18:37:59.457, ubuntu22-c, 0.004721
2023-07-18T18:37:59.665, ubuntu22-c, 0.007496
2023-07-18T18:37:59.871, ubuntu22-c, 0.004720
2023-07-18T18:38:00.076, ubuntu22-c, 0.004721
2023-07-18T18:38:00.281, ubuntu22-c, 0.004865
2023-07-18T18:38:00.497, ubuntu22-c, 0.015232
2023-07-18T18:38:00.702, ubuntu22-c, 0.005183
2023-07-18T18:38:00.908, ubuntu22-c, 0.004978
2023-07-18T18:38:01.113, ubuntu22-c, 0.005465
2023-07-18T18:38:01.319, ubuntu22-c, 0.005267
2023-07-18T18:38:01.525, ubuntu22-c, 0.005299
2023-07-18T18:38:01.730, ubuntu22-c, 0.005159
2023-07-18T18:38:01.943, ubuntu22-c, 0.012519
2023-07-18T18:38:02.149, ubuntu22-c, 0.005365
2023-07-18T18:38:02.355, ubuntu22-c, 0.005402
2023-07-18T18:38:02.561, ubuntu22-c, 0.005408
2023-07-18T18:38:02.766, ubuntu22-c, 0.005352
2023-07-18T18:38:02.972, ubuntu22-c, 0.005235
2023-07-18T18:38:03.178, ubuntu22-c, 0.005247
2023-07-18T18:38:03.383, ubuntu22-c, 0.005096
2023-07-18T18:38:03.589, ubuntu22-c, 0.005673
2023-07-18T18:38:03.795, ubuntu22-c, 0.004947
2023-07-18T18:38:04.000, ubuntu22-c, 0.005018
2023-07-18T18:38:04.205, ubuntu22-c, 0.004914
2023-07-18T18:38:04.411, ubuntu22-c, 0.005086
2023-07-18T18:38:04.616, ubuntu22-c, 0.004969
2023-07-18T18:38:04.822, ubuntu22-c, 0.005109
2023-07-18T18:38:05.029, ubuntu22-c, 0.007009
2023-07-18T18:38:05.235, ubuntu22-c, 0.005173
2023-07-18T18:38:05.440, ubuntu22-c, 0.005345
2023-07-18T18:38:05.646, ubuntu22-c, 0.005167
2023-07-18T18:38:05.852, ubuntu22-c, 0.005423
2023-07-18T18:38:06.058, ubuntu22-c, 0.005249
2023-07-18T18:38:06.263, ubuntu22-c, 0.005385
2023-07-18T18:38:06.469, ubuntu22-c, 0.005340
2023-07-18T18:38:06.675, ubuntu22-c, 0.005457
2023-07-18T18:38:06.882, ubuntu22-c, 0.005810
2023-07-18T18:38:07.088, ubuntu22-c, 0.005998
2023-07-18T18:38:07.294, ubuntu22-c, 0.005495
2023-07-18T18:38:07.500, ubuntu22-c, 0.005240
2023-07-18T18:38:07.705, ubuntu22-c, 0.005145
2023-07-18T18:38:07.911, ubuntu22-c, 0.004966
2023-07-18T18:38:08.117, ubuntu22-c, 0.005831
2023-07-18T18:38:08.322, ubuntu22-c, 0.005108
2023-07-18T18:38:08.528, ubuntu22-c, 0.005137
2023-07-18T18:38:08.733, ubuntu22-c, 0.005211
2023-07-18T18:38:08.939, ubuntu22-c, 0.005187
2023-07-18T18:38:09.145, ubuntu22-b, 0.005729
2023-07-18T18:38:09.352, ubuntu22-b, 0.006037
2023-07-18T18:38:09.564, ubuntu22-b, 0.011673
2023-07-18T18:38:09.769, ubuntu22-c, 0.005258
2023-07-18T18:38:09.975, ubuntu22-b, 0.005024
2023-07-18T18:38:10.180, ubuntu22-b, 0.004983
2023-07-18T18:38:10.386, ubuntu22-c, 0.005451
2023-07-18T18:38:10.604, ubuntu22-b, 0.014372
2023-07-18T18:38:10.810, ubuntu22-b, 0.005953
2023-07-18T18:38:11.017, ubuntu22-b, 0.006577
2023-07-18T18:38:11.223, ubuntu22-d, 0.005188
2023-07-18T18:38:11.428, ubuntu22-b, 0.004887
2023-07-18T18:38:11.633, ubuntu22-b, 0.004665
2023-07-18T18:38:11.839, ubuntu22-c, 0.004777
2023-07-18T18:38:12.044, ubuntu22-b, 0.004751
2023-07-18T18:38:12.249, ubuntu22-b, 0.004560
2023-07-18T18:38:12.456, ubuntu22-d, 0.006257
2023-07-18T18:38:12.660, , 
2023-07-18T18:38:12.865, ubuntu22-d, 0.005167
2023-07-18T18:38:13.070, ubuntu22-d, 0.004791
2023-07-18T18:38:13.276, ubuntu22-d, 0.005814
2023-07-18T18:38:13.482, ubuntu22-d, 0.004928
2023-07-18T18:38:13.687, ubuntu22-d, 0.004923
2023-07-18T18:38:13.893, ubuntu22-d, 0.005318
2023-07-18T18:38:14.098, ubuntu22-d, 0.004975
2023-07-18T18:38:14.303, ubuntu22-d, 0.004896
2023-07-18T18:38:14.508, ubuntu22-d, 0.004678
2023-07-18T18:38:14.713, ubuntu22-d, 0.004720
2023-07-18T18:38:14.919, ubuntu22-d, 0.004797
2023-07-18T18:38:15.127, ubuntu22-d, 0.007885
2023-07-18T18:38:15.332, ubuntu22-d, 0.004769
2023-07-18T18:38:15.538, ubuntu22-d, 0.004955
2023-07-18T18:38:15.743, ubuntu22-d, 0.004819
2023-07-18T18:38:15.948, ubuntu22-d, 0.005064
2023-07-18T18:38:16.154, ubuntu22-d, 0.004987
2023-07-18T18:38:16.359, ubuntu22-d, 0.004999
2023-07-18T18:38:16.564, ubuntu22-d, 0.004835
2023-07-18T18:38:16.771, ubuntu22-d, 0.006545
2023-07-18T18:38:16.989, ubuntu22-d, 0.015731
2023-07-18T18:38:17.194, ubuntu22-d, 0.005050
2023-07-18T18:38:17.400, ubuntu22-d, 0.005140
2023-07-18T18:38:17.605, ubuntu22-d, 0.005050
2023-07-18T18:38:17.811, ubuntu22-d, 0.004996
2023-07-18T18:38:18.016, ubuntu22-d, 0.004610
2023-07-18T18:38:18.221, ubuntu22-d, 0.005452
2023-07-18T18:38:18.428, ubuntu22-d, 0.005830
2023-07-18T18:38:18.633, ubuntu22-d, 0.004719
2023-07-18T18:38:18.838, ubuntu22-d, 0.004609
2023-07-18T18:38:19.044, ubuntu22-d, 0.004987
2023-07-18T18:38:19.249, ubuntu22-d, 0.005002
2023-07-18T18:38:19.455, ubuntu22-d, 0.005053
2023-07-18T18:38:19.660, ubuntu22-d, 0.004769
2023-07-18T18:38:19.865, ubuntu22-d, 0.005004
2023-07-18T18:38:20.070, ubuntu22-d, 0.004688
2023-07-18T18:38:20.276, ubuntu22-d, 0.005180
2023-07-18T18:38:20.482, ubuntu22-d, 0.005489
2023-07-18T18:38:20.687, ubuntu22-d, 0.004897
2023-07-18T18:38:20.893, ubuntu22-d, 0.005244
2023-07-18T18:38:21.098, ubuntu22-d, 0.005090
2023-07-18T18:38:21.303, ubuntu22-d, 0.004878
2023-07-18T18:38:21.509, ubuntu22-b, 0.005146
2023-07-18T18:38:21.715, ubuntu22-b, 0.006302
2023-07-18T18:38:21.921, ubuntu22-d, 0.005110
2023-07-18T18:38:22.126, ubuntu22-d, 0.004965
2023-07-18T18:38:22.332, ubuntu22-b, 0.005247
2023-07-18T18:38:22.536, , 
2023-07-18T18:38:22.743, ubuntu22-b, 0.006460
2023-07-18T18:38:22.952, ubuntu22-b, 0.008658
2023-07-18T18:38:23.164, ubuntu22-b, 0.011294
2023-07-18T18:38:23.376, ubuntu22-b, 0.011906
2023-07-18T18:38:23.587, ubuntu22-b, 0.010580
2023-07-18T18:38:23.792, ubuntu22-b, 0.004911
2023-07-18T18:38:23.998, ubuntu22-b, 0.005284
2023-07-18T18:38:24.203, ubuntu22-b, 0.004676
2023-07-18T18:38:24.408, ubuntu22-b, 0.004763
2023-07-18T18:38:24.613, ubuntu22-b, 0.004466
2023-07-18T18:38:24.820, ubuntu22-b, 0.006415
2023-07-18T18:38:25.027, ubuntu22-b, 0.006660
2023-07-18T18:38:25.232, ubuntu22-b, 0.004653
2023-07-18T18:38:25.437, ubuntu22-b, 0.004737
2023-07-18T18:38:25.643, ubuntu22-b, 0.005092
2023-07-18T18:38:25.852, ubuntu22-b, 0.008333
2023-07-18T18:38:26.057, ubuntu22-b, 0.004782
2023-07-18T18:38:26.262, ubuntu22-b, 0.004764
2023-07-18T18:38:26.467, ubuntu22-b, 0.004967
2023-07-18T18:38:26.673, ubuntu22-b, 0.005354
2023-07-18T18:38:26.880, ubuntu22-b, 0.006595
2023-07-18T18:38:27.086, ubuntu22-b, 0.005607
2023-07-18T18:38:27.293, ubuntu22-b, 0.006204
2023-07-18T18:38:27.498, ubuntu22-b, 0.005074
2023-07-18T18:38:27.732, ubuntu22-b, 0.033368
2023-07-18T18:38:27.938, ubuntu22-b, 0.005900
2023-07-18T18:38:28.144, ubuntu22-b, 0.005322
2023-07-18T18:38:28.349, ubuntu22-b, 0.004729
2023-07-18T18:38:28.555, ubuntu22-b, 0.005231
2023-07-18T18:38:28.761, ubuntu22-b, 0.005386
2023-07-18T18:38:28.967, ubuntu22-d, 0.005591
2023-07-18T18:38:29.172, ubuntu22-b, 0.005011
2023-07-18T18:38:29.378, ubuntu22-d, 0.005264
2023-07-18T18:38:29.583, ubuntu22-d, 0.005024
2023-07-18T18:38:29.789, ubuntu22-d, 0.005462
2023-07-18T18:38:29.995, ubuntu22-b, 0.005631
2023-07-18T18:38:30.218, ubuntu22-d, 0.022100
2023-07-18T18:38:30.423, ubuntu22-d, 0.004815
2023-07-18T18:38:30.628, ubuntu22-d, 0.004853
2023-07-18T18:38:30.835, ubuntu22-d, 0.005611
2023-07-18T18:38:31.040, ubuntu22-d, 0.005077
2023-07-18T18:38:31.246, ubuntu22-d, 0.005726
2023-07-18T18:38:31.451, ubuntu22-d, 0.004691
2023-07-18T18:38:31.658, ubuntu22-d, 0.006095
2023-07-18T18:38:31.863, ubuntu22-d, 0.004935
2023-07-18T18:38:32.068, ubuntu22-d, 0.004960
2023-07-18T18:38:32.274, ubuntu22-d, 0.005077
2023-07-18T18:38:32.481, ubuntu22-d, 0.007155
2023-07-18T18:38:32.686, ubuntu22-d, 0.004665
2023-07-18T18:38:32.892, ubuntu22-d, 0.004827
2023-07-18T18:38:33.097, ubuntu22-d, 0.005239
2023-07-18T18:38:33.303, ubuntu22-d, 0.005160
2023-07-18T18:38:33.508, ubuntu22-d, 0.005038
2023-07-18T18:38:33.716, ubuntu22-d, 0.007176
2023-07-18T18:38:33.921, ubuntu22-d, 0.005421
2023-07-18T18:38:34.127, ubuntu22-d, 0.005768
2023-07-18T18:38:34.333, ubuntu22-d, 0.005568
2023-07-18T18:38:34.544, ubuntu22-d, 0.010285
2023-07-18T18:38:34.750, ubuntu22-d, 0.005179
2023-07-18T18:38:34.956, ubuntu22-d, 0.005303
2023-07-18T18:38:35.161, ubuntu22-d, 0.005122
2023-07-18T18:38:35.367, ubuntu22-d, 0.005382
2023-07-18T18:38:35.573, ubuntu22-c, 0.005818
2023-07-18T18:38:35.779, ubuntu22-c, 0.005233
2023-07-18T18:38:35.984, ubuntu22-d, 0.005137
2023-07-18T18:38:36.190, ubuntu22-d, 0.005350
2023-07-18T18:38:36.396, ubuntu22-d, 0.005793
2023-07-18T18:38:36.602, ubuntu22-c, 0.005358
2023-07-18T18:38:36.809, ubuntu22-c, 0.006050
2023-07-18T18:38:37.014, , 
2023-07-18T18:38:37.222, ubuntu22-c, 0.007387
2023-07-18T18:38:37.427, ubuntu22-c, 0.004884
2023-07-18T18:38:37.635, ubuntu22-c, 0.007616
2023-07-18T18:38:37.841, ubuntu22-c, 0.005242
2023-07-18T18:38:38.046, ubuntu22-c, 0.004756
2023-07-18T18:38:38.251, ubuntu22-c, 0.004875
2023-07-18T18:38:38.457, ubuntu22-c, 0.005679
2023-07-18T18:38:38.662, ubuntu22-c, 0.004672
2023-07-18T18:38:38.871, ubuntu22-c, 0.007908
2023-07-18T18:38:39.076, ubuntu22-c, 0.004870
2023-07-18T18:38:39.281, ubuntu22-c, 0.005031
2023-07-18T18:38:39.487, ubuntu22-c, 0.005155
2023-07-18T18:38:39.694, ubuntu22-c, 0.006660
2023-07-18T18:38:39.899, ubuntu22-c, 0.005082
2023-07-18T18:38:40.104, ubuntu22-c, 0.004931
2023-07-18T18:38:40.310, ubuntu22-c, 0.005053
2023-07-18T18:38:40.515, ubuntu22-c, 0.004893
2023-07-18T18:38:40.720, ubuntu22-c, 0.004791
2023-07-18T18:38:40.925, ubuntu22-c, 0.004875
2023-07-18T18:38:41.131, ubuntu22-c, 0.004894
2023-07-18T18:38:41.336, ubuntu22-c, 0.004778
2023-07-18T18:38:41.541, ubuntu22-c, 0.004994
2023-07-18T18:38:41.747, ubuntu22-c, 0.005406
2023-07-18T18:38:41.952, ubuntu22-c, 0.004807
2023-07-18T18:38:42.157, ubuntu22-c, 0.004889
2023-07-18T18:38:42.363, ubuntu22-c, 0.005255
2023-07-18T18:38:42.569, ubuntu22-c, 0.004920
2023-07-18T18:38:42.774, ubuntu22-c, 0.005235
2023-07-18T18:38:42.980, ubuntu22-c, 0.005172
2023-07-18T18:38:43.185, ubuntu22-c, 0.005225
2023-07-18T18:38:43.394, ubuntu22-c, 0.007982
2023-07-18T18:38:43.599, ubuntu22-c, 0.005016
2023-07-18T18:38:43.807, ubuntu22-c, 0.007642
2023-07-18T18:38:44.013, ubuntu22-c, 0.005020
2023-07-18T18:38:44.218, ubuntu22-c, 0.005208
2023-07-18T18:38:44.424, ubuntu22-c, 0.004859
2023-07-18T18:38:44.629, ubuntu22-c, 0.005289
2023-07-18T18:38:44.835, ubuntu22-c, 0.005449
2023-07-18T18:38:45.040, ubuntu22-c, 0.004855
2023-07-18T18:38:45.246, ubuntu22-c, 0.004756
2023-07-18T18:38:45.454, ubuntu22-c, 0.008115
2023-07-18T18:38:45.660, ubuntu22-c, 0.005144
2023-07-18T18:38:45.866, ubuntu22-b, 0.005189
2023-07-18T18:38:46.071, ubuntu22-c, 0.004652
2023-07-18T18:38:46.276, ubuntu22-c, 0.004728
2023-07-18T18:38:46.483, ubuntu22-b, 0.006952
2023-07-18T18:38:46.689, ubuntu22-b, 0.005508
2023-07-18T18:38:46.896, ubuntu22-b, 0.006004
2023-07-18T18:38:47.104, ubuntu22-b, 0.008380
2023-07-18T18:38:47.317, ubuntu22-b, 0.011922
2023-07-18T18:38:47.526, ubuntu22-b, 0.009521
2023-07-18T18:38:47.738, ubuntu22-b, 0.011185
2023-07-18T18:38:47.944, ubuntu22-b, 0.005590
2023-07-18T18:38:48.149, ubuntu22-b, 0.004734
2023-07-18T18:38:48.356, ubuntu22-b, 0.006125
2023-07-18T18:38:48.561, ubuntu22-b, 0.004781
2023-07-18T18:38:48.766, ubuntu22-b, 0.004563
2023-07-18T18:38:48.975, ubuntu22-b, 0.009449
2023-07-18T18:38:49.181, ubuntu22-b, 0.005777
2023-07-18T18:38:49.388, ubuntu22-b, 0.005804
2023-07-18T18:38:49.594, ubuntu22-b, 0.006253
2023-07-18T18:38:49.802, ubuntu22-b, 0.007296
2023-07-18T18:38:50.008, ubuntu22-b, 0.005026
2023-07-18T18:38:50.213, ubuntu22-b, 0.004618
2023-07-18T18:38:50.418, ubuntu22-b, 0.004956
2023-07-18T18:38:50.623, ubuntu22-b, 0.004861
2023-07-18T18:38:50.829, ubuntu22-b, 0.004986
2023-07-18T18:38:51.034, ubuntu22-b, 0.004744
2023-07-18T18:38:51.240, ubuntu22-b, 0.005905
2023-07-18T18:38:51.446, ubuntu22-b, 0.005946
2023-07-18T18:38:51.653, ubuntu22-b, 0.005670
2023-07-18T18:38:51.862, ubuntu22-b, 0.008705
2023-07-18T18:38:52.067, ubuntu22-b, 0.004790
2023-07-18T18:38:52.272, ubuntu22-b, 0.004751
2023-07-18T18:38:52.477, ubuntu22-b, 0.004699
2023-07-18T18:38:52.685, ubuntu22-b, 0.007308
2023-07-18T18:38:52.891, ubuntu22-b, 0.005145
2023-07-18T18:38:53.097, ubuntu22-d, 0.005573
2023-07-18T18:38:53.302, ubuntu22-d, 0.004977
2023-07-18T18:38:53.509, ubuntu22-b, 0.006848
2023-07-18T18:38:53.714, ubuntu22-b, 0.004674
2023-07-18T18:38:53.919, ubuntu22-b, 0.004711
2023-07-18T18:38:54.124, ubuntu22-b, 0.004606
2023-07-18T18:38:54.330, ubuntu22-d, 0.005407
2023-07-18T18:38:54.535, ubuntu22-d, 0.004927
2023-07-18T18:38:54.739, , 
2023-07-18T18:38:54.945, ubuntu22-d, 0.005364
2023-07-18T18:38:55.150, ubuntu22-d, 0.004674
2023-07-18T18:38:55.356, ubuntu22-d, 0.005002
2023-07-18T18:38:55.561, ubuntu22-d, 0.005291
2023-07-18T18:38:55.767, ubuntu22-d, 0.005120
2023-07-18T18:38:55.972, ubuntu22-d, 0.004863
2023-07-18T18:38:56.180, ubuntu22-d, 0.008143
2023-07-18T18:38:56.386, ubuntu22-d, 0.005111
2023-07-18T18:38:56.591, ubuntu22-d, 0.004842
2023-07-18T18:38:56.796, ubuntu22-d, 0.004692
2023-07-18T18:38:57.006, ubuntu22-d, 0.009411
2023-07-18T18:38:57.211, ubuntu22-d, 0.004762
2023-07-18T18:38:57.416, ubuntu22-d, 0.004784
2023-07-18T18:38:57.622, ubuntu22-d, 0.004829
2023-07-18T18:38:57.827, ubuntu22-d, 0.005095
2023-07-18T18:38:58.032, ubuntu22-d, 0.004966
2023-07-18T18:38:58.238, ubuntu22-d, 0.004972
2023-07-18T18:38:58.443, ubuntu22-d, 0.004976
2023-07-18T18:38:58.648, ubuntu22-d, 0.004771
2023-07-18T18:38:58.854, ubuntu22-d, 0.004922
2023-07-18T18:38:59.059, ubuntu22-d, 0.004971
2023-07-18T18:38:59.265, ubuntu22-d, 0.005202
2023-07-18T18:38:59.470, ubuntu22-d, 0.004929
2023-07-18T18:38:59.675, ubuntu22-d, 0.004756
2023-07-18T18:38:59.880, ubuntu22-d, 0.004965
2023-07-18T18:39:00.086, ubuntu22-d, 0.004918
2023-07-18T18:39:00.291, ubuntu22-d, 0.004710
2023-07-18T18:39:00.496, ubuntu22-d, 0.004973
2023-07-18T18:39:00.702, ubuntu22-d, 0.004983
2023-07-18T18:39:00.907, ubuntu22-d, 0.005141
2023-07-18T18:39:01.113, ubuntu22-d, 0.005154
2023-07-18T18:39:01.318, ubuntu22-d, 0.004952
2023-07-18T18:39:01.524, ubuntu22-d, 0.005414
2023-07-18T18:39:01.729, ubuntu22-d, 0.005210
2023-07-18T18:39:01.935, ubuntu22-d, 0.005256
2023-07-18T18:39:02.140, ubuntu22-d, 0.004940
2023-07-18T18:39:02.346, ubuntu22-d, 0.005412
2023-07-18T18:39:02.551, ubuntu22-d, 0.005048
2023-07-18T18:39:02.757, ubuntu22-d, 0.005045
2023-07-18T18:39:02.962, ubuntu22-d, 0.004967
2023-07-18T18:39:03.170, ubuntu22-d, 0.007848
2023-07-18T18:39:03.376, ubuntu22-d, 0.005271
2023-07-18T18:39:03.581, ubuntu22-d, 0.004931
2023-07-18T18:39:03.787, ubuntu22-d, 0.005381
2023-07-18T18:39:03.992, ubuntu22-d, 0.005067
2023-07-18T18:39:04.198, ubuntu22-d, 0.005162
2023-07-18T18:39:04.403, ubuntu22-d, 0.005003
2023-07-18T18:39:04.609, ubuntu22-d, 0.005121
2023-07-18T18:39:04.814, ubuntu22-d, 0.004899
2023-07-18T18:39:05.020, ubuntu22-d, 0.005914
2023-07-18T18:39:05.226, ubuntu22-d, 0.005005
2023-07-18T18:39:05.431, ubuntu22-d, 0.005026
2023-07-18T18:39:05.636, ubuntu22-d, 0.004974
2023-07-18T18:39:05.842, ubuntu22-d, 0.004950
2023-07-18T18:39:06.047, ubuntu22-d, 0.004770
2023-07-18T18:39:06.252, ubuntu22-d, 0.005207
2023-07-18T18:39:06.458, ubuntu22-d, 0.005054
2023-07-18T18:39:06.663, ubuntu22-d, 0.004868
2023-07-18T18:39:06.869, ubuntu22-d, 0.005218
2023-07-18T18:39:07.075, ubuntu22-d, 0.005614
2023-07-18T18:39:07.283, ubuntu22-d, 0.007330
2023-07-18T18:39:07.488, ubuntu22-d, 0.005351
2023-07-18T18:39:07.694, ubuntu22-d, 0.005732
2023-07-18T18:39:07.900, ubuntu22-d, 0.005374
2023-07-18T18:39:08.106, ubuntu22-d, 0.005195
2023-07-18T18:39:08.312, ubuntu22-d, 0.005078
2023-07-18T18:39:08.517, ubuntu22-d, 0.005368
2023-07-18T18:39:08.723, ubuntu22-d, 0.005291
2023-07-18T18:39:08.929, ubuntu22-d, 0.005209
2023-07-18T18:39:09.134, ubuntu22-d, 0.004937
2023-07-18T18:39:09.340, ubuntu22-d, 0.005447
2023-07-18T18:39:09.545, ubuntu22-d, 0.005228
2023-07-18T18:39:09.751, ubuntu22-b, 0.005477
2023-07-18T18:39:09.957, ubuntu22-d, 0.005414
2023-07-18T18:39:10.163, ubuntu22-b, 0.004963
2023-07-18T18:39:10.368, ubuntu22-b, 0.004690
2023-07-18T18:39:10.578, ubuntu22-d, 0.009823
2023-07-18T18:39:10.784, ubuntu22-b, 0.005535
2023-07-18T18:39:11.003, ubuntu22-b, 0.018418
2023-07-18T18:39:11.209, ubuntu22-b, 0.006086
2023-07-18T18:39:11.432, ubuntu22-b, 0.022302
2023-07-18T18:39:11.695, ubuntu22-b, 0.062959
2023-07-18T18:39:11.901, ubuntu22-b, 0.005873
2023-07-18T18:39:12.106, ubuntu22-b, 0.004711
2023-07-18T18:39:12.311, ubuntu22-b, 0.004473
2023-07-18T18:39:12.516, ubuntu22-b, 0.004986
2023-07-18T18:39:12.722, ubuntu22-b, 0.004774
2023-07-18T18:39:12.927, ubuntu22-b, 0.004681
2023-07-18T18:39:13.132, ubuntu22-b, 0.004762
2023-07-18T18:39:13.337, ubuntu22-b, 0.004961
2023-07-18T18:39:13.543, ubuntu22-b, 0.005020
2023-07-18T18:39:13.755, ubuntu22-b, 0.011388
2023-07-18T18:39:13.960, ubuntu22-b, 0.004947
2023-07-18T18:39:14.166, ubuntu22-b, 0.005256
2023-07-18T18:39:14.371, ubuntu22-b, 0.005072
2023-07-18T18:39:14.577, ubuntu22-b, 0.005084
2023-07-18T18:39:14.782, ubuntu22-b, 0.004885
2023-07-18T18:39:14.987, ubuntu22-b, 0.005023
2023-07-18T18:39:15.193, ubuntu22-b, 0.005181
2023-07-18T18:39:15.398, ubuntu22-b, 0.005071
2023-07-18T18:39:15.603, ubuntu22-b, 0.004914
2023-07-18T18:39:15.809, ubuntu22-b, 0.004935
2023-07-18T18:39:16.015, ubuntu22-d, 0.005877
2023-07-18T18:39:16.221, ubuntu22-d, 0.005969
2023-07-18T18:39:16.427, ubuntu22-d, 0.005510
2023-07-18T18:39:16.633, ubuntu22-d, 0.005184
2023-07-18T18:39:16.838, ubuntu22-b, 0.005366
2023-07-18T18:39:17.044, ubuntu22-b, 0.005147
2023-07-18T18:39:17.250, ubuntu22-b, 0.005347
2023-07-18T18:39:17.455, ubuntu22-d, 0.005275
2023-07-18T18:39:17.661, ubuntu22-d, 0.005466
2023-07-18T18:39:17.867, ubuntu22-d, 0.005198
2023-07-18T18:39:18.072, ubuntu22-d, 0.005163
2023-07-18T18:39:18.278, ubuntu22-d, 0.005304
2023-07-18T18:39:18.486, ubuntu22-d, 0.007101
2023-07-18T18:39:18.691, ubuntu22-d, 0.005361
2023-07-18T18:39:18.897, ubuntu22-d, 0.005389
2023-07-18T18:39:19.103, ubuntu22-d, 0.005483
2023-07-18T18:39:19.309, ubuntu22-d, 0.005173
2023-07-18T18:39:19.515, ubuntu22-d, 0.006062
2023-07-18T18:39:19.720, ubuntu22-d, 0.004828
2023-07-18T18:39:19.926, ubuntu22-d, 0.004954
2023-07-18T18:39:20.132, ubuntu22-d, 0.005831
2023-07-18T18:39:20.341, ubuntu22-d, 0.008132
2023-07-18T18:39:20.546, ubuntu22-d, 0.005054
2023-07-18T18:39:20.753, ubuntu22-d, 0.006276
2023-07-18T18:39:20.959, ubuntu22-d, 0.005308
2023-07-18T18:39:21.165, ubuntu22-d, 0.006011
2023-07-18T18:39:21.370, ubuntu22-d, 0.004834
2023-07-18T18:39:21.576, ubuntu22-d, 0.005139
2023-07-18T18:39:21.781, ubuntu22-d, 0.004733
2023-07-18T18:39:21.987, ubuntu22-d, 0.004927
2023-07-18T18:39:22.192, ubuntu22-d, 0.004925
2023-07-18T18:39:22.397, ubuntu22-d, 0.005109
2023-07-18T18:39:22.611, ubuntu22-d, 0.009512
2023-07-18T18:39:22.816, ubuntu22-d, 0.005177
2023-07-18T18:39:23.022, ubuntu22-d, 0.005360
2023-07-18T18:39:23.228, ubuntu22-d, 0.005666
2023-07-18T18:39:23.434, ubuntu22-d, 0.005342
2023-07-18T18:39:23.639, ubuntu22-d, 0.005118
2023-07-18T18:39:23.845, ubuntu22-d, 0.005354
2023-07-18T18:39:24.050, ubuntu22-d, 0.004969
2023-07-18T18:39:24.256, ubuntu22-c, 0.005153
2023-07-18T18:39:24.461, ubuntu22-d, 0.004876
2023-07-18T18:39:24.666, ubuntu22-c, 0.004894
2023-07-18T18:39:24.875, ubuntu22-d, 0.007929
2023-07-18T18:39:25.081, ubuntu22-d, 0.005529
2023-07-18T18:39:25.286, ubuntu22-d, 0.005008
2023-07-18T18:39:25.491, ubuntu22-c, 0.004769
2023-07-18T18:39:25.697, ubuntu22-c, 0.005194
2023-07-18T18:39:25.902, ubuntu22-c, 0.004580
2023-07-18T18:39:26.107, ubuntu22-c, 0.004793
2023-07-18T18:39:26.312, ubuntu22-c, 0.004944
2023-07-18T18:39:26.517, ubuntu22-c, 0.004921
2023-07-18T18:39:26.723, ubuntu22-c, 0.005311
2023-07-18T18:39:26.928, ubuntu22-c, 0.004952
2023-07-18T18:39:27.134, ubuntu22-c, 0.005940
2023-07-18T18:39:27.340, ubuntu22-c, 0.004822
2023-07-18T18:39:27.546, ubuntu22-c, 0.005751
2023-07-18T18:39:27.751, ubuntu22-c, 0.004906
2023-07-18T18:39:27.956, ubuntu22-c, 0.004808
2023-07-18T18:39:28.161, ubuntu22-c, 0.004743
2023-07-18T18:39:28.366, ubuntu22-c, 0.004630
2023-07-18T18:39:28.571, ubuntu22-c, 0.004749
2023-07-18T18:39:28.777, ubuntu22-c, 0.005105
2023-07-18T18:39:28.983, ubuntu22-c, 0.005436
2023-07-18T18:39:29.188, ubuntu22-c, 0.004785
2023-07-18T18:39:29.394, ubuntu22-c, 0.005578
2023-07-18T18:39:29.599, ubuntu22-c, 0.005104
2023-07-18T18:39:29.805, ubuntu22-c, 0.005178
2023-07-18T18:39:30.011, ubuntu22-c, 0.006018
2023-07-18T18:39:30.217, ubuntu22-c, 0.004800
2023-07-18T18:39:30.422, ubuntu22-c, 0.004948
2023-07-18T18:39:30.627, ubuntu22-c, 0.005233
2023-07-18T18:39:30.832, ubuntu22-c, 0.004706
2023-07-18T18:39:31.039, ubuntu22-d, 0.006015
2023-07-18T18:39:31.244, ubuntu22-c, 0.004676
2023-07-18T18:39:31.450, ubuntu22-d, 0.005517
2023-07-18T18:39:31.656, ubuntu22-c, 0.005595
2023-07-18T18:39:31.861, ubuntu22-c, 0.005214
2023-07-18T18:39:32.071, ubuntu22-d, 0.009165
2023-07-18T18:39:32.276, ubuntu22-c, 0.005111
2023-07-18T18:39:32.482, ubuntu22-d, 0.005040
2023-07-18T18:39:32.687, ubuntu22-c, 0.004917
2023-07-18T18:39:32.893, ubuntu22-d, 0.005183
2023-07-18T18:39:33.100, ubuntu22-d, 0.006564
2023-07-18T18:39:33.306, ubuntu22-d, 0.005877
2023-07-18T18:39:33.512, ubuntu22-d, 0.005221
2023-07-18T18:39:33.717, ubuntu22-d, 0.005198
2023-07-18T18:39:33.922, ubuntu22-d, 0.004861
2023-07-18T18:39:34.128, ubuntu22-d, 0.004840
2023-07-18T18:39:34.333, ubuntu22-d, 0.004936
2023-07-18T18:39:34.538, ubuntu22-d, 0.004715
2023-07-18T18:39:34.743, ubuntu22-d, 0.004925
2023-07-18T18:39:34.949, ubuntu22-d, 0.004933
2023-07-18T18:39:35.154, ubuntu22-d, 0.005180
2023-07-18T18:39:35.359, ubuntu22-d, 0.004963
2023-07-18T18:39:35.568, ubuntu22-d, 0.007622
2023-07-18T18:39:35.773, ubuntu22-d, 0.005197
2023-07-18T18:39:35.979, ubuntu22-d, 0.005395
2023-07-18T18:39:36.184, ubuntu22-d, 0.005071
2023-07-18T18:39:36.390, ubuntu22-d, 0.005099
2023-07-18T18:39:36.595, ubuntu22-d, 0.004844
2023-07-18T18:39:36.801, ubuntu22-d, 0.005258
2023-07-18T18:39:37.006, ubuntu22-d, 0.005161
2023-07-18T18:39:37.211, ubuntu22-d, 0.004905
2023-07-18T18:39:37.417, ubuntu22-d, 0.004797
2023-07-18T18:39:37.622, ubuntu22-d, 0.005224
2023-07-18T18:39:37.828, ubuntu22-c, 0.005646
2023-07-18T18:39:38.035, ubuntu22-d, 0.006301
2023-07-18T18:39:38.240, ubuntu22-c, 0.004948
2023-07-18T18:39:38.446, ubuntu22-d, 0.005248
2023-07-18T18:39:38.651, ubuntu22-d, 0.004935
2023-07-18T18:39:38.857, ubuntu22-c, 0.005227
2023-07-18T18:39:39.064, ubuntu22-c, 0.006368
2023-07-18T18:39:39.269, ubuntu22-d, 0.005004
2023-07-18T18:39:39.475, ubuntu22-c, 0.005046
2023-07-18T18:39:39.680, ubuntu22-c, 0.005060
2023-07-18T18:39:39.886, ubuntu22-c, 0.005082
2023-07-18T18:39:40.091, ubuntu22-c, 0.005025
2023-07-18T18:39:40.297, ubuntu22-c, 0.005812
2023-07-18T18:39:40.503, ubuntu22-c, 0.005818
2023-07-18T18:39:40.709, ubuntu22-c, 0.005487
2023-07-18T18:39:40.915, ubuntu22-c, 0.005151
2023-07-18T18:39:41.120, ubuntu22-c, 0.005203
2023-07-18T18:39:41.325, ubuntu22-c, 0.004797
2023-07-18T18:39:41.531, ubuntu22-c, 0.005156
2023-07-18T18:39:41.736, ubuntu22-c, 0.004939
2023-07-18T18:39:41.945, ubuntu22-c, 0.007751
2023-07-18T18:39:42.150, ubuntu22-c, 0.005024
2023-07-18T18:39:42.356, ubuntu22-c, 0.005055
2023-07-18T18:39:42.561, ubuntu22-c, 0.005324
2023-07-18T18:39:42.766, ubuntu22-c, 0.004875
2023-07-18T18:39:42.972, ubuntu22-c, 0.004868
2023-07-18T18:39:43.177, ubuntu22-c, 0.004871
2023-07-18T18:39:43.382, ubuntu22-c, 0.004947
2023-07-18T18:39:43.588, ubuntu22-c, 0.005057
2023-07-18T18:39:43.793, ubuntu22-c, 0.005078
2023-07-18T18:39:44.000, ubuntu22-c, 0.006976
2023-07-18T18:39:44.206, ubuntu22-c, 0.004846
2023-07-18T18:39:44.411, ubuntu22-c, 0.004738
2023-07-18T18:39:44.616, ubuntu22-c, 0.004727
2023-07-18T18:39:44.821, ubuntu22-c, 0.004783
2023-07-18T18:39:45.043, ubuntu22-c, 0.021154
2023-07-18T18:39:45.248, ubuntu22-d, 0.005126
2023-07-18T18:39:45.454, ubuntu22-d, 0.005193
2023-07-18T18:39:45.659, ubuntu22-c, 0.004977
2023-07-18T18:39:45.864, ubuntu22-c, 0.004936
2023-07-18T18:39:46.070, ubuntu22-c, 0.004900
2023-07-18T18:39:46.275, ubuntu22-d, 0.004926
2023-07-18T18:39:46.480, ubuntu22-d, 0.004871
2023-07-18T18:39:46.686, ubuntu22-d, 0.005444
2023-07-18T18:39:46.892, ubuntu22-d, 0.005422
2023-07-18T18:39:47.099, ubuntu22-d, 0.006232
2023-07-18T18:39:47.304, ubuntu22-d, 0.005149
2023-07-18T18:39:47.509, ubuntu22-d, 0.004951
2023-07-18T18:39:47.714, ubuntu22-d, 0.004791
2023-07-18T18:39:47.921, ubuntu22-d, 0.005986
2023-07-18T18:39:48.126, ubuntu22-d, 0.005053
2023-07-18T18:39:48.332, ubuntu22-d, 0.005045
2023-07-18T18:39:48.537, ubuntu22-d, 0.004945
2023-07-18T18:39:48.742, ubuntu22-d, 0.005089
2023-07-18T18:39:48.948, ubuntu22-d, 0.005036
2023-07-18T18:39:49.153, ubuntu22-d, 0.005240
2023-07-18T18:39:49.360, ubuntu22-d, 0.006646
2023-07-18T18:39:49.566, ubuntu22-d, 0.004982
2023-07-18T18:39:49.771, ubuntu22-d, 0.005027
2023-07-18T18:39:49.977, ubuntu22-d, 0.005025
2023-07-18T18:39:50.182, ubuntu22-d, 0.005209
2023-07-18T18:39:50.389, ubuntu22-d, 0.006755
2023-07-18T18:39:50.595, ubuntu22-d, 0.005431
2023-07-18T18:39:50.803, ubuntu22-d, 0.007773
2023-07-18T18:39:51.009, ubuntu22-d, 0.005325
2023-07-18T18:39:51.215, ubuntu22-d, 0.005032
2023-07-18T18:39:51.420, ubuntu22-d, 0.005159
2023-07-18T18:39:51.626, ubuntu22-d, 0.005041
2023-07-18T18:39:51.831, ubuntu22-d, 0.004922
2023-07-18T18:39:52.037, ubuntu22-d, 0.005787
2023-07-18T18:39:52.243, ubuntu22-d, 0.005372
2023-07-18T18:39:52.449, ubuntu22-d, 0.006045
2023-07-18T18:39:52.655, ubuntu22-d, 0.005279
2023-07-18T18:39:52.861, ubuntu22-d, 0.005304
2023-07-18T18:39:53.066, ubuntu22-d, 0.004769
2023-07-18T18:39:53.271, ubuntu22-d, 0.004627
2023-07-18T18:39:53.476, ubuntu22-d, 0.004815
2023-07-18T18:39:53.681, ubuntu22-d, 0.004999
2023-07-18T18:39:53.887, ubuntu22-d, 0.005084
2023-07-18T18:39:54.092, ubuntu22-d, 0.004877
2023-07-18T18:39:54.297, ubuntu22-d, 0.004667
2023-07-18T18:39:54.502, ubuntu22-d, 0.004726
2023-07-18T18:39:54.707, ubuntu22-d, 0.004756
2023-07-18T18:39:54.912, ubuntu22-d, 0.004734
2023-07-18T18:39:55.118, ubuntu22-d, 0.004841
2023-07-18T18:39:55.323, ubuntu22-d, 0.004866
2023-07-18T18:39:55.528, ubuntu22-d, 0.004685
2023-07-18T18:39:55.733, ubuntu22-d, 0.004795
2023-07-18T18:39:55.941, ubuntu22-d, 0.007456
2023-07-18T18:39:56.146, ubuntu22-d, 0.004848
2023-07-18T18:39:56.352, ubuntu22-d, 0.004725
2023-07-18T18:39:56.557, ubuntu22-d, 0.004844
2023-07-18T18:39:56.763, ubuntu22-b, 0.005491
2023-07-18T18:39:56.968, ubuntu22-b, 0.004979
2023-07-18T18:39:57.173, ubuntu22-b, 0.004935
2023-07-18T18:39:57.378, ubuntu22-d, 0.004782
2023-07-18T18:39:57.584, ubuntu22-b, 0.005036
2023-07-18T18:39:57.790, ubuntu22-b, 0.006085
2023-07-18T18:39:57.996, ubuntu22-b, 0.005146
2023-07-18T18:39:58.212, ubuntu22-b, 0.015773
2023-07-18T18:39:58.440, ubuntu22-b, 0.027684
2023-07-18T18:39:58.648, ubuntu22-b, 0.007492
2023-07-18T18:39:58.859, ubuntu22-b, 0.011595
2023-07-18T18:39:59.068, ubuntu22-b, 0.007493
2023-07-18T18:39:59.274, ubuntu22-b, 0.006441
2023-07-18T18:39:59.483, ubuntu22-b, 0.008294
2023-07-18T18:39:59.689, ubuntu22-b, 0.005614
2023-07-18T18:39:59.895, ubuntu22-b, 0.005610
2023-07-18T18:40:00.101, ubuntu22-b, 0.005609
2023-07-18T18:40:00.307, ubuntu22-b, 0.005006
2023-07-18T18:40:00.512, ubuntu22-b, 0.004744
2023-07-18T18:40:00.717, ubuntu22-b, 0.004864
2023-07-18T18:40:00.922, ubuntu22-b, 0.005335
2023-07-18T18:40:01.128, ubuntu22-b, 0.005545
2023-07-18T18:40:01.334, ubuntu22-b, 0.005002
2023-07-18T18:40:01.539, ubuntu22-b, 0.005022
2023-07-18T18:40:01.744, ubuntu22-b, 0.004949
2023-07-18T18:40:01.951, ubuntu22-b, 0.006092
2023-07-18T18:40:02.156, ubuntu22-b, 0.004911
2023-07-18T18:40:02.364, ubuntu22-b, 0.007819
2023-07-18T18:40:02.570, ubuntu22-b, 0.005008
2023-07-18T18:40:02.775, ubuntu22-b, 0.005271
2023-07-18T18:40:02.981, ubuntu22-b, 0.005051
2023-07-18T18:40:03.186, ubuntu22-b, 0.004933
2023-07-18T18:40:03.391, ubuntu22-b, 0.004918
2023-07-18T18:40:03.597, ubuntu22-b, 0.005169
2023-07-18T18:40:03.802, ubuntu22-b, 0.005217
2023-07-18T18:40:04.008, ubuntu22-c, 0.005497
2023-07-18T18:40:04.214, ubuntu22-c, 0.005054
2023-07-18T18:40:04.419, ubuntu22-c, 0.005056
2023-07-18T18:40:04.624, ubuntu22-b, 0.004871
2023-07-18T18:40:04.829, ubuntu22-c, 0.004919
2023-07-18T18:40:05.035, ubuntu22-b, 0.005068
2023-07-18T18:40:05.240, ubuntu22-b, 0.004812
2023-07-18T18:40:05.446, ubuntu22-b, 0.005295
2023-07-18T18:40:05.651, ubuntu22-b, 0.004977
2023-07-18T18:40:05.868, , 
2023-07-18T18:40:06.078, ubuntu22-c, 0.009350
2023-07-18T18:40:06.283, ubuntu22-c, 0.005046
2023-07-18T18:40:06.489, ubuntu22-c, 0.005407
2023-07-18T18:40:06.701, ubuntu22-c, 0.011429
2023-07-18T18:40:06.906, ubuntu22-c, 0.004966
2023-07-18T18:40:07.113, ubuntu22-c, 0.006033
2023-07-18T18:40:07.318, ubuntu22-c, 0.004996
2023-07-18T18:40:07.523, ubuntu22-c, 0.004866
2023-07-18T18:40:07.730, ubuntu22-c, 0.005913
2023-07-18T18:40:07.935, ubuntu22-c, 0.004840
2023-07-18T18:40:08.140, ubuntu22-c, 0.004972
2023-07-18T18:40:08.348, ubuntu22-c, 0.007492
2023-07-18T18:40:08.554, ubuntu22-c, 0.005746
2023-07-18T18:40:08.760, ubuntu22-c, 0.005244
2023-07-18T18:40:08.966, ubuntu22-c, 0.005020
2023-07-18T18:40:09.171, ubuntu22-c, 0.005101
2023-07-18T18:40:09.377, ubuntu22-c, 0.005040
2023-07-18T18:40:09.582, ubuntu22-c, 0.005121
2023-07-18T18:40:09.788, ubuntu22-c, 0.005102
2023-07-18T18:40:09.993, ubuntu22-c, 0.005171
2023-07-18T18:40:10.198, ubuntu22-c, 0.004895
2023-07-18T18:40:10.404, ubuntu22-c, 0.005077
2023-07-18T18:40:10.609, ubuntu22-c, 0.005056
2023-07-18T18:40:10.814, ubuntu22-c, 0.004981
2023-07-18T18:40:11.020, ubuntu22-c, 0.005068
2023-07-18T18:40:11.225, ubuntu22-c, 0.005156
2023-07-18T18:40:11.431, ubuntu22-d, 0.005937
2023-07-18T18:40:11.639, ubuntu22-c, 0.007165
2023-07-18T18:40:11.845, ubuntu22-c, 0.005829
2023-07-18T18:40:12.051, ubuntu22-d, 0.005066
2023-07-18T18:40:12.256, ubuntu22-c, 0.005098
2023-07-18T18:40:12.461, ubuntu22-d, 0.004875
2023-07-18T18:40:12.669, ubuntu22-d, 0.007296
2023-07-18T18:40:12.874, ubuntu22-d, 0.004828
2023-07-18T18:40:13.080, ubuntu22-d, 0.005017
2023-07-18T18:40:13.286, ubuntu22-d, 0.005258
2023-07-18T18:40:13.491, ubuntu22-d, 0.004811
2023-07-18T18:40:13.697, ubuntu22-d, 0.005319
2023-07-18T18:40:13.902, ubuntu22-d, 0.005429
2023-07-18T18:40:14.108, ubuntu22-d, 0.004869
2023-07-18T18:40:14.314, ubuntu22-d, 0.005763
2023-07-18T18:40:14.519, ubuntu22-d, 0.005286
2023-07-18T18:40:14.725, ubuntu22-d, 0.005420
2023-07-18T18:40:14.931, ubuntu22-d, 0.005589
2023-07-18T18:40:15.137, ubuntu22-d, 0.005387
2023-07-18T18:40:15.342, ubuntu22-d, 0.005034
2023-07-18T18:40:15.548, ubuntu22-d, 0.004816
2023-07-18T18:40:15.753, ubuntu22-d, 0.005200
2023-07-18T18:40:15.959, ubuntu22-d, 0.005289
2023-07-18T18:40:16.167, ubuntu22-d, 0.007363
2023-07-18T18:40:16.373, ubuntu22-d, 0.005611
2023-07-18T18:40:16.578, ubuntu22-d, 0.005588
2023-07-18T18:40:16.784, ubuntu22-d, 0.005422
2023-07-18T18:40:16.990, ubuntu22-d, 0.005381
2023-07-18T18:40:17.200, ubuntu22-d, 0.009989
2023-07-18T18:40:17.405, ubuntu22-d, 0.005010
2023-07-18T18:40:17.611, ubuntu22-d, 0.004984
2023-07-18T18:40:17.816, ubuntu22-d, 0.005138
2023-07-18T18:40:18.022, ubuntu22-d, 0.005389
2023-07-18T18:40:18.227, ubuntu22-d, 0.005038
2023-07-18T18:40:18.433, ubuntu22-d, 0.005418
2023-07-18T18:40:18.639, ubuntu22-d, 0.004924
2023-07-18T18:40:18.844, ubuntu22-d, 0.005299
2023-07-18T18:40:19.050, ubuntu22-d, 0.005095
2023-07-18T18:40:19.259, ubuntu22-d, 0.008976
2023-07-18T18:40:19.465, ubuntu22-d, 0.005700
2023-07-18T18:40:19.671, ubuntu22-d, 0.005356
2023-07-18T18:40:19.877, ubuntu22-d, 0.006009
2023-07-18T18:40:20.083, ubuntu22-d, 0.005229
2023-07-18T18:40:20.292, ubuntu22-d, 0.008029
2023-07-18T18:40:20.498, ubuntu22-d, 0.005552
2023-07-18T18:40:20.703, ubuntu22-d, 0.005199
2023-07-18T18:40:20.910, ubuntu22-d, 0.006868
2023-07-18T18:40:21.116, ubuntu22-d, 0.005649
2023-07-18T18:40:21.323, ubuntu22-b, 0.005479
2023-07-18T18:40:21.528, ubuntu22-d, 0.005304
2023-07-18T18:40:21.734, ubuntu22-b, 0.005426
2023-07-18T18:40:21.940, ubuntu22-d, 0.005375
2023-07-18T18:40:22.145, ubuntu22-b, 0.005265
2023-07-18T18:40:22.351, ubuntu22-b, 0.005290
2023-07-18T18:40:22.557, ubuntu22-d, 0.005293
2023-07-18T18:40:22.762, ubuntu22-d, 0.005110
2023-07-18T18:40:22.968, ubuntu22-b, 0.005815
2023-07-18T18:40:23.174, ubuntu22-b, 0.005289
2023-07-18T18:40:23.389, ubuntu22-b, 0.009731
2023-07-18T18:40:23.595, ubuntu22-b, 0.005183
2023-07-18T18:40:23.804, ubuntu22-b, 0.008970
2023-07-18T18:40:24.010, ubuntu22-b, 0.005215
2023-07-18T18:40:24.216, ubuntu22-b, 0.005221
2023-07-18T18:40:24.421, ubuntu22-b, 0.005227
2023-07-18T18:40:24.627, ubuntu22-b, 0.005065
2023-07-18T18:40:24.832, ubuntu22-b, 0.004901
2023-07-18T18:40:25.040, ubuntu22-b, 0.007760
2023-07-18T18:40:25.247, ubuntu22-b, 0.005704
2023-07-18T18:40:25.452, ubuntu22-b, 0.005246
2023-07-18T18:40:25.658, ubuntu22-b, 0.005126
2023-07-18T18:40:25.864, ubuntu22-b, 0.005694
2023-07-18T18:40:26.070, ubuntu22-b, 0.005353
2023-07-18T18:40:26.275, ubuntu22-b, 0.005187
2023-07-18T18:40:26.483, ubuntu22-b, 0.007770
2023-07-18T18:40:26.689, ubuntu22-b, 0.005409
2023-07-18T18:40:26.915, ubuntu22-b, 0.025575
2023-07-18T18:40:27.121, ubuntu22-b, 0.005540
2023-07-18T18:40:27.327, ubuntu22-b, 0.005292
2023-07-18T18:40:27.533, ubuntu22-b, 0.005345
2023-07-18T18:40:27.740, ubuntu22-b, 0.006316
2023-07-18T18:40:27.950, ubuntu22-b, 0.009427
2023-07-18T18:40:28.156, ubuntu22-b, 0.005992
2023-07-18T18:40:28.362, ubuntu22-b, 0.005320
2023-07-18T18:40:28.568, ubuntu22-b, 0.005191
2023-07-18T18:40:28.774, ubuntu22-b, 0.005314
2023-07-18T18:40:28.979, ubuntu22-b, 0.005234
2023-07-18T18:40:29.185, ubuntu22-b, 0.005134
2023-07-18T18:40:29.391, ubuntu22-d, 0.006030
2023-07-18T18:40:29.597, ubuntu22-d, 0.005196
2023-07-18T18:40:29.803, ubuntu22-b, 0.005634
2023-07-18T18:40:30.008, ubuntu22-b, 0.005174
2023-07-18T18:40:30.214, ubuntu22-d, 0.005838
2023-07-18T18:40:30.421, ubuntu22-d, 0.006308
2023-07-18T18:40:30.626, ubuntu22-b, 0.004926
2023-07-18T18:40:30.832, ubuntu22-b, 0.005123
2023-07-18T18:40:31.038, ubuntu22-b, 0.005086
2023-07-18T18:40:31.243, ubuntu22-b, 0.005006
2023-07-18T18:40:31.449, ubuntu22-d, 0.005610
2023-07-18T18:40:31.659, ubuntu22-d, 0.005628
2023-07-18T18:40:31.865, ubuntu22-d, 0.005303
2023-07-18T18:40:32.070, ubuntu22-d, 0.005201
2023-07-18T18:40:32.276, ubuntu22-d, 0.005138
2023-07-18T18:40:32.482, ubuntu22-d, 0.005274
2023-07-18T18:40:32.687, ubuntu22-d, 0.005388
2023-07-18T18:40:32.894, ubuntu22-d, 0.005866
2023-07-18T18:40:33.102, ubuntu22-d, 0.008352
2023-07-18T18:40:33.308, ubuntu22-d, 0.005118
2023-07-18T18:40:33.514, ubuntu22-d, 0.006047
2023-07-18T18:40:33.720, ubuntu22-d, 0.005717
2023-07-18T18:40:33.927, ubuntu22-d, 0.005878
2023-07-18T18:40:34.136, ubuntu22-d, 0.008474
2023-07-18T18:40:34.341, ubuntu22-d, 0.004795
2023-07-18T18:40:34.546, ubuntu22-d, 0.005150
2023-07-18T18:40:34.751, ubuntu22-d, 0.004797
2023-07-18T18:40:34.957, ubuntu22-d, 0.005415
2023-07-18T18:40:35.174, ubuntu22-d, 0.016297
2023-07-18T18:40:35.379, ubuntu22-d, 0.004965
2023-07-18T18:40:35.585, ubuntu22-d, 0.005112
2023-07-18T18:40:35.790, ubuntu22-d, 0.004987
2023-07-18T18:40:35.995, ubuntu22-d, 0.004701
2023-07-18T18:40:36.200, ubuntu22-d, 0.004783
2023-07-18T18:40:36.406, ubuntu22-d, 0.005160
2023-07-18T18:40:36.612, ubuntu22-d, 0.005518
2023-07-18T18:40:36.818, ubuntu22-d, 0.005810
2023-07-18T18:40:37.024, ubuntu22-d, 0.005435
2023-07-18T18:40:37.229, ubuntu22-d, 0.005157
2023-07-18T18:40:37.434, ubuntu22-d, 0.004719
2023-07-18T18:40:37.640, ubuntu22-d, 0.005004
2023-07-18T18:40:37.846, ubuntu22-d, 0.005442
2023-07-18T18:40:38.051, ubuntu22-d, 0.004839
2023-07-18T18:40:38.256, ubuntu22-d, 0.005291
2023-07-18T18:40:38.462, ubuntu22-d, 0.004992
2023-07-18T18:40:38.667, ubuntu22-d, 0.004787
2023-07-18T18:40:38.872, ubuntu22-d, 0.005026
2023-07-18T18:40:39.078, ubuntu22-d, 0.004851
2023-07-18T18:40:39.283, ubuntu22-d, 0.004953
2023-07-18T18:40:39.488, ubuntu22-d, 0.005029
2023-07-18T18:40:39.693, ubuntu22-d, 0.004804
2023-07-18T18:40:39.899, ubuntu22-d, 0.004880
2023-07-18T18:40:40.104, ubuntu22-d, 0.004836
2023-07-18T18:40:40.309, ubuntu22-d, 0.004746
2023-07-18T18:40:40.514, ubuntu22-d, 0.004882
2023-07-18T18:40:40.720, ubuntu22-d, 0.004927
2023-07-18T18:40:40.925, ubuntu22-d, 0.005232
2023-07-18T18:40:41.131, ubuntu22-d, 0.004956
2023-07-18T18:40:41.336, ubuntu22-d, 0.004854
2023-07-18T18:40:41.542, ubuntu22-d, 0.006173
2023-07-18T18:40:41.748, ubuntu22-d, 0.004975
2023-07-18T18:40:41.953, ubuntu22-d, 0.004883
2023-07-18T18:40:42.158, ubuntu22-d, 0.004525
2023-07-18T18:40:42.363, ubuntu22-d, 0.004862
2023-07-18T18:40:42.569, ubuntu22-b, 0.005537
2023-07-18T18:40:42.774, ubuntu22-b, 0.004839
2023-07-18T18:40:42.980, ubuntu22-d, 0.004871
2023-07-18T18:40:43.185, ubuntu22-d, 0.005124
2023-07-18T18:40:43.391, ubuntu22-b, 0.005076
2023-07-18T18:40:43.596, ubuntu22-b, 0.005325
2023-07-18T18:40:43.802, ubuntu22-b, 0.005242
2023-07-18T18:40:44.008, ubuntu22-b, 0.005710
2023-07-18T18:40:44.232, ubuntu22-b, 0.022950
2023-07-18T18:40:44.454, ubuntu22-b, 0.021782
2023-07-18T18:40:44.664, ubuntu22-b, 0.009382
2023-07-18T18:40:44.900, ubuntu22-b, 0.035901
2023-07-18T18:40:45.106, ubuntu22-b, 0.005350
2023-07-18T18:40:45.314, ubuntu22-b, 0.007835
2023-07-18T18:40:45.523, ubuntu22-b, 0.008911
2023-07-18T18:40:45.729, ubuntu22-b, 0.004999
2023-07-18T18:40:45.935, ubuntu22-b, 0.005060
2023-07-18T18:40:46.172, ubuntu22-b, 0.036467
2023-07-18T18:40:46.377, ubuntu22-b, 0.005266
2023-07-18T18:40:46.584, ubuntu22-b, 0.006476
2023-07-18T18:40:46.790, ubuntu22-b, 0.005180
2023-07-18T18:40:46.995, ubuntu22-b, 0.004993
2023-07-18T18:40:47.201, ubuntu22-b, 0.005079
2023-07-18T18:40:47.406, ubuntu22-b, 0.005278
2023-07-18T18:40:47.617, ubuntu22-b, 0.009701
2023-07-18T18:40:47.822, ubuntu22-b, 0.005508
2023-07-18T18:40:48.028, ubuntu22-b, 0.004975
2023-07-18T18:40:48.234, ubuntu22-b, 0.005710
2023-07-18T18:40:48.440, ubuntu22-b, 0.005357
2023-07-18T18:40:48.646, ubuntu22-b, 0.005788
2023-07-18T18:40:48.853, ubuntu22-b, 0.005980
2023-07-18T18:40:49.059, ubuntu22-b, 0.005641
2023-07-18T18:40:49.265, ubuntu22-b, 0.005853
2023-07-18T18:40:49.473, ubuntu22-d, 0.006871
2023-07-18T18:40:49.679, ubuntu22-d, 0.005557
2023-07-18T18:40:49.885, ubuntu22-d, 0.005432
2023-07-18T18:40:50.091, ubuntu22-b, 0.005153
2023-07-18T18:40:50.296, ubuntu22-b, 0.005454
2023-07-18T18:40:50.503, ubuntu22-b, 0.005739
2023-07-18T18:40:50.707, , 
2023-07-18T18:40:50.914, ubuntu22-d, 0.006591
2023-07-18T18:40:51.119, ubuntu22-d, 0.004769
2023-07-18T18:40:51.325, ubuntu22-d, 0.005192
2023-07-18T18:40:51.531, ubuntu22-d, 0.005299
2023-07-18T18:40:51.737, ubuntu22-d, 0.005498
2023-07-18T18:40:51.943, ubuntu22-d, 0.005311
2023-07-18T18:40:52.149, ubuntu22-d, 0.005233
2023-07-18T18:40:52.355, ubuntu22-d, 0.005584
2023-07-18T18:40:52.560, ubuntu22-d, 0.005065
2023-07-18T18:40:52.766, ubuntu22-d, 0.005221
2023-07-18T18:40:52.972, ubuntu22-d, 0.005470
2023-07-18T18:40:53.177, ubuntu22-d, 0.005157
2023-07-18T18:40:53.383, ubuntu22-d, 0.005406
2023-07-18T18:40:53.589, ubuntu22-d, 0.005138
2023-07-18T18:40:53.795, ubuntu22-d, 0.005761
2023-07-18T18:40:54.001, ubuntu22-d, 0.005300
2023-07-18T18:40:54.206, ubuntu22-d, 0.005230
2023-07-18T18:40:54.412, ubuntu22-d, 0.005271
2023-07-18T18:40:54.618, ubuntu22-d, 0.005192
2023-07-18T18:40:54.823, ubuntu22-d, 0.005414
2023-07-18T18:40:55.029, ubuntu22-d, 0.005555
2023-07-18T18:40:55.235, ubuntu22-d, 0.005603
2023-07-18T18:40:55.441, ubuntu22-d, 0.005394
2023-07-18T18:40:55.647, ubuntu22-d, 0.005133
2023-07-18T18:40:55.852, ubuntu22-d, 0.005165
2023-07-18T18:40:56.058, ubuntu22-d, 0.005502
2023-07-18T18:40:56.264, ubuntu22-d, 0.005346
2023-07-18T18:40:56.470, ubuntu22-d, 0.005323
2023-07-18T18:40:56.676, ubuntu22-d, 0.005834
2023-07-18T18:40:56.882, ubuntu22-d, 0.005337
2023-07-18T18:40:57.087, ubuntu22-d, 0.005339
2023-07-18T18:40:57.293, ubuntu22-d, 0.005457
2023-07-18T18:40:57.499, ubuntu22-d, 0.005402
2023-07-18T18:40:57.706, ubuntu22-d, 0.006260
2023-07-18T18:40:57.911, ubuntu22-d, 0.005242
2023-07-18T18:40:58.117, ubuntu22-d, 0.005434
2023-07-18T18:40:58.323, ubuntu22-d, 0.005578
2023-07-18T18:40:58.529, ubuntu22-d, 0.005114
2023-07-18T18:40:58.734, ubuntu22-d, 0.005426
2023-07-18T18:40:58.940, ubuntu22-d, 0.005120
2023-07-18T18:40:59.146, ubuntu22-d, 0.005085
2023-07-18T18:40:59.351, ubuntu22-d, 0.005151
2023-07-18T18:40:59.557, ubuntu22-d, 0.005407
2023-07-18T18:40:59.763, ubuntu22-d, 0.004948
2023-07-18T18:40:59.968, ubuntu22-d, 0.004967
2023-07-18T18:41:00.174, ubuntu22-d, 0.005268
2023-07-18T18:41:00.381, ubuntu22-d, 0.007375
2023-07-18T18:41:00.587, ubuntu22-b, 0.005415
2023-07-18T18:41:00.793, ubuntu22-d, 0.004876
2023-07-18T18:41:01.000, ubuntu22-d, 0.006613
2023-07-18T18:41:01.205, ubuntu22-b, 0.005205
2023-07-18T18:41:01.411, ubuntu22-d, 0.004988
2023-07-18T18:41:01.619, ubuntu22-d, 0.008138
2023-07-18T18:41:01.825, ubuntu22-b, 0.005430
2023-07-18T18:41:02.031, ubuntu22-b, 0.005410
2023-07-18T18:41:02.240, ubuntu22-b, 0.008061
2023-07-18T18:41:02.448, ubuntu22-b, 0.008317
2023-07-18T18:41:02.676, ubuntu22-b, 0.027218
2023-07-18T18:41:02.888, ubuntu22-b, 0.011306
2023-07-18T18:41:03.096, ubuntu22-b, 0.007456
2023-07-18T18:41:03.305, ubuntu22-b, 0.008542
2023-07-18T18:41:03.510, ubuntu22-b, 0.004987
2023-07-18T18:41:03.715, ubuntu22-b, 0.005007
2023-07-18T18:41:03.920, ubuntu22-b, 0.004649
2023-07-18T18:41:04.126, ubuntu22-b, 0.004915
2023-07-18T18:41:04.333, ubuntu22-b, 0.006700
2023-07-18T18:41:04.538, ubuntu22-b, 0.005066
2023-07-18T18:41:04.744, ubuntu22-b, 0.005382
2023-07-18T18:41:04.950, ubuntu22-b, 0.005232
2023-07-18T18:41:05.155, ubuntu22-b, 0.005302
2023-07-18T18:41:05.361, ubuntu22-b, 0.005383
2023-07-18T18:41:05.567, ubuntu22-b, 0.005055
2023-07-18T18:41:05.772, ubuntu22-b, 0.005203
2023-07-18T18:41:05.978, ubuntu22-b, 0.005487
2023-07-18T18:41:06.188, ubuntu22-b, 0.008989
2023-07-18T18:41:06.397, ubuntu22-b, 0.009198
2023-07-18T18:41:06.604, ubuntu22-b, 0.006617
2023-07-18T18:41:06.810, ubuntu22-b, 0.005250
2023-07-18T18:41:07.016, ubuntu22-b, 0.005251
2023-07-18T18:41:07.221, ubuntu22-b, 0.005038
2023-07-18T18:41:07.426, ubuntu22-b, 0.004883
2023-07-18T18:41:07.633, ubuntu22-b, 0.005901
2023-07-18T18:41:07.840, ubuntu22-b, 0.006834
2023-07-18T18:41:08.045, ubuntu22-b, 0.004833
2023-07-18T18:41:08.250, ubuntu22-b, 0.004713
2023-07-18T18:41:08.456, ubuntu22-b, 0.004908
2023-07-18T18:41:08.662, ubuntu22-b, 0.006045
2023-07-18T18:41:08.888, , 
2023-07-18T18:41:09.096, ubuntu22-c, 0.007473
2023-07-18T18:41:09.301, ubuntu22-c, 0.004951
2023-07-18T18:41:09.507, ubuntu22-c, 0.005166
2023-07-18T18:41:09.713, ubuntu22-c, 0.005348
2023-07-18T18:41:09.919, ubuntu22-c, 0.005517
2023-07-18T18:41:10.124, ubuntu22-c, 0.004946
2023-07-18T18:41:10.329, ubuntu22-c, 0.004903
2023-07-18T18:41:10.534, ubuntu22-c, 0.004907
2023-07-18T18:41:10.740, ubuntu22-c, 0.005004
2023-07-18T18:41:10.945, ubuntu22-c, 0.005235
2023-07-18T18:41:11.151, ubuntu22-c, 0.004829
2023-07-18T18:41:11.359, ubuntu22-c, 0.008145
2023-07-18T18:41:11.565, ubuntu22-c, 0.004912
2023-07-18T18:41:11.770, ubuntu22-c, 0.004830
2023-07-18T18:41:11.975, ubuntu22-c, 0.005069
2023-07-18T18:41:12.180, ubuntu22-c, 0.004844
2023-07-18T18:41:12.386, ubuntu22-c, 0.005022
2023-07-18T18:41:12.591, ubuntu22-c, 0.004668
2023-07-18T18:41:12.796, ubuntu22-c, 0.005017
2023-07-18T18:41:13.002, ubuntu22-c, 0.005433
2023-07-18T18:41:13.207, ubuntu22-c, 0.004872
2023-07-18T18:41:13.413, ubuntu22-c, 0.005124
2023-07-18T18:41:13.621, ubuntu22-c, 0.007851
2023-07-18T18:41:13.827, ubuntu22-c, 0.005135
2023-07-18T18:41:14.032, ubuntu22-c, 0.005092
2023-07-18T18:41:14.237, ubuntu22-c, 0.004755
2023-07-18T18:41:14.443, ubuntu22-c, 0.005268
2023-07-18T18:41:14.648, ubuntu22-d, 0.005372
2023-07-18T18:41:14.854, ubuntu22-d, 0.004897
2023-07-18T18:41:15.059, ubuntu22-d, 0.004746
2023-07-18T18:41:15.264, ubuntu22-c, 0.004795
2023-07-18T18:41:15.469, ubuntu22-c, 0.004845
2023-07-18T18:41:15.675, ubuntu22-d, 0.004799
2023-07-18T18:41:15.880, ubuntu22-d, 0.004667
2023-07-18T18:41:16.085, ubuntu22-d, 0.005404
2023-07-18T18:41:16.291, ubuntu22-d, 0.004906
2023-07-18T18:41:16.496, ubuntu22-d, 0.005143
2023-07-18T18:41:16.713, ubuntu22-d, 0.013443
2023-07-18T18:41:16.919, ubuntu22-d, 0.004943
2023-07-18T18:41:17.126, ubuntu22-d, 0.006919
2023-07-18T18:41:17.331, ubuntu22-d, 0.004794
2023-07-18T18:41:17.536, ubuntu22-d, 0.004791
2023-07-18T18:41:17.741, ubuntu22-d, 0.004916
2023-07-18T18:41:17.947, ubuntu22-d, 0.004889
2023-07-18T18:41:18.152, ubuntu22-d, 0.004891
2023-07-18T18:41:18.357, ubuntu22-d, 0.005202
2023-07-18T18:41:18.563, ubuntu22-d, 0.004756
2023-07-18T18:41:18.768, ubuntu22-d, 0.005013
2023-07-18T18:41:18.974, ubuntu22-d, 0.005440
2023-07-18T18:41:19.179, ubuntu22-d, 0.004790
2023-07-18T18:41:19.385, ubuntu22-d, 0.005160
2023-07-18T18:41:19.590, ubuntu22-d, 0.004905
2023-07-18T18:41:19.795, ubuntu22-d, 0.004709
2023-07-18T18:41:20.000, ubuntu22-d, 0.004814
2023-07-18T18:41:20.208, ubuntu22-d, 0.007507
2023-07-18T18:41:20.414, ubuntu22-d, 0.005761
2023-07-18T18:41:20.620, ubuntu22-d, 0.004802
2023-07-18T18:41:20.825, ubuntu22-d, 0.005157
2023-07-18T18:41:21.030, ubuntu22-d, 0.004914
2023-07-18T18:41:21.236, ubuntu22-d, 0.005100
2023-07-18T18:41:21.442, ubuntu22-c, 0.005442
2023-07-18T18:41:21.647, ubuntu22-d, 0.005178
2023-07-18T18:41:21.855, ubuntu22-d, 0.007687
2023-07-18T18:41:22.069, ubuntu22-d, 0.012707
2023-07-18T18:41:22.274, ubuntu22-c, 0.005102
2023-07-18T18:41:22.480, ubuntu22-d, 0.005021
2023-07-18T18:41:22.685, ubuntu22-c, 0.005306
2023-07-18T18:41:22.891, ubuntu22-c, 0.005173
2023-07-18T18:41:23.097, ubuntu22-c, 0.005736
2023-07-18T18:41:23.303, ubuntu22-c, 0.005611
2023-07-18T18:41:23.510, ubuntu22-c, 0.005797
2023-07-18T18:41:23.715, ubuntu22-c, 0.005361
2023-07-18T18:41:23.922, ubuntu22-c, 0.006244
2023-07-18T18:41:24.128, ubuntu22-c, 0.005339
2023-07-18T18:41:24.334, ubuntu22-c, 0.005907
2023-07-18T18:41:24.540, ubuntu22-c, 0.005471
2023-07-18T18:41:24.746, ubuntu22-c, 0.005419
2023-07-18T18:41:24.952, ubuntu22-c, 0.005365
2023-07-18T18:41:25.157, ubuntu22-c, 0.005470
2023-07-18T18:41:25.363, ubuntu22-c, 0.005060
2023-07-18T18:41:25.569, ubuntu22-c, 0.005120
2023-07-18T18:41:25.774, ubuntu22-c, 0.005229
2023-07-18T18:41:25.980, ubuntu22-c, 0.005302
2023-07-18T18:41:26.186, ubuntu22-c, 0.005087
2023-07-18T18:41:26.392, ubuntu22-c, 0.005407
2023-07-18T18:41:26.602, ubuntu22-c, 0.009265
2023-07-18T18:41:26.811, ubuntu22-c, 0.009143
2023-07-18T18:41:27.017, ubuntu22-c, 0.005056
2023-07-18T18:41:27.222, ubuntu22-c, 0.004720
2023-07-18T18:41:27.428, ubuntu22-c, 0.004857
2023-07-18T18:41:27.633, ubuntu22-c, 0.004884
2023-07-18T18:41:27.838, ubuntu22-c, 0.005001
2023-07-18T18:41:28.043, ubuntu22-c, 0.005065
2023-07-18T18:41:28.249, ubuntu22-c, 0.004899
2023-07-18T18:41:28.455, ubuntu22-c, 0.005631
2023-07-18T18:41:28.660, ubuntu22-d, 0.005172
2023-07-18T18:41:28.865, ubuntu22-d, 0.004759
2023-07-18T18:41:29.071, ubuntu22-c, 0.004838
2023-07-18T18:41:29.276, ubuntu22-c, 0.004926
2023-07-18T18:41:29.481, ubuntu22-d, 0.004518
2023-07-18T18:41:29.686, ubuntu22-d, 0.004655
2023-07-18T18:41:29.891, ubuntu22-c, 0.004654
2023-07-18T18:41:30.096, ubuntu22-d, 0.004681
2023-07-18T18:41:30.300, , 
2023-07-18T18:41:30.509, ubuntu22-d, 0.008819
2023-07-18T18:41:30.715, ubuntu22-d, 0.005582
2023-07-18T18:41:30.923, ubuntu22-d, 0.007423
2023-07-18T18:41:31.129, ubuntu22-d, 0.005278
2023-07-18T18:41:31.335, ubuntu22-d, 0.005020
2023-07-18T18:41:31.541, ubuntu22-d, 0.006245
2023-07-18T18:41:31.747, ubuntu22-d, 0.005185
2023-07-18T18:41:31.952, ubuntu22-d, 0.005011
2023-07-18T18:41:32.157, ubuntu22-d, 0.005101
2023-07-18T18:41:32.363, ubuntu22-d, 0.004978
2023-07-18T18:41:32.568, ubuntu22-d, 0.005209
2023-07-18T18:41:32.774, ubuntu22-d, 0.005043
2023-07-18T18:41:32.979, ubuntu22-d, 0.004826
2023-07-18T18:41:33.184, ubuntu22-d, 0.004866
2023-07-18T18:41:33.390, ubuntu22-d, 0.004935
2023-07-18T18:41:33.595, ubuntu22-d, 0.004560
2023-07-18T18:41:33.800, ubuntu22-d, 0.005309
2023-07-18T18:41:34.007, ubuntu22-d, 0.006166
2023-07-18T18:41:34.212, ubuntu22-d, 0.004902
2023-07-18T18:41:34.418, ubuntu22-d, 0.005322
2023-07-18T18:41:34.623, ubuntu22-d, 0.005048
2023-07-18T18:41:34.828, ubuntu22-d, 0.004924
2023-07-18T18:41:35.034, ubuntu22-d, 0.005011
2023-07-18T18:41:35.239, ubuntu22-d, 0.004905
2023-07-18T18:41:35.445, ubuntu22-d, 0.004975
2023-07-18T18:41:35.650, ubuntu22-d, 0.004913
2023-07-18T18:41:35.855, ubuntu22-d, 0.004843
2023-07-18T18:41:36.061, ubuntu22-d, 0.005218
2023-07-18T18:41:36.267, ubuntu22-d, 0.005995
2023-07-18T18:41:36.473, ubuntu22-d, 0.005107
2023-07-18T18:41:36.678, ubuntu22-d, 0.005350
2023-07-18T18:41:36.884, ubuntu22-d, 0.005626
2023-07-18T18:41:37.089, ubuntu22-d, 0.004943
2023-07-18T18:41:37.295, ubuntu22-d, 0.004903
2023-07-18T18:41:37.500, ubuntu22-d, 0.004721
2023-07-18T18:41:37.709, ubuntu22-d, 0.008338
2023-07-18T18:41:37.914, ubuntu22-d, 0.005039
2023-07-18T18:41:38.119, ubuntu22-d, 0.004669
2023-07-18T18:41:38.324, ubuntu22-d, 0.004812
2023-07-18T18:41:38.530, ubuntu22-d, 0.004986
2023-07-18T18:41:38.735, ubuntu22-d, 0.004846
2023-07-18T18:41:38.940, ubuntu22-d, 0.004872
2023-07-18T18:41:39.145, ubuntu22-d, 0.004895
2023-07-18T18:41:39.351, ubuntu22-d, 0.004774
2023-07-18T18:41:39.556, ubuntu22-d, 0.005067
2023-07-18T18:41:39.765, ubuntu22-d, 0.008129
2023-07-18T18:41:39.971, ubuntu22-b, 0.005592
2023-07-18T18:41:40.176, ubuntu22-d, 0.004829
2023-07-18T18:41:40.382, ubuntu22-d, 0.005071
2023-07-18T18:41:40.588, ubuntu22-b, 0.005565
2023-07-18T18:41:40.793, ubuntu22-b, 0.005413
2023-07-18T18:41:40.999, ubuntu22-d, 0.004918
2023-07-18T18:41:41.204, ubuntu22-d, 0.004690
2023-07-18T18:41:41.411, ubuntu22-b, 0.006805
2023-07-18T18:41:41.616, ubuntu22-b, 0.004828
2023-07-18T18:41:41.822, ubuntu22-b, 0.004999
2023-07-18T18:41:42.030, ubuntu22-b, 0.007610
2023-07-18T18:41:42.236, ubuntu22-b, 0.005825
2023-07-18T18:41:42.447, ubuntu22-b, 0.010370
2023-07-18T18:41:42.655, ubuntu22-b, 0.007664
2023-07-18T18:41:42.860, ubuntu22-b, 0.004895
2023-07-18T18:41:43.068, ubuntu22-b, 0.007970
2023-07-18T18:41:43.273, ubuntu22-b, 0.004781
2023-07-18T18:41:43.480, ubuntu22-b, 0.006629
2023-07-18T18:41:43.686, ubuntu22-b, 0.004827
2023-07-18T18:41:43.891, ubuntu22-b, 0.004833
2023-07-18T18:41:44.096, ubuntu22-b, 0.004643
2023-07-18T18:41:44.301, ubuntu22-b, 0.004936
2023-07-18T18:41:44.506, ubuntu22-b, 0.004667
2023-07-18T18:41:44.711, ubuntu22-b, 0.004884
2023-07-18T18:41:44.917, ubuntu22-b, 0.004697
2023-07-18T18:41:45.122, ubuntu22-b, 0.004716
2023-07-18T18:41:45.327, ubuntu22-b, 0.004843
2023-07-18T18:41:45.532, ubuntu22-b, 0.004741
2023-07-18T18:41:45.737, ubuntu22-b, 0.004412
2023-07-18T18:41:45.942, ubuntu22-b, 0.004627
2023-07-18T18:41:46.147, ubuntu22-b, 0.004580
2023-07-18T18:41:46.352, ubuntu22-b, 0.004996
2023-07-18T18:41:46.560, ubuntu22-b, 0.007571
2023-07-18T18:41:46.765, ubuntu22-b, 0.005109
2023-07-18T18:41:46.977, ubuntu22-c, 0.011330
2023-07-18T18:41:47.182, ubuntu22-b, 0.004731
2023-07-18T18:41:47.387, ubuntu22-b, 0.004759
2023-07-18T18:41:47.592, ubuntu22-c, 0.004956
2023-07-18T18:41:47.799, ubuntu22-b, 0.006478
2023-07-18T18:41:48.005, ubuntu22-c, 0.004975
2023-07-18T18:41:48.210, ubuntu22-b, 0.004971
2023-07-18T18:41:48.418, ubuntu22-c, 0.004829
2023-07-18T18:41:48.623, ubuntu22-c, 0.004991
2023-07-18T18:41:48.828, ubuntu22-c, 0.004794
2023-07-18T18:41:49.036, ubuntu22-c, 0.007013
2023-07-18T18:41:49.241, ubuntu22-c, 0.004749
2023-07-18T18:41:49.446, ubuntu22-c, 0.004635
2023-07-18T18:41:49.651, ubuntu22-c, 0.004605
2023-07-18T18:41:49.856, ubuntu22-c, 0.004708
2023-07-18T18:41:50.061, ubuntu22-c, 0.004758
2023-07-18T18:41:50.266, ubuntu22-c, 0.004596
2023-07-18T18:41:50.471, ubuntu22-c, 0.004690
2023-07-18T18:41:50.677, ubuntu22-c, 0.005120
2023-07-18T18:41:50.882, ubuntu22-c, 0.004964
2023-07-18T18:41:51.087, ubuntu22-c, 0.004714
2023-07-18T18:41:51.292, ubuntu22-c, 0.004826
2023-07-18T18:41:51.498, ubuntu22-c, 0.004966
2023-07-18T18:41:51.703, ubuntu22-c, 0.004991
2023-07-18T18:41:51.908, ubuntu22-c, 0.004929
2023-07-18T18:41:52.114, ubuntu22-c, 0.004810
2023-07-18T18:41:52.319, ubuntu22-c, 0.004682
2023-07-18T18:41:52.524, ubuntu22-c, 0.004905
2023-07-18T18:41:52.729, ubuntu22-c, 0.004894
2023-07-18T18:41:52.934, ubuntu22-c, 0.005235
2023-07-18T18:41:53.140, ubuntu22-c, 0.004740
2023-07-18T18:41:53.345, ubuntu22-c, 0.004733
2023-07-18T18:41:53.550, ubuntu22-c, 0.004723
2023-07-18T18:41:53.755, ubuntu22-c, 0.005140
2023-07-18T18:41:53.960, ubuntu22-c, 0.004860
2023-07-18T18:41:54.165, ubuntu22-c, 0.004444
2023-07-18T18:41:54.370, ubuntu22-c, 0.004696
2023-07-18T18:41:54.575, ubuntu22-c, 0.004800
2023-07-18T18:41:54.781, ubuntu22-c, 0.005316
2023-07-18T18:41:54.990, ubuntu22-c, 0.008375
2023-07-18T18:41:55.195, ubuntu22-c, 0.004750
2023-07-18T18:41:55.400, ubuntu22-c, 0.004583
2023-07-18T18:41:55.605, ubuntu22-c, 0.004574
2023-07-18T18:41:55.810, ubuntu22-c, 0.005048
2023-07-18T18:41:56.016, ubuntu22-c, 0.004894
2023-07-18T18:41:56.222, ubuntu22-c, 0.005855
2023-07-18T18:41:56.427, ubuntu22-c, 0.005198
2023-07-18T18:41:56.633, ubuntu22-c, 0.005100
2023-07-18T18:41:56.838, ubuntu22-c, 0.004885
2023-07-18T18:41:57.049, ubuntu22-b, 0.009832
2023-07-18T18:41:57.254, ubuntu22-b, 0.004607
2023-07-18T18:41:57.459, ubuntu22-b, 0.004603
2023-07-18T18:41:57.664, ubuntu22-c, 0.004716
2023-07-18T18:41:57.869, ubuntu22-c, 0.004887
2023-07-18T18:41:58.074, ubuntu22-b, 0.004881
2023-07-18T18:41:58.280, ubuntu22-c, 0.004803
2023-07-18T18:41:58.488, ubuntu22-b, 0.007987
2023-07-18T18:41:58.692, , 
2023-07-18T18:41:58.896, , 
2023-07-18T18:41:59.104, ubuntu22-b, 0.007955
2023-07-18T18:41:59.313, ubuntu22-b, 0.008188
2023-07-18T18:41:59.531, ubuntu22-b, 0.017375
2023-07-18T18:41:59.736, ubuntu22-b, 0.004758
2023-07-18T18:41:59.941, ubuntu22-b, 0.004609
2023-07-18T18:42:00.146, ubuntu22-b, 0.004398
2023-07-18T18:42:00.351, ubuntu22-b, 0.004777
2023-07-18T18:42:00.556, ubuntu22-b, 0.004831
2023-07-18T18:42:00.768, ubuntu22-b, 0.011564
2023-07-18T18:42:00.975, ubuntu22-b, 0.006209
2023-07-18T18:42:01.180, ubuntu22-b, 0.005037
2023-07-18T18:42:01.389, ubuntu22-b, 0.007920
2023-07-18T18:42:01.594, ubuntu22-b, 0.004969
2023-07-18T18:42:01.799, ubuntu22-b, 0.004610
2023-07-18T18:42:02.004, ubuntu22-b, 0.004755
2023-07-18T18:42:02.209, ubuntu22-b, 0.004589
2023-07-18T18:42:02.415, ubuntu22-b, 0.004621
2023-07-18T18:42:02.620, ubuntu22-b, 0.004516
2023-07-18T18:42:02.824, ubuntu22-b, 0.004483
2023-07-18T18:42:03.030, ubuntu22-b, 0.004592
2023-07-18T18:42:03.236, ubuntu22-b, 0.006046
2023-07-18T18:42:03.441, ubuntu22-b, 0.004597
2023-07-18T18:42:03.646, ubuntu22-b, 0.004661
2023-07-18T18:42:03.852, ubuntu22-b, 0.005362
2023-07-18T18:42:04.060, ubuntu22-b, 0.007666
2023-07-18T18:42:04.265, ubuntu22-b, 0.004601
2023-07-18T18:42:04.470, ubuntu22-b, 0.004684
2023-07-18T18:42:04.675, ubuntu22-b, 0.004664
2023-07-18T18:42:04.881, ubuntu22-b, 0.005502
2023-07-18T18:42:05.087, ubuntu22-b, 0.005345
2023-07-18T18:42:05.293, ubuntu22-b, 0.005951
2023-07-18T18:42:05.498, ubuntu22-b, 0.004809
2023-07-18T18:42:05.704, ubuntu22-b, 0.004880
2023-07-18T18:42:05.909, ubuntu22-b, 0.004540
2023-07-18T18:42:06.114, ubuntu22-b, 0.004518
2023-07-18T18:42:06.319, ubuntu22-b, 0.004562
2023-07-18T18:42:06.525, ubuntu22-c, 0.005987
2023-07-18T18:42:06.731, ubuntu22-b, 0.005415
2023-07-18T18:42:06.937, ubuntu22-c, 0.004944
2023-07-18T18:42:07.142, ubuntu22-b, 0.004762
2023-07-18T18:42:07.347, ubuntu22-c, 0.004781
2023-07-18T18:42:07.558, , 
2023-07-18T18:42:07.764, ubuntu22-c, 0.006430
2023-07-18T18:42:07.970, ubuntu22-c, 0.005305
2023-07-18T18:42:08.176, ubuntu22-c, 0.005396
2023-07-18T18:42:08.384, ubuntu22-c, 0.007893
2023-07-18T18:42:08.590, ubuntu22-c, 0.005397
2023-07-18T18:42:08.795, ubuntu22-c, 0.005008
2023-07-18T18:42:09.004, ubuntu22-c, 0.008115
2023-07-18T18:42:09.209, ubuntu22-c, 0.004618
2023-07-18T18:42:09.414, ubuntu22-c, 0.004858
2023-07-18T18:42:09.620, ubuntu22-c, 0.004870
2023-07-18T18:42:09.825, ubuntu22-c, 0.005187
2023-07-18T18:42:10.031, ubuntu22-c, 0.004830
2023-07-18T18:42:10.236, ubuntu22-c, 0.004784
2023-07-18T18:42:10.441, ubuntu22-c, 0.004656
2023-07-18T18:42:10.646, ubuntu22-c, 0.004761
2023-07-18T18:42:10.851, ubuntu22-c, 0.004631
2023-07-18T18:42:11.056, ubuntu22-c, 0.004795
2023-07-18T18:42:11.261, ubuntu22-c, 0.004758
2023-07-18T18:42:11.466, ubuntu22-c, 0.004766
2023-07-18T18:42:11.672, ubuntu22-c, 0.005040
2023-07-18T18:42:11.877, ubuntu22-c, 0.004817
2023-07-18T18:42:12.082, ubuntu22-c, 0.005015
2023-07-18T18:42:12.288, ubuntu22-c, 0.004986
2023-07-18T18:42:12.493, ubuntu22-c, 0.004976
2023-07-18T18:42:12.698, ubuntu22-c, 0.004702
2023-07-18T18:42:12.903, ubuntu22-c, 0.004815
2023-07-18T18:42:13.108, ubuntu22-c, 0.004529
2023-07-18T18:42:13.313, ubuntu22-c, 0.004811
2023-07-18T18:42:13.519, ubuntu22-c, 0.004912
2023-07-18T18:42:13.724, ubuntu22-c, 0.004793
2023-07-18T18:42:13.929, ubuntu22-c, 0.004823
2023-07-18T18:42:14.134, ubuntu22-c, 0.004787
2023-07-18T18:42:14.339, ubuntu22-c, 0.004816
2023-07-18T18:42:14.544, ubuntu22-c, 0.004892
2023-07-18T18:42:14.750, ubuntu22-c, 0.005034
2023-07-18T18:42:14.955, ubuntu22-c, 0.004855
2023-07-18T18:42:15.161, ubuntu22-c, 0.005183
2023-07-18T18:42:15.366, ubuntu22-c, 0.004894
2023-07-18T18:42:15.571, ubuntu22-c, 0.004942
2023-07-18T18:42:15.776, ubuntu22-c, 0.004840
2023-07-18T18:42:15.982, ubuntu22-c, 0.004878
2023-07-18T18:42:16.187, ubuntu22-c, 0.004929
2023-07-18T18:42:16.392, ubuntu22-c, 0.004838
2023-07-18T18:42:16.598, ubuntu22-c, 0.005194
2023-07-18T18:42:16.803, ubuntu22-c, 0.005345
2023-07-18T18:42:17.011, ubuntu22-c, 0.007328
2023-07-18T18:42:17.216, ubuntu22-c, 0.004906
2023-07-18T18:42:17.422, ubuntu22-c, 0.005121
2023-07-18T18:42:17.627, ubuntu22-c, 0.005111
2023-07-18T18:42:17.833, ubuntu22-c, 0.004910
2023-07-18T18:42:18.038, ubuntu22-c, 0.005030
2023-07-18T18:42:18.243, ubuntu22-c, 0.004802
2023-07-18T18:42:18.449, ubuntu22-c, 0.005543
2023-07-18T18:42:18.655, ubuntu22-c, 0.005153
2023-07-18T18:42:18.860, ubuntu22-c, 0.005118
2023-07-18T18:42:19.071, ubuntu22-c, 0.010735
2023-07-18T18:42:19.277, ubuntu22-c, 0.004979
2023-07-18T18:42:19.482, ubuntu22-c, 0.005099
2023-07-18T18:42:19.688, ubuntu22-b, 0.005144
2023-07-18T18:42:19.893, ubuntu22-c, 0.005274
2023-07-18T18:42:20.098, ubuntu22-c, 0.004599
2023-07-18T18:42:20.304, ubuntu22-c, 0.004974
2023-07-18T18:42:20.510, ubuntu22-c, 0.005377
2023-07-18T18:42:20.715, ubuntu22-b, 0.004881
2023-07-18T18:42:20.920, , 
2023-07-18T18:42:21.125, ubuntu22-b, 0.004776
2023-07-18T18:42:21.330, ubuntu22-b, 0.004809
2023-07-18T18:42:21.543, ubuntu22-b, 0.011712
2023-07-18T18:42:21.748, ubuntu22-b, 0.004767
2023-07-18T18:42:21.954, ubuntu22-b, 0.005011
2023-07-18T18:42:22.159, ubuntu22-b, 0.004613
2023-07-18T18:42:22.364, ubuntu22-b, 0.004735
2023-07-18T18:42:22.569, ubuntu22-b, 0.004722
2023-07-18T18:42:22.774, ubuntu22-b, 0.004631
2023-07-18T18:42:22.979, ubuntu22-b, 0.004772
2023-07-18T18:42:23.184, ubuntu22-b, 0.004670
2023-07-18T18:42:23.404, ubuntu22-b, 0.019920
2023-07-18T18:42:23.609, ubuntu22-b, 0.004857
2023-07-18T18:42:23.814, ubuntu22-b, 0.004515
2023-07-18T18:42:24.019, ubuntu22-b, 0.004425
2023-07-18T18:42:24.224, ubuntu22-b, 0.004818
2023-07-18T18:42:24.429, ubuntu22-b, 0.004637
2023-07-18T18:42:24.635, ubuntu22-b, 0.004805
2023-07-18T18:42:24.840, ubuntu22-b, 0.004767
2023-07-18T18:42:25.045, ubuntu22-b, 0.005066
2023-07-18T18:42:25.250, ubuntu22-b, 0.004742
2023-07-18T18:42:25.455, ubuntu22-b, 0.004750
2023-07-18T18:42:25.661, ubuntu22-b, 0.004858
2023-07-18T18:42:25.866, ubuntu22-b, 0.004823
2023-07-18T18:42:26.071, ubuntu22-b, 0.004612
2023-07-18T18:42:26.276, ubuntu22-b, 0.004730
2023-07-18T18:42:26.493, ubuntu22-b, 0.016008
2023-07-18T18:42:26.698, ubuntu22-b, 0.005360
2023-07-18T18:42:26.904, ubuntu22-b, 0.005070
2023-07-18T18:42:27.109, ubuntu22-b, 0.004921
2023-07-18T18:42:27.314, ubuntu22-b, 0.004661
2023-07-18T18:42:27.519, ubuntu22-b, 0.004742
2023-07-18T18:42:27.729, ubuntu22-b, 0.008924
2023-07-18T18:42:27.934, ubuntu22-d, 0.005259
2023-07-18T18:42:28.139, ubuntu22-b, 0.004622
2023-07-18T18:42:28.345, ubuntu22-b, 0.004783
2023-07-18T18:42:28.550, ubuntu22-d, 0.004981
2023-07-18T18:42:28.756, ubuntu22-d, 0.005787
2023-07-18T18:42:28.962, ubuntu22-d, 0.005162
2023-07-18T18:42:29.167, ubuntu22-d, 0.005053
2023-07-18T18:42:29.373, ubuntu22-d, 0.005701
2023-07-18T18:42:29.578, ubuntu22-d, 0.004685
2023-07-18T18:42:29.784, ubuntu22-d, 0.005033
2023-07-18T18:42:29.989, ubuntu22-d, 0.005215
2023-07-18T18:42:30.194, ubuntu22-d, 0.004784
2023-07-18T18:42:30.400, ubuntu22-d, 0.004825
2023-07-18T18:42:30.605, ubuntu22-d, 0.005084
2023-07-18T18:42:30.811, ubuntu22-d, 0.005160
2023-07-18T18:42:31.016, ubuntu22-d, 0.005190
2023-07-18T18:42:31.222, ubuntu22-d, 0.005117
2023-07-18T18:42:31.428, ubuntu22-d, 0.006262
2023-07-18T18:42:31.634, ubuntu22-d, 0.005113
2023-07-18T18:42:31.839, ubuntu22-d, 0.005093
2023-07-18T18:42:32.045, ubuntu22-d, 0.005230
2023-07-18T18:42:32.252, ubuntu22-d, 0.007293
2023-07-18T18:42:32.458, ubuntu22-d, 0.005453
2023-07-18T18:42:32.664, ubuntu22-d, 0.005257
2023-07-18T18:42:32.869, ubuntu22-d, 0.005058
2023-07-18T18:42:33.075, ubuntu22-d, 0.005237
2023-07-18T18:42:33.280, ubuntu22-d, 0.004896
2023-07-18T18:42:33.486, ubuntu22-d, 0.005177
2023-07-18T18:42:33.691, ubuntu22-d, 0.004797
2023-07-18T18:42:33.896, ubuntu22-d, 0.004719
2023-07-18T18:42:34.101, ubuntu22-d, 0.004763
2023-07-18T18:42:34.306, ubuntu22-d, 0.004606
2023-07-18T18:42:34.511, ubuntu22-d, 0.004775
2023-07-18T18:42:34.717, ubuntu22-c, 0.005311
2023-07-18T18:42:34.922, ubuntu22-c, 0.004935
2023-07-18T18:42:35.128, ubuntu22-d, 0.004834
2023-07-18T18:42:35.333, ubuntu22-c, 0.004849
2023-07-18T18:42:35.538, ubuntu22-d, 0.004757
2023-07-18T18:42:35.743, ubuntu22-c, 0.004853
2023-07-18T18:42:35.949, ubuntu22-c, 0.005931
2023-07-18T18:42:36.155, ubuntu22-c, 0.004925
2023-07-18T18:42:36.360, ubuntu22-c, 0.004724
2023-07-18T18:42:36.565, ubuntu22-c, 0.004966
2023-07-18T18:42:36.770, ubuntu22-c, 0.005033
2023-07-18T18:42:36.979, ubuntu22-c, 0.008287
2023-07-18T18:42:37.184, ubuntu22-c, 0.004829
2023-07-18T18:42:37.389, ubuntu22-c, 0.004798
2023-07-18T18:42:37.594, ubuntu22-c, 0.004550
2023-07-18T18:42:37.800, ubuntu22-c, 0.004932
2023-07-18T18:42:38.005, ubuntu22-c, 0.004803
2023-07-18T18:42:38.210, ubuntu22-c, 0.004598
2023-07-18T18:42:38.420, ubuntu22-c, 0.009614
2023-07-18T18:42:38.631, ubuntu22-c, 0.010650
2023-07-18T18:42:38.836, ubuntu22-c, 0.004960
2023-07-18T18:42:39.042, ubuntu22-c, 0.005195
2023-07-18T18:42:39.247, ubuntu22-c, 0.004972
2023-07-18T18:42:39.452, ubuntu22-c, 0.004924
2023-07-18T18:42:39.658, ubuntu22-c, 0.005280
2023-07-18T18:42:39.863, ubuntu22-c, 0.005102
2023-07-18T18:42:40.069, ubuntu22-c, 0.004942
2023-07-18T18:42:40.274, ubuntu22-c, 0.005212
2023-07-18T18:42:40.480, ubuntu22-c, 0.005252
2023-07-18T18:42:40.685, ubuntu22-c, 0.005070
2023-07-18T18:42:40.891, ubuntu22-c, 0.004982
2023-07-18T18:42:41.096, ubuntu22-c, 0.005043
2023-07-18T18:42:41.302, ubuntu22-c, 0.005160
2023-07-18T18:42:41.507, ubuntu22-c, 0.005284
2023-07-18T18:42:41.713, ubuntu22-c, 0.005020
2023-07-18T18:42:41.919, ubuntu22-c, 0.005652
2023-07-18T18:42:42.124, ubuntu22-c, 0.004929
2023-07-18T18:42:42.329, ubuntu22-c, 0.004927
2023-07-18T18:42:42.535, ubuntu22-c, 0.004901
2023-07-18T18:42:42.740, ubuntu22-c, 0.004894
2023-07-18T18:42:42.945, ubuntu22-c, 0.004924
2023-07-18T18:42:43.151, ubuntu22-c, 0.005022
2023-07-18T18:42:43.356, ubuntu22-c, 0.005151
2023-07-18T18:42:43.562, ubuntu22-c, 0.005782
2023-07-18T18:42:43.767, ubuntu22-c, 0.004832
2023-07-18T18:42:43.973, ubuntu22-c, 0.005244
2023-07-18T18:42:44.178, ubuntu22-c, 0.004780
2023-07-18T18:42:44.385, ubuntu22-c, 0.006245
2023-07-18T18:42:44.591, ubuntu22-b, 0.005344
2023-07-18T18:42:44.796, ubuntu22-b, 0.004797
2023-07-18T18:42:45.001, ubuntu22-b, 0.005010
2023-07-18T18:42:45.206, ubuntu22-c, 0.005011
2023-07-18T18:42:45.415, ubuntu22-b, 0.007877
2023-07-18T18:42:45.620, ubuntu22-b, 0.005089
2023-07-18T18:42:45.825, ubuntu22-b, 0.004832
2023-07-18T18:42:46.037, ubuntu22-b, 0.011590
2023-07-18T18:42:46.243, ubuntu22-b, 0.005186
2023-07-18T18:42:46.449, ubuntu22-b, 0.005227
2023-07-18T18:42:46.654, ubuntu22-b, 0.005366
2023-07-18T18:42:46.860, ubuntu22-b, 0.004884
2023-07-18T18:42:47.068, ubuntu22-b, 0.008482
2023-07-18T18:42:47.297, ubuntu22-b, 0.028309
2023-07-18T18:42:47.504, ubuntu22-b, 0.006842
2023-07-18T18:42:47.710, ubuntu22-b, 0.005500
2023-07-18T18:42:47.915, ubuntu22-b, 0.004829
2023-07-18T18:42:48.121, ubuntu22-b, 0.004819
2023-07-18T18:42:48.326, ubuntu22-b, 0.005367
2023-07-18T18:42:48.534, ubuntu22-b, 0.007499
2023-07-18T18:42:48.739, ubuntu22-b, 0.004814
2023-07-18T18:42:48.945, ubuntu22-b, 0.004960
2023-07-18T18:42:49.150, ubuntu22-b, 0.005098
2023-07-18T18:42:49.355, ubuntu22-b, 0.004847
2023-07-18T18:42:49.567, ubuntu22-b, 0.011309
2023-07-18T18:42:49.772, ubuntu22-b, 0.004882
2023-07-18T18:42:49.978, ubuntu22-b, 0.005154
2023-07-18T18:42:50.183, ubuntu22-b, 0.005015
2023-07-18T18:42:50.389, ubuntu22-b, 0.005057
2023-07-18T18:42:50.595, ubuntu22-b, 0.005733
2023-07-18T18:42:50.801, ubuntu22-b, 0.005431
2023-07-18T18:42:51.006, ubuntu22-b, 0.005321
2023-07-18T18:42:51.211, ubuntu22-b, 0.004782
2023-07-18T18:42:51.416, ubuntu22-b, 0.004838
2023-07-18T18:42:51.624, ubuntu22-b, 0.007525
2023-07-18T18:42:51.830, ubuntu22-b, 0.004868
2023-07-18T18:42:52.035, ubuntu22-b, 0.004921
2023-07-18T18:42:52.241, ubuntu22-d, 0.005353
2023-07-18T18:42:52.446, ubuntu22-d, 0.004745
2023-07-18T18:42:52.651, ubuntu22-d, 0.004811
2023-07-18T18:42:52.856, ubuntu22-d, 0.004802
2023-07-18T18:42:53.062, ubuntu22-b, 0.004970
2023-07-18T18:42:53.267, ubuntu22-d, 0.004796
2023-07-18T18:42:53.472, ubuntu22-b, 0.004851
2023-07-18T18:42:53.677, ubuntu22-b, 0.004860
2023-07-18T18:42:53.882, ubuntu22-b, 0.004644
2023-07-18T18:42:54.086, , 
2023-07-18T18:42:54.292, ubuntu22-d, 0.004882
2023-07-18T18:42:54.498, ubuntu22-d, 0.005531
2023-07-18T18:42:54.703, ubuntu22-d, 0.004930
2023-07-18T18:42:54.908, ubuntu22-d, 0.004750
2023-07-18T18:42:55.114, ubuntu22-d, 0.005294
2023-07-18T18:42:55.320, ubuntu22-d, 0.005638
2023-07-18T18:42:55.525, ubuntu22-d, 0.004804
2023-07-18T18:42:55.730, ubuntu22-d, 0.004796
2023-07-18T18:42:55.935, ubuntu22-d, 0.004876
2023-07-18T18:42:56.144, ubuntu22-d, 0.007931
2023-07-18T18:42:56.349, ubuntu22-d, 0.004911
2023-07-18T18:42:56.554, ubuntu22-d, 0.004910
2023-07-18T18:42:56.759, ubuntu22-d, 0.004831
2023-07-18T18:42:56.964, ubuntu22-d, 0.004951
2023-07-18T18:42:57.170, ubuntu22-d, 0.004866
2023-07-18T18:42:57.375, ubuntu22-d, 0.005153
2023-07-18T18:42:57.581, ubuntu22-d, 0.005619
2023-07-18T18:42:57.787, ubuntu22-d, 0.005307
2023-07-18T18:42:57.992, ubuntu22-d, 0.004832
2023-07-18T18:42:58.197, ubuntu22-d, 0.004941
2023-07-18T18:42:58.405, ubuntu22-d, 0.007497
2023-07-18T18:42:58.611, ubuntu22-d, 0.004999
2023-07-18T18:42:58.816, ubuntu22-d, 0.005414
2023-07-18T18:42:59.022, ubuntu22-d, 0.005270
2023-07-18T18:42:59.227, ubuntu22-d, 0.005019
2023-07-18T18:42:59.433, ubuntu22-d, 0.005539
2023-07-18T18:42:59.639, ubuntu22-d, 0.004914
2023-07-18T18:42:59.844, ubuntu22-d, 0.005218
2023-07-18T18:43:00.051, ubuntu22-d, 0.005964
2023-07-18T18:43:00.258, ubuntu22-d, 0.006776
2023-07-18T18:43:00.463, ubuntu22-d, 0.004963
2023-07-18T18:43:00.668, ubuntu22-d, 0.005027
2023-07-18T18:43:00.874, ubuntu22-d, 0.005019
2023-07-18T18:43:01.079, ubuntu22-d, 0.004689
2023-07-18T18:43:01.284, ubuntu22-d, 0.004704
2023-07-18T18:43:01.489, ubuntu22-d, 0.005057
2023-07-18T18:43:01.695, ubuntu22-d, 0.005516
2023-07-18T18:43:01.900, ubuntu22-d, 0.004866
2023-07-18T18:43:02.106, ubuntu22-d, 0.004913
2023-07-18T18:43:02.311, ubuntu22-d, 0.004658
2023-07-18T18:43:02.516, ubuntu22-d, 0.004892
2023-07-18T18:43:02.722, ubuntu22-b, 0.005189
2023-07-18T18:43:02.927, ubuntu22-d, 0.004663
2023-07-18T18:43:03.132, ubuntu22-d, 0.004740
2023-07-18T18:43:03.337, ubuntu22-b, 0.004841
2023-07-18T18:43:03.543, ubuntu22-d, 0.005618
2023-07-18T18:43:03.748, ubuntu22-d, 0.004608
2023-07-18T18:43:03.953, ubuntu22-d, 0.004748
2023-07-18T18:43:04.157, , 
2023-07-18T18:43:04.364, ubuntu22-b, 0.006320
2023-07-18T18:43:04.573, ubuntu22-b, 0.008682
2023-07-18T18:43:04.843, ubuntu22-b, 0.070270
2023-07-18T18:43:05.053, ubuntu22-b, 0.008930
2023-07-18T18:43:05.273, ubuntu22-b, 0.020093
2023-07-18T18:43:05.485, ubuntu22-b, 0.011416
2023-07-18T18:43:05.690, ubuntu22-b, 0.004785
2023-07-18T18:43:05.895, ubuntu22-b, 0.004774
2023-07-18T18:43:06.100, ubuntu22-b, 0.004733
2023-07-18T18:43:06.306, ubuntu22-b, 0.005364
2023-07-18T18:43:06.514, ubuntu22-b, 0.007408
2023-07-18T18:43:06.719, ubuntu22-b, 0.004799
2023-07-18T18:43:06.924, ubuntu22-b, 0.004771
2023-07-18T18:43:07.134, ubuntu22-b, 0.009426
2023-07-18T18:43:07.340, ubuntu22-b, 0.005229
2023-07-18T18:43:07.546, ubuntu22-b, 0.005217
2023-07-18T18:43:07.753, ubuntu22-b, 0.006960
2023-07-18T18:43:07.959, ubuntu22-b, 0.005394
2023-07-18T18:43:08.165, ubuntu22-b, 0.005171
2023-07-18T18:43:08.374, ubuntu22-b, 0.008447
2023-07-18T18:43:08.580, ubuntu22-b, 0.005967
2023-07-18T18:43:08.786, ubuntu22-b, 0.005171
2023-07-18T18:43:08.991, ubuntu22-b, 0.005423
2023-07-18T18:43:09.199, ubuntu22-d, 0.006587
2023-07-18T18:43:09.413, ubuntu22-b, 0.014475
2023-07-18T18:43:09.623, ubuntu22-b, 0.008610
2023-07-18T18:43:09.828, ubuntu22-b, 0.004910
2023-07-18T18:43:10.034, ubuntu22-b, 0.005123
2023-07-18T18:43:10.240, ubuntu22-d, 0.005820
2023-07-18T18:43:10.446, ubuntu22-d, 0.005713
2023-07-18T18:43:10.651, ubuntu22-d, 0.005203
2023-07-18T18:43:10.857, ubuntu22-d, 0.005305
2023-07-18T18:43:11.064, ubuntu22-d, 0.006330
2023-07-18T18:43:11.270, ubuntu22-d, 0.005738
2023-07-18T18:43:11.476, ubuntu22-d, 0.005952
2023-07-18T18:43:11.682, ubuntu22-d, 0.004981
2023-07-18T18:43:11.887, ubuntu22-d, 0.004969
2023-07-18T18:43:12.092, ubuntu22-d, 0.005182
2023-07-18T18:43:12.298, ubuntu22-d, 0.005378
2023-07-18T18:43:12.504, ubuntu22-d, 0.005152
2023-07-18T18:43:12.709, ubuntu22-d, 0.005043
2023-07-18T18:43:12.914, ubuntu22-d, 0.004874
2023-07-18T18:43:13.120, ubuntu22-d, 0.004924
2023-07-18T18:43:13.325, ubuntu22-d, 0.005102
2023-07-18T18:43:13.531, ubuntu22-d, 0.005070
2023-07-18T18:43:13.736, ubuntu22-d, 0.005267
2023-07-18T18:43:13.942, ubuntu22-d, 0.005141
2023-07-18T18:43:14.147, ubuntu22-d, 0.004895
2023-07-18T18:43:14.352, ubuntu22-d, 0.005066
2023-07-18T18:43:14.558, ubuntu22-d, 0.004882
2023-07-18T18:43:14.764, ubuntu22-d, 0.005516
2023-07-18T18:43:14.970, ubuntu22-d, 0.006107
2023-07-18T18:43:15.175, ubuntu22-d, 0.005059
2023-07-18T18:43:15.385, ubuntu22-d, 0.009376
2023-07-18T18:43:15.590, ubuntu22-d, 0.004758
2023-07-18T18:43:15.796, ubuntu22-d, 0.004964
2023-07-18T18:43:16.001, ubuntu22-d, 0.005055
2023-07-18T18:43:16.207, ubuntu22-d, 0.006115
2023-07-18T18:43:16.413, ubuntu22-d, 0.005489
2023-07-18T18:43:16.619, ubuntu22-d, 0.005126
2023-07-18T18:43:16.824, ubuntu22-d, 0.005045
2023-07-18T18:43:17.030, ubuntu22-d, 0.005411
2023-07-18T18:43:17.236, ubuntu22-d, 0.005223
2023-07-18T18:43:17.441, ubuntu22-d, 0.004835
2023-07-18T18:43:17.647, ubuntu22-d, 0.004705
2023-07-18T18:43:17.852, ubuntu22-d, 0.004834
2023-07-18T18:43:18.058, ubuntu22-c, 0.005713
2023-07-18T18:43:18.263, ubuntu22-c, 0.005071
2023-07-18T18:43:18.469, ubuntu22-d, 0.005445
2023-07-18T18:43:18.675, ubuntu22-c, 0.005042
2023-07-18T18:43:18.880, ubuntu22-c, 0.005385
2023-07-18T18:43:19.086, ubuntu22-d, 0.005387
2023-07-18T18:43:19.292, ubuntu22-c, 0.005149
2023-07-18T18:43:19.497, ubuntu22-c, 0.004848
2023-07-18T18:43:19.702, ubuntu22-c, 0.004948
2023-07-18T18:43:19.908, ubuntu22-c, 0.005543
2023-07-18T18:43:20.114, ubuntu22-c, 0.005363
2023-07-18T18:43:20.319, ubuntu22-c, 0.004987
2023-07-18T18:43:20.525, ubuntu22-c, 0.005247
2023-07-18T18:43:20.730, ubuntu22-c, 0.005216
2023-07-18T18:43:20.936, ubuntu22-c, 0.005090
2023-07-18T18:43:21.142, ubuntu22-c, 0.005828
2023-07-18T18:43:21.348, ubuntu22-c, 0.005450
2023-07-18T18:43:21.554, ubuntu22-c, 0.005559
2023-07-18T18:43:21.759, ubuntu22-c, 0.004868
2023-07-18T18:43:21.964, ubuntu22-c, 0.004910
2023-07-18T18:43:22.172, ubuntu22-c, 0.007779
2023-07-18T18:43:22.378, ubuntu22-c, 0.004853
2023-07-18T18:43:22.583, ubuntu22-c, 0.004879
2023-07-18T18:43:22.788, ubuntu22-c, 0.005010
2023-07-18T18:43:22.994, ubuntu22-c, 0.005049
2023-07-18T18:43:23.199, ubuntu22-c, 0.005073
2023-07-18T18:43:23.404, ubuntu22-c, 0.004821
2023-07-18T18:43:23.609, ubuntu22-c, 0.004693
2023-07-18T18:43:23.814, ubuntu22-c, 0.004730
2023-07-18T18:43:24.019, ubuntu22-c, 0.004794
2023-07-18T18:43:24.225, ubuntu22-c, 0.004793
2023-07-18T18:43:24.430, ubuntu22-c, 0.005480
2023-07-18T18:43:24.636, ubuntu22-c, 0.005091
2023-07-18T18:43:24.841, ubuntu22-c, 0.004731
2023-07-18T18:43:25.046, ubuntu22-c, 0.004969
2023-07-18T18:43:25.252, ubuntu22-d, 0.005299
2023-07-18T18:43:25.457, ubuntu22-d, 0.004863
2023-07-18T18:43:25.663, ubuntu22-d, 0.005454
2023-07-18T18:43:25.868, ubuntu22-d, 0.004998
2023-07-18T18:43:26.074, ubuntu22-d, 0.005056
2023-07-18T18:43:26.279, ubuntu22-d, 0.004723
2023-07-18T18:43:26.484, ubuntu22-c, 0.004969
2023-07-18T18:43:26.701, ubuntu22-d, 0.012744
2023-07-18T18:43:26.909, ubuntu22-d, 0.007475
2023-07-18T18:43:27.115, ubuntu22-d, 0.005105
2023-07-18T18:43:27.320, ubuntu22-d, 0.005044
2023-07-18T18:43:27.526, ubuntu22-d, 0.005878
2023-07-18T18:43:27.732, ubuntu22-d, 0.004931
2023-07-18T18:43:27.937, ubuntu22-d, 0.004687
2023-07-18T18:43:28.142, ubuntu22-d, 0.004870
2023-07-18T18:43:28.348, ubuntu22-d, 0.005256
2023-07-18T18:43:28.553, ubuntu22-d, 0.005114
2023-07-18T18:43:28.759, ubuntu22-d, 0.005201
2023-07-18T18:43:28.964, ubuntu22-d, 0.004859
2023-07-18T18:43:29.169, ubuntu22-d, 0.004862
2023-07-18T18:43:29.374, ubuntu22-d, 0.004897
2023-07-18T18:43:29.579, ubuntu22-d, 0.004969
2023-07-18T18:43:29.785, ubuntu22-d, 0.005271
2023-07-18T18:43:29.990, ubuntu22-d, 0.004862
2023-07-18T18:43:30.196, ubuntu22-d, 0.005044
2023-07-18T18:43:30.402, ubuntu22-d, 0.006163
2023-07-18T18:43:30.608, ubuntu22-d, 0.005229
2023-07-18T18:43:30.813, ubuntu22-d, 0.005105
2023-07-18T18:43:31.019, ubuntu22-d, 0.005045
2023-07-18T18:43:31.224, ubuntu22-d, 0.005000
2023-07-18T18:43:31.429, ubuntu22-d, 0.005202
2023-07-18T18:43:31.635, ubuntu22-d, 0.005004
2023-07-18T18:43:31.840, ubuntu22-d, 0.004975
2023-07-18T18:43:32.045, ubuntu22-d, 0.005007
2023-07-18T18:43:32.250, ubuntu22-d, 0.004794
2023-07-18T18:43:32.456, ubuntu22-d, 0.004761
2023-07-18T18:43:32.661, ubuntu22-d, 0.004854
2023-07-18T18:43:32.866, ubuntu22-d, 0.005355
2023-07-18T18:43:33.072, ubuntu22-c, 0.005551
2023-07-18T18:43:33.277, ubuntu22-c, 0.004741
2023-07-18T18:43:33.482, ubuntu22-c, 0.004562
2023-07-18T18:43:33.688, ubuntu22-d, 0.004888
2023-07-18T18:43:33.893, ubuntu22-c, 0.005450
2023-07-18T18:43:34.099, ubuntu22-c, 0.005193
2023-07-18T18:43:34.304, ubuntu22-c, 0.004909
2023-07-18T18:43:34.512, ubuntu22-c, 0.007375
2023-07-18T18:43:34.718, ubuntu22-c, 0.005681
2023-07-18T18:43:34.923, ubuntu22-c, 0.004704
2023-07-18T18:43:35.135, ubuntu22-c, 0.011769
2023-07-18T18:43:35.341, ubuntu22-c, 0.005173
2023-07-18T18:43:35.546, ubuntu22-c, 0.004838
2023-07-18T18:43:35.751, ubuntu22-c, 0.005044
2023-07-18T18:43:35.957, ubuntu22-c, 0.005050
2023-07-18T18:43:36.162, ubuntu22-c, 0.004985
2023-07-18T18:43:36.367, ubuntu22-c, 0.004912
2023-07-18T18:43:36.573, ubuntu22-c, 0.004928
2023-07-18T18:43:36.778, ubuntu22-c, 0.005058
2023-07-18T18:43:36.985, ubuntu22-c, 0.004934
2023-07-18T18:43:37.190, ubuntu22-c, 0.004796
2023-07-18T18:43:37.395, ubuntu22-c, 0.004702
2023-07-18T18:43:37.600, ubuntu22-c, 0.004895
2023-07-18T18:43:37.806, ubuntu22-c, 0.005140
2023-07-18T18:43:38.011, ubuntu22-c, 0.004927
2023-07-18T18:43:38.216, ubuntu22-c, 0.004940
2023-07-18T18:43:38.432, ubuntu22-c, 0.015064
2023-07-18T18:43:38.637, ubuntu22-c, 0.004939
2023-07-18T18:43:38.842, ubuntu22-c, 0.004847
2023-07-18T18:43:39.048, ubuntu22-c, 0.005527
2023-07-18T18:43:39.254, ubuntu22-c, 0.004862
2023-07-18T18:43:39.459, ubuntu22-c, 0.004635
2023-07-18T18:43:39.664, ubuntu22-c, 0.004728
2023-07-18T18:43:39.869, ubuntu22-c, 0.004788
2023-07-18T18:43:40.074, ubuntu22-c, 0.004797
2023-07-18T18:43:40.279, ubuntu22-c, 0.004759
2023-07-18T18:43:40.484, ubuntu22-c, 0.004874
2023-07-18T18:43:40.689, ubuntu22-c, 0.004923
2023-07-18T18:43:40.894, ubuntu22-c, 0.004761
2023-07-18T18:43:41.100, ubuntu22-c, 0.005008
2023-07-18T18:43:41.305, ubuntu22-c, 0.005300
2023-07-18T18:43:41.511, ubuntu22-c, 0.005798
2023-07-18T18:43:41.717, ubuntu22-c, 0.005065
2023-07-18T18:43:41.922, ubuntu22-c, 0.004997
2023-07-18T18:43:42.128, ubuntu22-c, 0.005172
2023-07-18T18:43:42.333, ubuntu22-c, 0.005042
2023-07-18T18:43:42.539, ubuntu22-c, 0.005219
2023-07-18T18:43:42.744, ubuntu22-c, 0.005143
2023-07-18T18:43:42.950, ubuntu22-c, 0.005036
2023-07-18T18:43:43.156, ubuntu22-c, 0.005311
2023-07-18T18:43:43.361, ubuntu22-c, 0.005097
2023-07-18T18:43:43.567, ubuntu22-c, 0.005205
2023-07-18T18:43:43.772, ubuntu22-c, 0.005065
2023-07-18T18:43:43.978, ubuntu22-c, 0.005333
2023-07-18T18:43:44.184, ubuntu22-c, 0.005496
2023-07-18T18:43:44.389, ubuntu22-c, 0.005011
2023-07-18T18:43:44.595, ubuntu22-c, 0.005093
2023-07-18T18:43:44.800, ubuntu22-c, 0.005047
2023-07-18T18:43:45.006, ubuntu22-c, 0.005238
2023-07-18T18:43:45.212, ubuntu22-c, 0.005074
2023-07-18T18:43:45.418, ubuntu22-b, 0.005853
2023-07-18T18:43:45.624, ubuntu22-b, 0.004992
2023-07-18T18:43:45.829, ubuntu22-b, 0.005185
2023-07-18T18:43:46.035, ubuntu22-b, 0.005301
2023-07-18T18:43:46.240, , 
2023-07-18T18:43:46.448, ubuntu22-b, 0.007508
2023-07-18T18:43:46.665, ubuntu22-b, 0.017060
2023-07-18T18:43:46.873, ubuntu22-b, 0.007599
2023-07-18T18:43:47.097, ubuntu22-b, 0.023691
2023-07-18T18:43:47.309, ubuntu22-b, 0.011845
2023-07-18T18:43:47.515, ubuntu22-b, 0.005460
2023-07-18T18:43:47.725, ubuntu22-b, 0.009280
2023-07-18T18:43:47.930, ubuntu22-b, 0.004892
2023-07-18T18:43:48.136, ubuntu22-b, 0.004955
2023-07-18T18:43:48.341, ubuntu22-b, 0.004864
2023-07-18T18:43:48.548, ubuntu22-b, 0.005928
2023-07-18T18:43:48.753, ubuntu22-b, 0.005230
2023-07-18T18:43:48.959, ubuntu22-b, 0.005066
2023-07-18T18:43:49.165, ubuntu22-b, 0.005931
2023-07-18T18:43:49.371, ubuntu22-b, 0.005075
2023-07-18T18:43:49.576, ubuntu22-b, 0.004801
2023-07-18T18:43:49.781, ubuntu22-b, 0.005013
2023-07-18T18:43:49.987, ubuntu22-b, 0.004783
2023-07-18T18:43:50.192, ubuntu22-b, 0.005073
2023-07-18T18:43:50.397, ubuntu22-b, 0.004894
2023-07-18T18:43:50.603, ubuntu22-b, 0.005839
2023-07-18T18:43:50.810, ubuntu22-b, 0.005577
2023-07-18T18:43:51.015, ubuntu22-b, 0.005282
2023-07-18T18:43:51.221, ubuntu22-b, 0.005119
2023-07-18T18:43:51.426, ubuntu22-b, 0.005155
2023-07-18T18:43:51.632, ubuntu22-b, 0.004835
2023-07-18T18:43:51.837, ubuntu22-b, 0.004761
2023-07-18T18:43:52.042, ubuntu22-b, 0.004848
2023-07-18T18:43:52.249, ubuntu22-b, 0.007161
2023-07-18T18:43:52.455, ubuntu22-b, 0.004834
2023-07-18T18:43:52.660, ubuntu22-b, 0.005041
2023-07-18T18:43:52.866, ubuntu22-d, 0.005301
2023-07-18T18:43:53.071, ubuntu22-d, 0.005169
2023-07-18T18:43:53.276, ubuntu22-d, 0.004944
2023-07-18T18:43:53.483, ubuntu22-d, 0.006119
2023-07-18T18:43:53.688, ubuntu22-d, 0.004828
2023-07-18T18:43:53.893, ubuntu22-d, 0.005097
2023-07-18T18:43:54.099, ubuntu22-d, 0.005131
2023-07-18T18:43:54.304, ubuntu22-d, 0.005002
2023-07-18T18:43:54.511, ubuntu22-d, 0.006074
2023-07-18T18:43:54.716, ubuntu22-d, 0.005144
2023-07-18T18:43:54.922, ubuntu22-d, 0.005136
2023-07-18T18:43:55.127, ubuntu22-d, 0.005064
2023-07-18T18:43:55.340, ubuntu22-d, 0.010710
2023-07-18T18:43:55.546, ubuntu22-d, 0.005218
2023-07-18T18:43:55.752, ubuntu22-d, 0.005672
2023-07-18T18:43:55.957, ubuntu22-d, 0.005196
2023-07-18T18:43:56.163, ubuntu22-d, 0.005278
2023-07-18T18:43:56.369, ubuntu22-d, 0.005255
2023-07-18T18:43:56.574, ubuntu22-d, 0.005297
2023-07-18T18:43:56.780, ubuntu22-d, 0.005345
2023-07-18T18:43:56.994, ubuntu22-d, 0.011342
2023-07-18T18:43:57.200, ubuntu22-d, 0.005545
2023-07-18T18:43:57.406, ubuntu22-d, 0.005595
2023-07-18T18:43:57.611, ubuntu22-d, 0.005185
2023-07-18T18:43:57.818, ubuntu22-d, 0.005670
2023-07-18T18:43:58.025, ubuntu22-d, 0.006943
2023-07-18T18:43:58.232, ubuntu22-d, 0.006658
2023-07-18T18:43:58.438, ubuntu22-d, 0.005750
2023-07-18T18:43:58.645, ubuntu22-d, 0.005987
2023-07-18T18:43:58.851, ubuntu22-d, 0.005611
2023-07-18T18:43:59.057, ubuntu22-d, 0.005629
2023-07-18T18:43:59.263, ubuntu22-c, 0.005619
2023-07-18T18:43:59.468, ubuntu22-d, 0.005244
2023-07-18T18:43:59.674, ubuntu22-c, 0.005084
2023-07-18T18:43:59.879, ubuntu22-c, 0.005048
2023-07-18T18:44:00.085, ubuntu22-c, 0.005201
2023-07-18T18:44:00.290, ubuntu22-c, 0.005006
2023-07-18T18:44:00.496, ubuntu22-c, 0.005399
2023-07-18T18:44:00.702, ubuntu22-c, 0.005480
2023-07-18T18:44:00.908, ubuntu22-c, 0.005341
2023-07-18T18:44:01.113, ubuntu22-c, 0.005441
2023-07-18T18:44:01.320, ubuntu22-c, 0.006338
2023-07-18T18:44:01.526, ubuntu22-c, 0.005329
2023-07-18T18:44:01.731, ubuntu22-c, 0.005238
2023-07-18T18:44:01.937, ubuntu22-c, 0.005049
2023-07-18T18:44:02.142, ubuntu22-c, 0.004849
2023-07-18T18:44:02.347, ubuntu22-c, 0.004847
2023-07-18T18:44:02.552, ubuntu22-c, 0.004840
2023-07-18T18:44:02.758, ubuntu22-c, 0.005279
2023-07-18T18:44:02.963, ubuntu22-c, 0.004912
2023-07-18T18:44:03.168, ubuntu22-c, 0.004719
2023-07-18T18:44:03.374, ubuntu22-c, 0.005196
2023-07-18T18:44:03.579, ubuntu22-c, 0.004986
2023-07-18T18:44:03.784, ubuntu22-c, 0.004860
2023-07-18T18:44:03.990, ubuntu22-c, 0.004864
2023-07-18T18:44:04.195, ubuntu22-c, 0.004728
2023-07-18T18:44:04.400, ubuntu22-c, 0.005316
2023-07-18T18:44:04.606, ubuntu22-c, 0.005006
2023-07-18T18:44:04.811, ubuntu22-c, 0.005022
2023-07-18T18:44:05.016, ubuntu22-c, 0.005076
2023-07-18T18:44:05.222, ubuntu22-c, 0.005174
2023-07-18T18:44:05.428, ubuntu22-c, 0.005273
2023-07-18T18:44:05.633, ubuntu22-c, 0.005080
2023-07-18T18:44:05.840, ubuntu22-c, 0.006885
2023-07-18T18:44:06.046, ubuntu22-c, 0.005089
2023-07-18T18:44:06.251, ubuntu22-c, 0.004846
2023-07-18T18:44:06.456, ubuntu22-c, 0.004962
2023-07-18T18:44:06.662, ubuntu22-c, 0.004916
2023-07-18T18:44:06.867, ubuntu22-c, 0.005295
2023-07-18T18:44:07.073, ubuntu22-c, 0.005322
2023-07-18T18:44:07.278, ubuntu22-c, 0.004705
2023-07-18T18:44:07.483, ubuntu22-c, 0.004863
2023-07-18T18:44:07.689, ubuntu22-c, 0.004974
2023-07-18T18:44:07.894, ubuntu22-c, 0.004800
2023-07-18T18:44:08.100, ubuntu22-c, 0.004988
2023-07-18T18:44:08.305, ubuntu22-c, 0.005273
2023-07-18T18:44:08.510, ubuntu22-c, 0.004871
2023-07-18T18:44:08.716, ubuntu22-c, 0.005185
2023-07-18T18:44:08.922, ubuntu22-c, 0.005869
2023-07-18T18:44:09.128, ubuntu22-c, 0.005136
2023-07-18T18:44:09.334, ubuntu22-b, 0.005665
2023-07-18T18:44:09.539, ubuntu22-b, 0.005061
2023-07-18T18:44:09.745, ubuntu22-b, 0.005194
2023-07-18T18:44:09.950, ubuntu22-c, 0.005171
2023-07-18T18:44:10.156, ubuntu22-b, 0.005056
2023-07-18T18:44:10.361, ubuntu22-b, 0.005137
2023-07-18T18:44:10.574, ubuntu22-b, 0.012064
2023-07-18T18:44:10.781, ubuntu22-b, 0.007127
2023-07-18T18:44:10.986, ubuntu22-b, 0.005008
2023-07-18T18:44:11.192, ubuntu22-b, 0.004975
2023-07-18T18:44:11.397, ubuntu22-b, 0.004763
2023-07-18T18:44:11.602, ubuntu22-b, 0.005073
2023-07-18T18:44:11.808, ubuntu22-b, 0.004946
2023-07-18T18:44:12.013, ubuntu22-b, 0.005088
2023-07-18T18:44:12.218, ubuntu22-b, 0.004644
2023-07-18T18:44:12.423, ubuntu22-b, 0.004659
2023-07-18T18:44:12.629, ubuntu22-b, 0.005707
2023-07-18T18:44:12.835, ubuntu22-b, 0.005037
2023-07-18T18:44:13.040, ubuntu22-b, 0.004901
2023-07-18T18:44:13.245, ubuntu22-b, 0.004747
2023-07-18T18:44:13.450, ubuntu22-b, 0.004827
2023-07-18T18:44:13.655, ubuntu22-b, 0.004848
2023-07-18T18:44:13.861, ubuntu22-b, 0.005862
2023-07-18T18:44:14.067, ubuntu22-b, 0.005022
2023-07-18T18:44:14.273, ubuntu22-b, 0.005246
2023-07-18T18:44:14.478, ubuntu22-b, 0.004978
2023-07-18T18:44:14.683, ubuntu22-b, 0.004815
2023-07-18T18:44:14.888, ubuntu22-b, 0.004774
2023-07-18T18:44:15.094, ubuntu22-b, 0.005240
2023-07-18T18:44:15.299, ubuntu22-b, 0.004757
2023-07-18T18:44:15.505, ubuntu22-d, 0.005763
2023-07-18T18:44:15.710, ubuntu22-b, 0.004604
2023-07-18T18:44:15.916, ubuntu22-b, 0.005764
2023-07-18T18:44:16.122, ubuntu22-b, 0.005427
2023-07-18T18:44:16.327, ubuntu22-d, 0.004914
2023-07-18T18:44:16.537, ubuntu22-b, 0.009205
2023-07-18T18:44:16.744, ubuntu22-d, 0.006810
2023-07-18T18:44:16.950, ubuntu22-d, 0.005181
2023-07-18T18:44:17.155, ubuntu22-d, 0.005037
2023-07-18T18:44:17.361, ubuntu22-d, 0.005028
2023-07-18T18:44:17.566, ubuntu22-d, 0.005083
2023-07-18T18:44:17.772, ubuntu22-d, 0.005340
2023-07-18T18:44:17.977, ubuntu22-d, 0.005188
2023-07-18T18:44:18.183, ubuntu22-d, 0.005203
2023-07-18T18:44:18.389, ubuntu22-d, 0.005195
2023-07-18T18:44:18.594, ubuntu22-d, 0.004961
2023-07-18T18:44:18.799, ubuntu22-d, 0.005226
2023-07-18T18:44:19.005, ubuntu22-d, 0.005374
2023-07-18T18:44:19.210, ubuntu22-d, 0.004824
2023-07-18T18:44:19.416, ubuntu22-d, 0.004986
2023-07-18T18:44:19.623, ubuntu22-d, 0.007222
2023-07-18T18:44:19.828, ubuntu22-d, 0.004798
2023-07-18T18:44:20.034, ubuntu22-d, 0.005257
2023-07-18T18:44:20.241, ubuntu22-d, 0.007060
2023-07-18T18:44:20.447, ubuntu22-d, 0.005013
2023-07-18T18:44:20.652, ubuntu22-d, 0.005133
2023-07-18T18:44:20.858, ubuntu22-d, 0.005004
2023-07-18T18:44:21.063, ubuntu22-d, 0.004848
2023-07-18T18:44:21.268, ubuntu22-d, 0.004978
2023-07-18T18:44:21.474, ubuntu22-d, 0.005019
2023-07-18T18:44:21.682, ubuntu22-d, 0.007548
2023-07-18T18:44:21.887, ubuntu22-d, 0.005061
2023-07-18T18:44:22.092, ubuntu22-d, 0.005039
2023-07-18T18:44:22.298, ubuntu22-d, 0.005144
2023-07-18T18:44:22.503, ubuntu22-d, 0.004916
2023-07-18T18:44:22.708, ubuntu22-d, 0.005119
2023-07-18T18:44:22.914, ubuntu22-d, 0.005137
2023-07-18T18:44:23.119, ubuntu22-d, 0.005046
2023-07-18T18:44:23.325, ubuntu22-c, 0.005623
2023-07-18T18:44:23.531, ubuntu22-d, 0.004985
2023-07-18T18:44:23.736, ubuntu22-d, 0.004995
2023-07-18T18:44:23.945, ubuntu22-d, 0.008204
2023-07-18T18:44:24.150, ubuntu22-c, 0.004998
2023-07-18T18:44:24.356, ubuntu22-c, 0.005277
2023-07-18T18:44:24.562, ubuntu22-d, 0.005162
2023-07-18T18:44:24.767, ubuntu22-d, 0.005453
2023-07-18T18:44:24.975, ubuntu22-c, 0.006881
2023-07-18T18:44:25.182, ubuntu22-c, 0.006711
2023-07-18T18:44:25.387, ubuntu22-c, 0.004930
2023-07-18T18:44:25.594, ubuntu22-c, 0.006410
2023-07-18T18:44:25.801, ubuntu22-c, 0.006727
2023-07-18T18:44:26.006, ubuntu22-c, 0.004874
2023-07-18T18:44:26.211, ubuntu22-c, 0.005021
2023-07-18T18:44:26.417, ubuntu22-c, 0.005275
2023-07-18T18:44:26.622, ubuntu22-c, 0.004905
2023-07-18T18:44:26.828, ubuntu22-c, 0.005035
2023-07-18T18:44:27.033, ubuntu22-c, 0.005343
2023-07-18T18:44:27.239, ubuntu22-c, 0.004759
2023-07-18T18:44:27.444, ubuntu22-c, 0.004860
2023-07-18T18:44:27.649, ubuntu22-c, 0.005256
2023-07-18T18:44:27.855, ubuntu22-c, 0.005200
2023-07-18T18:44:28.060, ubuntu22-c, 0.004855
2023-07-18T18:44:28.265, ubuntu22-c, 0.004898
2023-07-18T18:44:28.471, ubuntu22-c, 0.004828
2023-07-18T18:44:28.676, ubuntu22-c, 0.005137
2023-07-18T18:44:28.882, ubuntu22-c, 0.005214
2023-07-18T18:44:29.087, ubuntu22-c, 0.005038
2023-07-18T18:44:29.293, ubuntu22-c, 0.004956
2023-07-18T18:44:29.498, ubuntu22-c, 0.004911
2023-07-18T18:44:29.703, ubuntu22-c, 0.005086
2023-07-18T18:44:29.909, ubuntu22-c, 0.004953
2023-07-18T18:44:30.114, ubuntu22-c, 0.005067
2023-07-18T18:44:30.319, ubuntu22-c, 0.005009
2023-07-18T18:44:30.525, ubuntu22-c, 0.005000
2023-07-18T18:44:30.731, ubuntu22-d, 0.005640
2023-07-18T18:44:30.936, ubuntu22-d, 0.004958
2023-07-18T18:44:31.142, ubuntu22-c, 0.005040
2023-07-18T18:44:31.347, ubuntu22-c, 0.004842
2023-07-18T18:44:31.552, ubuntu22-c, 0.004841
2023-07-18T18:44:31.760, ubuntu22-c, 0.007717
2023-07-18T18:44:31.966, ubuntu22-d, 0.005077
2023-07-18T18:44:32.171, ubuntu22-d, 0.004882
2023-07-18T18:44:32.383, ubuntu22-d, 0.012025
2023-07-18T18:44:32.589, ubuntu22-d, 0.004847
2023-07-18T18:44:32.795, ubuntu22-d, 0.005858
2023-07-18T18:44:33.000, ubuntu22-d, 0.005092
2023-07-18T18:44:33.213, ubuntu22-d, 0.012668
2023-07-18T18:44:33.419, ubuntu22-d, 0.004909
2023-07-18T18:44:33.625, ubuntu22-d, 0.004993
2023-07-18T18:44:33.830, ubuntu22-d, 0.004602
2023-07-18T18:44:34.035, ubuntu22-d, 0.005140
2023-07-18T18:44:34.240, ubuntu22-d, 0.004567
2023-07-18T18:44:34.445, ubuntu22-d, 0.004865
2023-07-18T18:44:34.651, ubuntu22-d, 0.004981
2023-07-18T18:44:34.856, ubuntu22-d, 0.005060
2023-07-18T18:44:35.062, ubuntu22-d, 0.005711
2023-07-18T18:44:35.267, ubuntu22-d, 0.004858
2023-07-18T18:44:35.474, ubuntu22-d, 0.006056
2023-07-18T18:44:35.679, ubuntu22-d, 0.005070
2023-07-18T18:44:35.885, ubuntu22-d, 0.005008
2023-07-18T18:44:36.091, ubuntu22-d, 0.005750
2023-07-18T18:44:36.296, ubuntu22-d, 0.004940
2023-07-18T18:44:36.501, ubuntu22-d, 0.005045
2023-07-18T18:44:36.707, ubuntu22-d, 0.004951
2023-07-18T18:44:36.912, ubuntu22-d, 0.005267
2023-07-18T18:44:37.118, ubuntu22-d, 0.005124
2023-07-18T18:44:37.324, ubuntu22-d, 0.005124
2023-07-18T18:44:37.529, ubuntu22-d, 0.005182
2023-07-18T18:44:37.734, ubuntu22-d, 0.004927
2023-07-18T18:44:37.940, ubuntu22-d, 0.004965
2023-07-18T18:44:38.148, ubuntu22-d, 0.007456
2023-07-18T18:44:38.353, ubuntu22-d, 0.005265
2023-07-18T18:44:38.559, ubuntu22-d, 0.004900
2023-07-18T18:44:38.764, ubuntu22-d, 0.005142
2023-07-18T18:44:38.970, ubuntu22-d, 0.005007
2023-07-18T18:44:39.175, ubuntu22-d, 0.005258
2023-07-18T18:44:39.382, ubuntu22-d, 0.005711
2023-07-18T18:44:39.587, ubuntu22-d, 0.005131
2023-07-18T18:44:39.792, ubuntu22-d, 0.004901
2023-07-18T18:44:39.998, ubuntu22-d, 0.004927
2023-07-18T18:44:40.203, ubuntu22-d, 0.005098
2023-07-18T18:44:40.410, ubuntu22-d, 0.006042
2023-07-18T18:44:40.615, ubuntu22-d, 0.005182
2023-07-18T18:44:40.821, ubuntu22-d, 0.005337
2023-07-18T18:44:41.027, ubuntu22-d, 0.005291
2023-07-18T18:44:41.232, ubuntu22-d, 0.004926
2023-07-18T18:44:41.442, ubuntu22-d, 0.008496
2023-07-18T18:44:41.648, ubuntu22-d, 0.005121
2023-07-18T18:44:41.853, ubuntu22-d, 0.005057
2023-07-18T18:44:42.058, ubuntu22-d, 0.004920
2023-07-18T18:44:42.264, ubuntu22-d, 0.004971
2023-07-18T18:44:42.470, ubuntu22-d, 0.005340
2023-07-18T18:44:42.675, ubuntu22-d, 0.005104
2023-07-18T18:44:42.880, ubuntu22-d, 0.004919
2023-07-18T18:44:43.086, ubuntu22-d, 0.005101
2023-07-18T18:44:43.292, ubuntu22-b, 0.005756
2023-07-18T18:44:43.501, ubuntu22-d, 0.008123
2023-07-18T18:44:43.706, ubuntu22-d, 0.004904
2023-07-18T18:44:43.912, ubuntu22-d, 0.005238
2023-07-18T18:44:44.118, ubuntu22-d, 0.005003
2023-07-18T18:44:44.323, ubuntu22-b, 0.005179
2023-07-18T18:44:44.529, ubuntu22-b, 0.005738
2023-07-18T18:44:44.735, ubuntu22-b, 0.004803
2023-07-18T18:44:44.940, ubuntu22-b, 0.004963
2023-07-18T18:44:45.144, , 
2023-07-18T18:44:45.349, ubuntu22-b, 0.005167
2023-07-18T18:44:45.555, ubuntu22-b, 0.004836
2023-07-18T18:44:45.766, ubuntu22-b, 0.010380
2023-07-18T18:44:45.971, ubuntu22-b, 0.004750
2023-07-18T18:44:46.176, ubuntu22-b, 0.004967
2023-07-18T18:44:46.381, ubuntu22-b, 0.004774
2023-07-18T18:44:46.597, ubuntu22-b, 0.015340
2023-07-18T18:44:46.834, ubuntu22-b, 0.036192
2023-07-18T18:44:47.039, ubuntu22-b, 0.005399
2023-07-18T18:44:47.245, ubuntu22-b, 0.005604
2023-07-18T18:44:47.451, ubuntu22-b, 0.005146
2023-07-18T18:44:47.661, ubuntu22-b, 0.010145
2023-07-18T18:44:47.867, ubuntu22-b, 0.005022
2023-07-18T18:44:48.073, ubuntu22-b, 0.005380
2023-07-18T18:44:48.278, ubuntu22-b, 0.005206
2023-07-18T18:44:48.484, ubuntu22-b, 0.005044
2023-07-18T18:44:48.690, ubuntu22-b, 0.005448
2023-07-18T18:44:48.895, ubuntu22-b, 0.004959
2023-07-18T18:44:49.100, ubuntu22-b, 0.005066
2023-07-18T18:44:49.306, ubuntu22-b, 0.005807
2023-07-18T18:44:49.512, ubuntu22-b, 0.005134
2023-07-18T18:44:49.717, ubuntu22-b, 0.004950
2023-07-18T18:44:49.922, ubuntu22-b, 0.004789
2023-07-18T18:44:50.128, ubuntu22-b, 0.005015
2023-07-18T18:44:50.334, ubuntu22-b, 0.004820
2023-07-18T18:44:50.541, ubuntu22-b, 0.005980
2023-07-18T18:44:50.746, ubuntu22-d, 0.005149
2023-07-18T18:44:50.952, ubuntu22-b, 0.005270
2023-07-18T18:44:51.157, ubuntu22-d, 0.004893
2023-07-18T18:44:51.362, ubuntu22-d, 0.004786
2023-07-18T18:44:51.568, ubuntu22-b, 0.005007
2023-07-18T18:44:51.773, ubuntu22-b, 0.004891
2023-07-18T18:44:51.978, ubuntu22-b, 0.004761
2023-07-18T18:44:52.186, ubuntu22-b, 0.006895
2023-07-18T18:44:52.391, ubuntu22-d, 0.004929
2023-07-18T18:44:52.596, ubuntu22-d, 0.004793
2023-07-18T18:44:52.801, ubuntu22-d, 0.004676
2023-07-18T18:44:53.007, ubuntu22-d, 0.005364
2023-07-18T18:44:53.212, ubuntu22-d, 0.004629
2023-07-18T18:44:53.418, ubuntu22-d, 0.005137
2023-07-18T18:44:53.623, ubuntu22-d, 0.004972
2023-07-18T18:44:53.828, ubuntu22-d, 0.004766
2023-07-18T18:44:54.033, ubuntu22-d, 0.004623
2023-07-18T18:44:54.239, ubuntu22-d, 0.005253
2023-07-18T18:44:54.448, ubuntu22-d, 0.008444
2023-07-18T18:44:54.654, ubuntu22-d, 0.005868
2023-07-18T18:44:54.860, ubuntu22-d, 0.004910
2023-07-18T18:44:55.065, ubuntu22-d, 0.005208
2023-07-18T18:44:55.271, ubuntu22-d, 0.004806
2023-07-18T18:44:55.476, ubuntu22-d, 0.005012
2023-07-18T18:44:55.681, ubuntu22-d, 0.004848
2023-07-18T18:44:55.886, ubuntu22-d, 0.004636
2023-07-18T18:44:56.095, ubuntu22-d, 0.008774
2023-07-18T18:44:56.305, ubuntu22-d, 0.009251
2023-07-18T18:44:56.512, ubuntu22-d, 0.006474
2023-07-18T18:44:56.721, ubuntu22-d, 0.008292
2023-07-18T18:44:56.926, ubuntu22-d, 0.005046
2023-07-18T18:44:57.132, ubuntu22-d, 0.005157
2023-07-18T18:44:57.337, ubuntu22-d, 0.004989
2023-07-18T18:44:57.543, ubuntu22-d, 0.005259
2023-07-18T18:44:57.749, ubuntu22-d, 0.005249
2023-07-18T18:44:57.954, ubuntu22-d, 0.004958
2023-07-18T18:44:58.160, ubuntu22-d, 0.005147
2023-07-18T18:44:58.366, ubuntu22-d, 0.005234
2023-07-18T18:44:58.571, ubuntu22-d, 0.005150
2023-07-18T18:44:58.777, ubuntu22-d, 0.004701
2023-07-18T18:44:58.982, ubuntu22-d, 0.004954
2023-07-18T18:44:59.187, ubuntu22-d, 0.004648
2023-07-18T18:44:59.393, ubuntu22-d, 0.005291
2023-07-18T18:44:59.598, ubuntu22-d, 0.004631
2023-07-18T18:44:59.803, ubuntu22-d, 0.004760
2023-07-18T18:45:00.009, ubuntu22-d, 0.004947
2023-07-18T18:45:00.214, ubuntu22-d, 0.004756
2023-07-18T18:45:00.420, ubuntu22-d, 0.005519
2023-07-18T18:45:00.625, ubuntu22-d, 0.004873
2023-07-18T18:45:00.838, ubuntu22-d, 0.012555
2023-07-18T18:45:01.043, ubuntu22-d, 0.004894
2023-07-18T18:45:01.251, ubuntu22-d, 0.007119
2023-07-18T18:45:01.456, ubuntu22-d, 0.004895
2023-07-18T18:45:01.661, ubuntu22-d, 0.004686
2023-07-18T18:45:01.866, ubuntu22-d, 0.004827
2023-07-18T18:45:02.072, ubuntu22-b, 0.005288
2023-07-18T18:45:02.278, ubuntu22-d, 0.005061
2023-07-18T18:45:02.483, ubuntu22-b, 0.005101
2023-07-18T18:45:02.688, ubuntu22-b, 0.004846
2023-07-18T18:45:02.894, ubuntu22-b, 0.005584
2023-07-18T18:45:03.103, ubuntu22-b, 0.008110
2023-07-18T18:45:03.309, , 
2023-07-18T18:45:03.515, ubuntu22-b, 0.005299
2023-07-18T18:45:03.720, ubuntu22-b, 0.005083
2023-07-18T18:45:03.926, ubuntu22-b, 0.004992
2023-07-18T18:45:04.131, ubuntu22-b, 0.005188
2023-07-18T18:45:04.338, ubuntu22-b, 0.006912
2023-07-18T18:45:04.547, ubuntu22-b, 0.008684
2023-07-18T18:45:04.753, ubuntu22-b, 0.005161
2023-07-18T18:45:04.959, ubuntu22-b, 0.005189
2023-07-18T18:45:05.164, ubuntu22-b, 0.004843
2023-07-18T18:45:05.369, ubuntu22-b, 0.004966
2023-07-18T18:45:05.579, ubuntu22-b, 0.009169
2023-07-18T18:45:05.784, ubuntu22-b, 0.004920
2023-07-18T18:45:05.989, ubuntu22-b, 0.004799
2023-07-18T18:45:06.195, ubuntu22-b, 0.004969
2023-07-18T18:45:06.406, ubuntu22-b, 0.010857
2023-07-18T18:45:06.611, ubuntu22-b, 0.004734
2023-07-18T18:45:06.816, ubuntu22-b, 0.004899
2023-07-18T18:45:07.022, ubuntu22-b, 0.005193
2023-07-18T18:45:07.234, ubuntu22-b, 0.011386
2023-07-18T18:45:07.442, ubuntu22-b, 0.007966
2023-07-18T18:45:07.658, ubuntu22-b, 0.015545
2023-07-18T18:45:07.902, ubuntu22-b, 0.043755
2023-07-18T18:45:08.117, ubuntu22-b, 0.015435
2023-07-18T18:45:08.323, ubuntu22-b, 0.004958
2023-07-18T18:45:08.528, ubuntu22-b, 0.004996
2023-07-18T18:45:08.738, ubuntu22-b, 0.009570
2023-07-18T18:45:08.944, ubuntu22-b, 0.005236
2023-07-18T18:45:09.149, ubuntu22-b, 0.005038
2023-07-18T18:45:09.354, ubuntu22-b, 0.004772
2023-07-18T18:45:09.560, ubuntu22-b, 0.004902
2023-07-18T18:45:09.765, ubuntu22-b, 0.005463
2023-07-18T18:45:09.971, ubuntu22-b, 0.005542
2023-07-18T18:45:10.177, ubuntu22-b, 0.005397
2023-07-18T18:45:10.383, ubuntu22-b, 0.005431
2023-07-18T18:45:10.588, ubuntu22-b, 0.005006
2023-07-18T18:45:10.794, ubuntu22-b, 0.005526
2023-07-18T18:45:11.000, ubuntu22-b, 0.005041
2023-07-18T18:45:11.205, ubuntu22-b, 0.005374
2023-07-18T18:45:11.411, ubuntu22-b, 0.005003
2023-07-18T18:45:11.616, ubuntu22-b, 0.005557
2023-07-18T18:45:11.823, ubuntu22-b, 0.005996
2023-07-18T18:45:12.029, ubuntu22-b, 0.005923
2023-07-18T18:45:12.238, ubuntu22-b, 0.008257
2023-07-18T18:45:12.444, ubuntu22-b, 0.005209
2023-07-18T18:45:12.650, ubuntu22-b, 0.005399
2023-07-18T18:45:12.855, ubuntu22-b, 0.005007
2023-07-18T18:45:13.061, ubuntu22-b, 0.005208
2023-07-18T18:45:13.266, ubuntu22-b, 0.005008
2023-07-18T18:45:13.471, ubuntu22-b, 0.005148
2023-07-18T18:45:13.677, ubuntu22-b, 0.005154
2023-07-18T18:45:13.882, ubuntu22-b, 0.005002
2023-07-18T18:45:14.087, ubuntu22-b, 0.004831
2023-07-18T18:45:14.293, ubuntu22-b, 0.004935
2023-07-18T18:45:14.501, ubuntu22-b, 0.007712
2023-07-18T18:45:14.707, ubuntu22-b, 0.004914
2023-07-18T18:45:14.912, ubuntu22-b, 0.005034
2023-07-18T18:45:15.118, ubuntu22-b, 0.005008
2023-07-18T18:45:15.323, ubuntu22-b, 0.004855
2023-07-18T18:45:15.528, ubuntu22-b, 0.005101
2023-07-18T18:45:15.734, ubuntu22-b, 0.005336
2023-07-18T18:45:15.939, ubuntu22-b, 0.004760
2023-07-18T18:45:16.145, ubuntu22-b, 0.005477
2023-07-18T18:45:16.352, ubuntu22-b, 0.006164
2023-07-18T18:45:16.561, ubuntu22-b, 0.008228
2023-07-18T18:45:16.766, ubuntu22-b, 0.005100
2023-07-18T18:45:16.971, ubuntu22-b, 0.004989
2023-07-18T18:45:17.177, ubuntu22-b, 0.005094
2023-07-18T18:45:17.383, ubuntu22-b, 0.005257
2023-07-18T18:45:17.589, ubuntu22-b, 0.005479
2023-07-18T18:45:17.794, ubuntu22-b, 0.004934
2023-07-18T18:45:17.999, ubuntu22-b, 0.004831
2023-07-18T18:45:18.205, ubuntu22-b, 0.005090
2023-07-18T18:45:18.410, ubuntu22-b, 0.004952
2023-07-18T18:45:18.615, ubuntu22-b, 0.004703
2023-07-18T18:45:18.824, ubuntu22-b, 0.008190
2023-07-18T18:45:19.029, ubuntu22-b, 0.004989
2023-07-18T18:45:19.235, ubuntu22-b, 0.004851
2023-07-18T18:45:19.442, ubuntu22-b, 0.007187
2023-07-18T18:45:19.647, ubuntu22-b, 0.004651
2023-07-18T18:45:19.852, ubuntu22-b, 0.004771
2023-07-18T18:45:20.057, ubuntu22-b, 0.004719
2023-07-18T18:45:20.263, ubuntu22-b, 0.005095
2023-07-18T18:45:20.468, ubuntu22-b, 0.004790
2023-07-18T18:45:20.673, ubuntu22-b, 0.004779
2023-07-18T18:45:20.878, ubuntu22-b, 0.004620
2023-07-18T18:45:21.086, ubuntu22-b, 0.007383
2023-07-18T18:45:21.291, ubuntu22-b, 0.004663
2023-07-18T18:45:21.496, ubuntu22-b, 0.004938
2023-07-18T18:45:21.702, ubuntu22-b, 0.004785
2023-07-18T18:45:21.907, ubuntu22-b, 0.005203
2023-07-18T18:45:22.113, ubuntu22-b, 0.005930
2023-07-18T18:45:22.324, ubuntu22-b, 0.009957
2023-07-18T18:45:22.549, ubuntu22-b, 0.025447
2023-07-18T18:45:22.886, ubuntu22-b, 0.136394
2023-07-18T18:45:23.100, ubuntu22-b, 0.012927
2023-07-18T18:45:23.305, ubuntu22-b, 0.005002
2023-07-18T18:45:23.510, ubuntu22-b, 0.004900
2023-07-18T18:45:23.716, ubuntu22-b, 0.004904
2023-07-18T18:45:23.921, ubuntu22-b, 0.004846
2023-07-18T18:45:24.126, ubuntu22-b, 0.004882
2023-07-18T18:45:24.332, ubuntu22-b, 0.004980
2023-07-18T18:45:24.537, ubuntu22-b, 0.005219
2023-07-18T18:45:24.742, ubuntu22-b, 0.004766
2023-07-18T18:45:24.948, ubuntu22-b, 0.005185
2023-07-18T18:45:25.153, ubuntu22-b, 0.005196
2023-07-18T18:45:25.358, ubuntu22-b, 0.004676
2023-07-18T18:45:25.567, ubuntu22-b, 0.008375
2023-07-18T18:45:25.773, ubuntu22-b, 0.005119
2023-07-18T18:45:25.978, ubuntu22-b, 0.005005
2023-07-18T18:45:26.184, ubuntu22-b, 0.005522
2023-07-18T18:45:26.391, ubuntu22-b, 0.006267
2023-07-18T18:45:26.597, ubuntu22-b, 0.006371
2023-07-18T18:45:26.803, ubuntu22-b, 0.005355
2023-07-18T18:45:27.009, ubuntu22-b, 0.005078
2023-07-18T18:45:27.214, ubuntu22-b, 0.004830
2023-07-18T18:45:27.420, ubuntu22-b, 0.005716
2023-07-18T18:45:27.625, ubuntu22-b, 0.005222
2023-07-18T18:45:27.834, ubuntu22-b, 0.007888
2023-07-18T18:45:28.039, ubuntu22-d, 0.005207
2023-07-18T18:45:28.244, ubuntu22-b, 0.004977
2023-07-18T18:45:28.450, ubuntu22-d, 0.005037
2023-07-18T18:45:28.655, ubuntu22-b, 0.004809
2023-07-18T18:45:28.860, ubuntu22-b, 0.004866
2023-07-18T18:45:29.066, ubuntu22-d, 0.005081
2023-07-18T18:45:29.271, ubuntu22-d, 0.005078
2023-07-18T18:45:29.476, ubuntu22-d, 0.004838
2023-07-18T18:45:29.681, ubuntu22-d, 0.004780
2023-07-18T18:45:29.887, ubuntu22-d, 0.004946
2023-07-18T18:45:30.092, ubuntu22-d, 0.004618
2023-07-18T18:45:30.301, ubuntu22-d, 0.008678
2023-07-18T18:45:30.507, ubuntu22-d, 0.005815
2023-07-18T18:45:30.713, ubuntu22-d, 0.005033
2023-07-18T18:45:30.919, ubuntu22-d, 0.005213
2023-07-18T18:45:31.124, ubuntu22-d, 0.005148
2023-07-18T18:45:31.330, ubuntu22-d, 0.005574
2023-07-18T18:45:31.538, ubuntu22-d, 0.006833
2023-07-18T18:45:31.743, ubuntu22-d, 0.005101
2023-07-18T18:45:31.949, ubuntu22-d, 0.005488
2023-07-18T18:45:32.154, ubuntu22-d, 0.004639
2023-07-18T18:45:32.362, ubuntu22-d, 0.007691
2023-07-18T18:45:32.567, ubuntu22-d, 0.004816
2023-07-18T18:45:32.772, ubuntu22-d, 0.004721
2023-07-18T18:45:32.977, ubuntu22-d, 0.004786
2023-07-18T18:45:33.182, ubuntu22-d, 0.004549
2023-07-18T18:45:33.388, ubuntu22-d, 0.005016
2023-07-18T18:45:33.593, ubuntu22-d, 0.004805
2023-07-18T18:45:33.798, ubuntu22-d, 0.004778
2023-07-18T18:45:34.003, ubuntu22-d, 0.004895
2023-07-18T18:45:34.209, ubuntu22-d, 0.004757
2023-07-18T18:45:34.414, ubuntu22-d, 0.005137
2023-07-18T18:45:34.619, ubuntu22-d, 0.004948
2023-07-18T18:45:34.825, ubuntu22-d, 0.005046
2023-07-18T18:45:35.030, ubuntu22-d, 0.005006
2023-07-18T18:45:35.235, ubuntu22-d, 0.004860
2023-07-18T18:45:35.440, ubuntu22-d, 0.004805
2023-07-18T18:45:35.646, ubuntu22-d, 0.005206
2023-07-18T18:45:35.852, ubuntu22-d, 0.005823
2023-07-18T18:45:36.058, ubuntu22-d, 0.005290
2023-07-18T18:45:36.265, ubuntu22-d, 0.006075
2023-07-18T18:45:36.470, ubuntu22-d, 0.005327
2023-07-18T18:45:36.677, ubuntu22-d, 0.006216
2023-07-18T18:45:36.883, ubuntu22-d, 0.005508
2023-07-18T18:45:37.089, ubuntu22-d, 0.005468
2023-07-18T18:45:37.294, ubuntu22-d, 0.005047
2023-07-18T18:45:37.500, ubuntu22-d, 0.005126
2023-07-18T18:45:37.706, ubuntu22-d, 0.006057
2023-07-18T18:45:37.912, ubuntu22-d, 0.005206
2023-07-18T18:45:38.117, ubuntu22-d, 0.004965
2023-07-18T18:45:38.322, ubuntu22-d, 0.004787
2023-07-18T18:45:38.528, ubuntu22-d, 0.005131
2023-07-18T18:45:38.744, ubuntu22-d, 0.015366
2023-07-18T18:45:38.950, ubuntu22-d, 0.005148
2023-07-18T18:45:39.155, ubuntu22-d, 0.004884
2023-07-18T18:45:39.360, ubuntu22-d, 0.005208
2023-07-18T18:45:39.566, ubuntu22-d, 0.005078
2023-07-18T18:45:39.771, ubuntu22-d, 0.005106
2023-07-18T18:45:39.976, ubuntu22-d, 0.004869
2023-07-18T18:45:40.182, ubuntu22-d, 0.005097
2023-07-18T18:45:40.390, ubuntu22-d, 0.008182
2023-07-18T18:45:40.596, ubuntu22-d, 0.005135
2023-07-18T18:45:40.801, ubuntu22-d, 0.005137
2023-07-18T18:45:41.007, ubuntu22-d, 0.004990
2023-07-18T18:45:41.212, ubuntu22-d, 0.005117
2023-07-18T18:45:41.418, ubuntu22-d, 0.005142
2023-07-18T18:45:41.623, ubuntu22-d, 0.004988
2023-07-18T18:45:41.829, ubuntu22-d, 0.005396
2023-07-18T18:45:42.034, ubuntu22-d, 0.004983
2023-07-18T18:45:42.239, ubuntu22-d, 0.004789
2023-07-18T18:45:42.445, ubuntu22-d, 0.005037
2023-07-18T18:45:42.650, ubuntu22-d, 0.005085
2023-07-18T18:45:42.856, ubuntu22-d, 0.005159
2023-07-18T18:45:43.061, ubuntu22-d, 0.005296
2023-07-18T18:45:43.267, ubuntu22-d, 0.005081
2023-07-18T18:45:43.472, ubuntu22-d, 0.005250
2023-07-18T18:45:43.678, ubuntu22-d, 0.005131
2023-07-18T18:45:43.884, ubuntu22-d, 0.005398
2023-07-18T18:45:44.089, ubuntu22-d, 0.005166
2023-07-18T18:45:44.294, ubuntu22-d, 0.004883
2023-07-18T18:45:44.500, ubuntu22-d, 0.005361
2023-07-18T18:45:44.706, ubuntu22-d, 0.005004
2023-07-18T18:45:44.911, ubuntu22-c, 0.005360
2023-07-18T18:45:45.117, ubuntu22-d, 0.005040
2023-07-18T18:45:45.322, ubuntu22-c, 0.004996
2023-07-18T18:45:45.527, ubuntu22-c, 0.004929
2023-07-18T18:45:45.733, ubuntu22-c, 0.004853
2023-07-18T18:45:45.938, ubuntu22-d, 0.005023
2023-07-18T18:45:46.142, , 
2023-07-18T18:45:46.346, , 
2023-07-18T18:45:46.552, ubuntu22-c, 0.005339
2023-07-18T18:45:46.758, ubuntu22-c, 0.005233
2023-07-18T18:45:46.963, ubuntu22-c, 0.005119
2023-07-18T18:45:47.170, ubuntu22-c, 0.006555
2023-07-18T18:45:47.375, ubuntu22-c, 0.004886
2023-07-18T18:45:47.580, ubuntu22-c, 0.004735
2023-07-18T18:45:47.786, ubuntu22-c, 0.005025
2023-07-18T18:45:47.991, ubuntu22-c, 0.005116
2023-07-18T18:45:48.198, ubuntu22-c, 0.005936
2023-07-18T18:45:48.403, ubuntu22-c, 0.005053
2023-07-18T18:45:48.609, ubuntu22-c, 0.005161
2023-07-18T18:45:48.814, ubuntu22-c, 0.005087
2023-07-18T18:45:49.021, ubuntu22-c, 0.006218
2023-07-18T18:45:49.226, ubuntu22-c, 0.005076
2023-07-18T18:45:49.432, ubuntu22-c, 0.005017
2023-07-18T18:45:49.640, ubuntu22-c, 0.007432
2023-07-18T18:45:49.845, ubuntu22-c, 0.005180
2023-07-18T18:45:50.051, ubuntu22-c, 0.005272
2023-07-18T18:45:50.257, ubuntu22-c, 0.006017
2023-07-18T18:45:50.463, ubuntu22-c, 0.005209
2023-07-18T18:45:50.668, ubuntu22-c, 0.005073
2023-07-18T18:45:50.875, ubuntu22-c, 0.006198
2023-07-18T18:45:51.080, ubuntu22-c, 0.004965
2023-07-18T18:45:51.286, ubuntu22-c, 0.004798
2023-07-18T18:45:51.492, ubuntu22-c, 0.005665
2023-07-18T18:45:51.697, ubuntu22-c, 0.005439
2023-07-18T18:45:51.906, ubuntu22-c, 0.008190
2023-07-18T18:45:52.112, ubuntu22-c, 0.005242
2023-07-18T18:45:52.317, ubuntu22-c, 0.005346
2023-07-18T18:45:52.523, ubuntu22-c, 0.005242
2023-07-18T18:45:52.729, ubuntu22-c, 0.004963
2023-07-18T18:45:52.934, ubuntu22-c, 0.005169
2023-07-18T18:45:53.140, ubuntu22-c, 0.005244
2023-07-18T18:45:53.345, ubuntu22-c, 0.005196
2023-07-18T18:45:53.550, ubuntu22-c, 0.004717
2023-07-18T18:45:53.757, ubuntu22-c, 0.006101
2023-07-18T18:45:53.962, ubuntu22-c, 0.004921
2023-07-18T18:45:54.167, ubuntu22-c, 0.004815
2023-07-18T18:45:54.373, ubuntu22-c, 0.005361
2023-07-18T18:45:54.578, ubuntu22-c, 0.004905
2023-07-18T18:45:54.784, ubuntu22-c, 0.004948
2023-07-18T18:45:54.990, ubuntu22-c, 0.005394
2023-07-18T18:45:55.195, ubuntu22-c, 0.004921
2023-07-18T18:45:55.400, ubuntu22-c, 0.005278
2023-07-18T18:45:55.606, ubuntu22-c, 0.004960
2023-07-18T18:45:55.811, ubuntu22-c, 0.005064
2023-07-18T18:45:56.017, ubuntu22-c, 0.005244
2023-07-18T18:45:56.224, ubuntu22-c, 0.006485
2023-07-18T18:45:56.432, ubuntu22-b, 0.008002
2023-07-18T18:45:56.637, ubuntu22-b, 0.005204
2023-07-18T18:45:56.843, ubuntu22-c, 0.005137
2023-07-18T18:45:57.048, ubuntu22-b, 0.005278
2023-07-18T18:45:57.254, ubuntu22-b, 0.005139
2023-07-18T18:45:57.461, ubuntu22-c, 0.006727
2023-07-18T18:45:57.670, ubuntu22-b, 0.008333
2023-07-18T18:45:57.875, ubuntu22-c, 0.004860
2023-07-18T18:45:58.079, , 
2023-07-18T18:45:58.286, ubuntu22-b, 0.005888
2023-07-18T18:45:58.491, ubuntu22-b, 0.005021
2023-07-18T18:45:58.696, ubuntu22-b, 0.005060
2023-07-18T18:45:58.907, ubuntu22-b, 0.009975
2023-07-18T18:45:59.112, ubuntu22-b, 0.005041
2023-07-18T18:45:59.317, ubuntu22-b, 0.004814
2023-07-18T18:45:59.523, ubuntu22-b, 0.004977
2023-07-18T18:45:59.730, ubuntu22-b, 0.006610
2023-07-18T18:45:59.935, ubuntu22-b, 0.004934
2023-07-18T18:46:00.140, ubuntu22-b, 0.004974
2023-07-18T18:46:00.350, ubuntu22-b, 0.009088
2023-07-18T18:46:00.555, ubuntu22-b, 0.004864
2023-07-18T18:46:00.761, ubuntu22-b, 0.005896
2023-07-18T18:46:00.967, ubuntu22-b, 0.005288
2023-07-18T18:46:01.172, ubuntu22-b, 0.005098
2023-07-18T18:46:01.378, ubuntu22-b, 0.004886
2023-07-18T18:46:01.586, ubuntu22-b, 0.007792
2023-07-18T18:46:01.818, ubuntu22-b, 0.032340
2023-07-18T18:46:02.024, ubuntu22-b, 0.005166
2023-07-18T18:46:02.229, ubuntu22-b, 0.004925
2023-07-18T18:46:02.434, ubuntu22-b, 0.004793
2023-07-18T18:46:02.640, ubuntu22-b, 0.004903
2023-07-18T18:46:02.845, ubuntu22-b, 0.005012
2023-07-18T18:46:03.050, ubuntu22-b, 0.004920
2023-07-18T18:46:03.256, ubuntu22-c, 0.005322
2023-07-18T18:46:03.461, ubuntu22-b, 0.005021
2023-07-18T18:46:03.667, ubuntu22-c, 0.005012
2023-07-18T18:46:03.872, ubuntu22-c, 0.004842
2023-07-18T18:46:04.077, ubuntu22-b, 0.005032
2023-07-18T18:46:04.282, ubuntu22-b, 0.004531
2023-07-18T18:46:04.488, ubuntu22-c, 0.004784
2023-07-18T18:46:04.693, ubuntu22-c, 0.005272
2023-07-18T18:46:04.898, ubuntu22-c, 0.004886
2023-07-18T18:46:05.105, ubuntu22-c, 0.006558
2023-07-18T18:46:05.311, ubuntu22-c, 0.004876
2023-07-18T18:46:05.517, ubuntu22-c, 0.005871
2023-07-18T18:46:05.722, ubuntu22-c, 0.004921
2023-07-18T18:46:05.928, ubuntu22-c, 0.005410
2023-07-18T18:46:06.134, ubuntu22-c, 0.005174
2023-07-18T18:46:06.339, ubuntu22-c, 0.005037
2023-07-18T18:46:06.545, ubuntu22-c, 0.005297
2023-07-18T18:46:06.750, ubuntu22-c, 0.005128
2023-07-18T18:46:06.958, ubuntu22-c, 0.006996
2023-07-18T18:46:07.167, ubuntu22-c, 0.008696
2023-07-18T18:46:07.372, ubuntu22-c, 0.005353
2023-07-18T18:46:07.578, ubuntu22-c, 0.005487
2023-07-18T18:46:07.784, ubuntu22-c, 0.005277
2023-07-18T18:46:07.990, ubuntu22-c, 0.005180
2023-07-18T18:46:08.195, ubuntu22-c, 0.004961
2023-07-18T18:46:08.400, ubuntu22-c, 0.004962
2023-07-18T18:46:08.605, ubuntu22-c, 0.005032
2023-07-18T18:46:08.812, ubuntu22-c, 0.006230
2023-07-18T18:46:09.038, ubuntu22-c, 0.025392
2023-07-18T18:46:09.244, ubuntu22-c, 0.005681
2023-07-18T18:46:09.452, ubuntu22-c, 0.007582
2023-07-18T18:46:09.657, ubuntu22-c, 0.005064
2023-07-18T18:46:09.863, ubuntu22-c, 0.005209
2023-07-18T18:46:10.068, ubuntu22-c, 0.005110
2023-07-18T18:46:10.274, ubuntu22-c, 0.005017
2023-07-18T18:46:10.479, ubuntu22-c, 0.004872
2023-07-18T18:46:10.685, ubuntu22-c, 0.005237
2023-07-18T18:46:10.890, ubuntu22-c, 0.004887
2023-07-18T18:46:11.095, ubuntu22-c, 0.005006
2023-07-18T18:46:11.300, ubuntu22-c, 0.004802
2023-07-18T18:46:11.506, ubuntu22-c, 0.005213
2023-07-18T18:46:11.711, ubuntu22-c, 0.004800
2023-07-18T18:46:11.917, ubuntu22-c, 0.005160
2023-07-18T18:46:12.122, ubuntu22-c, 0.004850
2023-07-18T18:46:12.327, ubuntu22-c, 0.004613
2023-07-18T18:46:12.532, ubuntu22-c, 0.004682
2023-07-18T18:46:12.737, ubuntu22-c, 0.005080
2023-07-18T18:46:12.943, ubuntu22-c, 0.004742
2023-07-18T18:46:13.148, ubuntu22-c, 0.005143
2023-07-18T18:46:13.353, ubuntu22-c, 0.004973
2023-07-18T18:46:13.559, ubuntu22-c, 0.004959
2023-07-18T18:46:13.764, ubuntu22-c, 0.004871
2023-07-18T18:46:13.970, ubuntu22-c, 0.005111
2023-07-18T18:46:14.175, ubuntu22-b, 0.004983
2023-07-18T18:46:14.380, ubuntu22-b, 0.004634
2023-07-18T18:46:14.585, ubuntu22-c, 0.004830
2023-07-18T18:46:14.790, ubuntu22-c, 0.004634
2023-07-18T18:46:14.997, ubuntu22-c, 0.006307
2023-07-18T18:46:15.202, ubuntu22-c, 0.004799
2023-07-18T18:46:15.407, ubuntu22-b, 0.004813
2023-07-18T18:46:15.613, ubuntu22-c, 0.005740
2023-07-18T18:46:15.853, , 
2023-07-18T18:46:16.059, ubuntu22-b, 0.005716
2023-07-18T18:46:16.374, ubuntu22-b, 0.114113
2023-07-18T18:46:16.582, ubuntu22-b, 0.007329
2023-07-18T18:46:16.789, ubuntu22-b, 0.005913
2023-07-18T18:46:17.002, ubuntu22-b, 0.012343
2023-07-18T18:46:17.207, ubuntu22-b, 0.005017
2023-07-18T18:46:17.413, ubuntu22-b, 0.005072
2023-07-18T18:46:17.626, ubuntu22-b, 0.012486
2023-07-18T18:46:17.833, ubuntu22-b, 0.007138
2023-07-18T18:46:18.039, ubuntu22-b, 0.004934
2023-07-18T18:46:18.246, ubuntu22-b, 0.006822
2023-07-18T18:46:18.452, ubuntu22-b, 0.005863
2023-07-18T18:46:18.657, ubuntu22-b, 0.005058
2023-07-18T18:46:18.863, ubuntu22-b, 0.005574
2023-07-18T18:46:19.069, ubuntu22-b, 0.004808
2023-07-18T18:46:19.274, ubuntu22-b, 0.005001
2023-07-18T18:46:19.479, ubuntu22-b, 0.004778
2023-07-18T18:46:19.684, ubuntu22-b, 0.005069
2023-07-18T18:46:19.889, ubuntu22-b, 0.004854
2023-07-18T18:46:20.096, ubuntu22-b, 0.005963
2023-07-18T18:46:20.307, ubuntu22-b, 0.010984
2023-07-18T18:46:20.512, ubuntu22-b, 0.004716
2023-07-18T18:46:20.718, ubuntu22-b, 0.004881
2023-07-18T18:46:20.923, ubuntu22-b, 0.004880
2023-07-18T18:46:21.128, ubuntu22-b, 0.004738
2023-07-18T18:46:21.333, ubuntu22-b, 0.004784
2023-07-18T18:46:21.538, ubuntu22-b, 0.004652
2023-07-18T18:46:21.743, ubuntu22-b, 0.004712
2023-07-18T18:46:21.949, ubuntu22-b, 0.004932
2023-07-18T18:46:22.154, ubuntu22-b, 0.004797
2023-07-18T18:46:22.364, ubuntu22-c, 0.009570
2023-07-18T18:46:22.569, ubuntu22-b, 0.004699
2023-07-18T18:46:22.775, ubuntu22-c, 0.005653
2023-07-18T18:46:22.981, ubuntu22-c, 0.004801
2023-07-18T18:46:23.186, ubuntu22-c, 0.004840
2023-07-18T18:46:23.391, ubuntu22-b, 0.004637
2023-07-18T18:46:23.596, ubuntu22-b, 0.004746
2023-07-18T18:46:23.800, , 
2023-07-18T18:46:24.005, ubuntu22-c, 0.005027
2023-07-18T18:46:24.211, ubuntu22-c, 0.004816
2023-07-18T18:46:24.416, ubuntu22-c, 0.004782
2023-07-18T18:46:24.621, ubuntu22-c, 0.005289
2023-07-18T18:46:24.827, ubuntu22-c, 0.005219
2023-07-18T18:46:25.049, ubuntu22-c, 0.021832
2023-07-18T18:46:25.255, ubuntu22-c, 0.005306
2023-07-18T18:46:25.460, ubuntu22-c, 0.004742
2023-07-18T18:46:25.665, ubuntu22-c, 0.004951
2023-07-18T18:46:25.871, ubuntu22-c, 0.005191
2023-07-18T18:46:26.076, ubuntu22-c, 0.005221
2023-07-18T18:46:26.282, ubuntu22-c, 0.004825
2023-07-18T18:46:26.487, ubuntu22-c, 0.004672
2023-07-18T18:46:26.692, ubuntu22-c, 0.004803
2023-07-18T18:46:26.897, ubuntu22-c, 0.004905
2023-07-18T18:46:27.103, ubuntu22-c, 0.005488
2023-07-18T18:46:27.314, ubuntu22-c, 0.010915
2023-07-18T18:46:27.520, ubuntu22-c, 0.005122
2023-07-18T18:46:27.725, ubuntu22-c, 0.005132
2023-07-18T18:46:27.931, ubuntu22-c, 0.005062
2023-07-18T18:46:28.139, ubuntu22-c, 0.007682
2023-07-18T18:46:28.346, ubuntu22-c, 0.007116
2023-07-18T18:46:28.552, ubuntu22-c, 0.004996
2023-07-18T18:46:28.757, ubuntu22-c, 0.005460
2023-07-18T18:46:28.963, ubuntu22-c, 0.004959
2023-07-18T18:46:29.168, ubuntu22-c, 0.004896
2023-07-18T18:46:29.373, ubuntu22-c, 0.004934
2023-07-18T18:46:29.578, ubuntu22-c, 0.004600
2023-07-18T18:46:29.784, ubuntu22-c, 0.005166
2023-07-18T18:46:29.989, ubuntu22-c, 0.004932
2023-07-18T18:46:30.194, ubuntu22-c, 0.004720
2023-07-18T18:46:30.400, ubuntu22-c, 0.004997
2023-07-18T18:46:30.605, ubuntu22-c, 0.004801
2023-07-18T18:46:30.810, ubuntu22-c, 0.004886
2023-07-18T18:46:31.015, ubuntu22-c, 0.004920
2023-07-18T18:46:31.220, ubuntu22-c, 0.004678
2023-07-18T18:46:31.426, ubuntu22-d, 0.005210
2023-07-18T18:46:31.631, ubuntu22-d, 0.004765
2023-07-18T18:46:31.837, ubuntu22-d, 0.004923
2023-07-18T18:46:32.042, ubuntu22-d, 0.005026
2023-07-18T18:46:32.247, ubuntu22-d, 0.004776
2023-07-18T18:46:32.452, ubuntu22-d, 0.004574
2023-07-18T18:46:32.657, ubuntu22-c, 0.004741
2023-07-18T18:46:32.861, , 
2023-07-18T18:46:33.067, ubuntu22-d, 0.005109
2023-07-18T18:46:33.273, ubuntu22-d, 0.005672
2023-07-18T18:46:33.481, ubuntu22-d, 0.006649
2023-07-18T18:46:33.686, ubuntu22-d, 0.004872
2023-07-18T18:46:33.892, ubuntu22-d, 0.005497
2023-07-18T18:46:34.097, ubuntu22-d, 0.005000
2023-07-18T18:46:34.303, ubuntu22-d, 0.005056
2023-07-18T18:46:34.508, ubuntu22-d, 0.004988
2023-07-18T18:46:34.714, ubuntu22-d, 0.004663
2023-07-18T18:46:34.918, ubuntu22-d, 0.004753
2023-07-18T18:46:35.124, ubuntu22-d, 0.004966
2023-07-18T18:46:35.329, ubuntu22-d, 0.004937
2023-07-18T18:46:35.534, ubuntu22-d, 0.004860
2023-07-18T18:46:35.739, ubuntu22-d, 0.005056
2023-07-18T18:46:35.944, ubuntu22-d, 0.004749
2023-07-18T18:46:36.150, ubuntu22-d, 0.004933
2023-07-18T18:46:36.355, ubuntu22-d, 0.005156
2023-07-18T18:46:36.563, ubuntu22-d, 0.007944
2023-07-18T18:46:36.769, ubuntu22-d, 0.004922
2023-07-18T18:46:36.974, ubuntu22-d, 0.005026
2023-07-18T18:46:37.179, ubuntu22-d, 0.004707
2023-07-18T18:46:37.384, ubuntu22-d, 0.004937
2023-07-18T18:46:37.589, ubuntu22-d, 0.004790
2023-07-18T18:46:37.798, ubuntu22-d, 0.007854
2023-07-18T18:46:38.003, ubuntu22-d, 0.005094
2023-07-18T18:46:38.209, ubuntu22-d, 0.004849
2023-07-18T18:46:38.414, ubuntu22-d, 0.004886
2023-07-18T18:46:38.619, ubuntu22-d, 0.004744
2023-07-18T18:46:38.824, ubuntu22-d, 0.005076
2023-07-18T18:46:39.030, ubuntu22-d, 0.005252
2023-07-18T18:46:39.235, ubuntu22-d, 0.004738
2023-07-18T18:46:39.441, ubuntu22-d, 0.004980
2023-07-18T18:46:39.646, ubuntu22-d, 0.004726
2023-07-18T18:46:39.851, ubuntu22-d, 0.004654
2023-07-18T18:46:40.056, ubuntu22-d, 0.004792
2023-07-18T18:46:40.262, ubuntu22-d, 0.005948
2023-07-18T18:46:40.467, ubuntu22-d, 0.004899
2023-07-18T18:46:40.673, ubuntu22-d, 0.004916
2023-07-18T18:46:40.878, ubuntu22-d, 0.004905
2023-07-18T18:46:41.083, ubuntu22-d, 0.004951
2023-07-18T18:46:41.288, ubuntu22-d, 0.004845
2023-07-18T18:46:41.495, ubuntu22-d, 0.006531
2023-07-18T18:46:41.701, ubuntu22-d, 0.004944
2023-07-18T18:46:41.906, ubuntu22-d, 0.005083
2023-07-18T18:46:42.111, ubuntu22-d, 0.004967
2023-07-18T18:46:42.317, ubuntu22-d, 0.004920
2023-07-18T18:46:42.522, ubuntu22-d, 0.004847
2023-07-18T18:46:42.727, ubuntu22-d, 0.004777
2023-07-18T18:46:42.932, ubuntu22-d, 0.004910
2023-07-18T18:46:43.137, ubuntu22-d, 0.004859
2023-07-18T18:46:43.343, ubuntu22-d, 0.004780
2023-07-18T18:46:43.548, ubuntu22-d, 0.005071
2023-07-18T18:46:43.753, ubuntu22-d, 0.004824
2023-07-18T18:46:43.958, ubuntu22-d, 0.004824
2023-07-18T18:46:44.164, ubuntu22-d, 0.005337
2023-07-18T18:46:44.370, ubuntu22-d, 0.005266
2023-07-18T18:46:44.575, ubuntu22-d, 0.005175
2023-07-18T18:46:44.781, ubuntu22-d, 0.004897
2023-07-18T18:46:44.986, ubuntu22-d, 0.004783
2023-07-18T18:46:45.201, ubuntu22-d, 0.015074
2023-07-18T18:46:45.406, ubuntu22-d, 0.004862
2023-07-18T18:46:45.611, ubuntu22-d, 0.004682
2023-07-18T18:46:45.817, ubuntu22-d, 0.004883
2023-07-18T18:46:46.023, ubuntu22-d, 0.005505
2023-07-18T18:46:46.231, ubuntu22-d, 0.007937
2023-07-18T18:46:46.474, , 
2023-07-18T18:46:46.679, ubuntu22-b, 0.005237
2023-07-18T18:46:46.885, ubuntu22-b, 0.005090
2023-07-18T18:46:47.092, ubuntu22-b, 0.007134
2023-07-18T18:46:47.297, ubuntu22-b, 0.004794
2023-07-18T18:46:47.503, ubuntu22-b, 0.005451
2023-07-18T18:46:47.716, ubuntu22-b, 0.013120
2023-07-18T18:46:47.922, ubuntu22-b, 0.005016
2023-07-18T18:46:48.127, ubuntu22-b, 0.004821
2023-07-18T18:46:48.332, ubuntu22-b, 0.004749
2023-07-18T18:46:48.537, ubuntu22-b, 0.004823
2023-07-18T18:46:48.747, ubuntu22-b, 0.009100
2023-07-18T18:46:48.953, ubuntu22-b, 0.005515
2023-07-18T18:46:49.158, ubuntu22-b, 0.004788
2023-07-18T18:46:49.363, ubuntu22-b, 0.005078
2023-07-18T18:46:49.569, ubuntu22-b, 0.005183
2023-07-18T18:46:49.774, ubuntu22-b, 0.004900
2023-07-18T18:46:49.980, ubuntu22-b, 0.004908
2023-07-18T18:46:50.185, ubuntu22-b, 0.005350
2023-07-18T18:46:50.391, ubuntu22-b, 0.004984
2023-07-18T18:46:50.596, ubuntu22-b, 0.004772
2023-07-18T18:46:50.805, ubuntu22-b, 0.008373
2023-07-18T18:46:51.010, ubuntu22-b, 0.004775
2023-07-18T18:46:51.216, ubuntu22-d, 0.005089
2023-07-18T18:46:51.421, ubuntu22-d, 0.004647
2023-07-18T18:46:51.626, ubuntu22-d, 0.004823
2023-07-18T18:46:51.831, ubuntu22-b, 0.005214
2023-07-18T18:46:52.037, ubuntu22-d, 0.004966
2023-07-18T18:46:52.242, ubuntu22-b, 0.005354
2023-07-18T18:46:52.447, ubuntu22-d, 0.004801
2023-07-18T18:46:52.653, ubuntu22-d, 0.004884
2023-07-18T18:46:52.858, ubuntu22-d, 0.004950
2023-07-18T18:46:53.067, ubuntu22-d, 0.008004
2023-07-18T18:46:53.272, ubuntu22-d, 0.005280
2023-07-18T18:46:53.477, ubuntu22-d, 0.004665
2023-07-18T18:46:53.682, ubuntu22-d, 0.004822
2023-07-18T18:46:53.888, ubuntu22-d, 0.004855
2023-07-18T18:46:54.093, ubuntu22-d, 0.004984
2023-07-18T18:46:54.298, ubuntu22-d, 0.004830
2023-07-18T18:46:54.503, ubuntu22-d, 0.004873
2023-07-18T18:46:54.709, ubuntu22-d, 0.004843
2023-07-18T18:46:54.914, ubuntu22-d, 0.004879
2023-07-18T18:46:55.119, ubuntu22-d, 0.004575
2023-07-18T18:46:55.327, ubuntu22-d, 0.007622
2023-07-18T18:46:55.533, ubuntu22-d, 0.004926
2023-07-18T18:46:55.738, ubuntu22-d, 0.005239
2023-07-18T18:46:55.943, ubuntu22-d, 0.004877
2023-07-18T18:46:56.156, ubuntu22-d, 0.011974
2023-07-18T18:46:56.361, ubuntu22-d, 0.004870
2023-07-18T18:46:56.566, ubuntu22-d, 0.004938
2023-07-18T18:46:56.772, ubuntu22-d, 0.004885
2023-07-18T18:46:56.977, ubuntu22-d, 0.005351
2023-07-18T18:46:57.182, ubuntu22-d, 0.004747
2023-07-18T18:46:57.387, ubuntu22-d, 0.004883
2023-07-18T18:46:57.597, ubuntu22-d, 0.008777
2023-07-18T18:46:57.802, ubuntu22-d, 0.004995
2023-07-18T18:46:58.008, ubuntu22-d, 0.005695
2023-07-18T18:46:58.214, ubuntu22-d, 0.005204
2023-07-18T18:46:58.419, ubuntu22-d, 0.005029
2023-07-18T18:46:58.625, ubuntu22-d, 0.004823
2023-07-18T18:46:58.831, ubuntu22-d, 0.005599
2023-07-18T18:46:59.036, ubuntu22-d, 0.005210
2023-07-18T18:46:59.241, ubuntu22-d, 0.004793
2023-07-18T18:46:59.447, ubuntu22-d, 0.005064
2023-07-18T18:46:59.655, ubuntu22-d, 0.008152
2023-07-18T18:46:59.861, ubuntu22-d, 0.005198
2023-07-18T18:47:00.066, ubuntu22-d, 0.004944
2023-07-18T18:47:00.272, ubuntu22-d, 0.004843
2023-07-18T18:47:00.477, ubuntu22-d, 0.005034
2023-07-18T18:47:00.682, ubuntu22-d, 0.004847
2023-07-18T18:47:00.887, ubuntu22-d, 0.004717
2023-07-18T18:47:01.092, ubuntu22-d, 0.004834
2023-07-18T18:47:01.298, ubuntu22-d, 0.004920
2023-07-18T18:47:01.503, ubuntu22-b, 0.005105
2023-07-18T18:47:01.708, ubuntu22-b, 0.004900
2023-07-18T18:47:01.916, ubuntu22-d, 0.007421
2023-07-18T18:47:02.122, ubuntu22-b, 0.004829
2023-07-18T18:47:02.327, ubuntu22-d, 0.004653
2023-07-18T18:47:02.532, ubuntu22-d, 0.004762
2023-07-18T18:47:02.737, ubuntu22-d, 0.004619
2023-07-18T18:47:02.943, ubuntu22-b, 0.005797
2023-07-18T18:47:03.147, , 
2023-07-18T18:47:03.353, ubuntu22-b, 0.004937
2023-07-18T18:47:03.566, ubuntu22-b, 0.013075
2023-07-18T18:47:03.774, ubuntu22-b, 0.007825
2023-07-18T18:47:04.004, ubuntu22-b, 0.029410
2023-07-18T18:47:04.226, ubuntu22-b, 0.021111
2023-07-18T18:47:04.431, ubuntu22-b, 0.005141
2023-07-18T18:47:04.637, ubuntu22-b, 0.005081
2023-07-18T18:47:04.842, ubuntu22-b, 0.005284
2023-07-18T18:47:05.048, ubuntu22-b, 0.005193
2023-07-18T18:47:05.254, ubuntu22-b, 0.005450
2023-07-18T18:47:05.459, ubuntu22-b, 0.004684
2023-07-18T18:47:05.664, ubuntu22-b, 0.004861
2023-07-18T18:47:05.869, ubuntu22-b, 0.004762
2023-07-18T18:47:06.077, ubuntu22-b, 0.007652
2023-07-18T18:47:06.283, ubuntu22-b, 0.004872
2023-07-18T18:47:06.491, ubuntu22-b, 0.007920
2023-07-18T18:47:06.696, ubuntu22-b, 0.005021
2023-07-18T18:47:06.901, ubuntu22-b, 0.004833
2023-07-18T18:47:07.107, ubuntu22-b, 0.004977
2023-07-18T18:47:07.313, ubuntu22-b, 0.006117
2023-07-18T18:47:07.518, ubuntu22-b, 0.004579
2023-07-18T18:47:07.730, ubuntu22-b, 0.011012
2023-07-18T18:47:07.935, ubuntu22-b, 0.004753
2023-07-18T18:47:08.140, ubuntu22-b, 0.005411
2023-07-18T18:47:08.349, ubuntu22-b, 0.008161
2023-07-18T18:47:08.555, ubuntu22-b, 0.005259
2023-07-18T18:47:08.760, ubuntu22-b, 0.005079
2023-07-18T18:47:08.966, ubuntu22-b, 0.005392
2023-07-18T18:47:09.173, ubuntu22-d, 0.005880
2023-07-18T18:47:09.378, ubuntu22-d, 0.005397
2023-07-18T18:47:09.584, ubuntu22-b, 0.005248
2023-07-18T18:47:09.789, ubuntu22-b, 0.004875
2023-07-18T18:47:09.995, ubuntu22-d, 0.005002
2023-07-18T18:47:10.200, ubuntu22-b, 0.005145
2023-07-18T18:47:10.406, ubuntu22-d, 0.005398
2023-07-18T18:47:10.612, ubuntu22-b, 0.005537
2023-07-18T18:47:10.817, ubuntu22-b, 0.004836
2023-07-18T18:47:11.026, ubuntu22-b, 0.008255
2023-07-18T18:47:11.231, ubuntu22-d, 0.005034
2023-07-18T18:47:11.437, ubuntu22-d, 0.005126
2023-07-18T18:47:11.642, ubuntu22-d, 0.005078
2023-07-18T18:47:11.848, ubuntu22-d, 0.004892
2023-07-18T18:47:12.053, ubuntu22-d, 0.004981
2023-07-18T18:47:12.258, ubuntu22-d, 0.004721
2023-07-18T18:47:12.466, ubuntu22-d, 0.007692
2023-07-18T18:47:12.672, ubuntu22-d, 0.004867
2023-07-18T18:47:12.877, ubuntu22-d, 0.004762
2023-07-18T18:47:13.082, ubuntu22-d, 0.004894
2023-07-18T18:47:13.289, ubuntu22-d, 0.005943
2023-07-18T18:47:13.494, ubuntu22-d, 0.004777
2023-07-18T18:47:13.699, ubuntu22-d, 0.004773
2023-07-18T18:47:13.906, ubuntu22-d, 0.006160
2023-07-18T18:47:14.111, ubuntu22-d, 0.004638
2023-07-18T18:47:14.316, ubuntu22-d, 0.004944
2023-07-18T18:47:14.522, ubuntu22-d, 0.004851
2023-07-18T18:47:14.727, ubuntu22-d, 0.004919
2023-07-18T18:47:14.932, ubuntu22-d, 0.004885
2023-07-18T18:47:15.137, ubuntu22-d, 0.004890
2023-07-18T18:47:15.343, ubuntu22-d, 0.004774
2023-07-18T18:47:15.548, ubuntu22-d, 0.004704
2023-07-18T18:47:15.753, ubuntu22-d, 0.004641
2023-07-18T18:47:15.958, ubuntu22-d, 0.004659
2023-07-18T18:47:16.163, ubuntu22-d, 0.005071
2023-07-18T18:47:16.369, ubuntu22-d, 0.004709
2023-07-18T18:47:16.574, ubuntu22-d, 0.004578
2023-07-18T18:47:16.779, ubuntu22-d, 0.005055
2023-07-18T18:47:17.002, ubuntu22-d, 0.022595
2023-07-18T18:47:17.208, ubuntu22-d, 0.004795
2023-07-18T18:47:17.413, ubuntu22-d, 0.004880
2023-07-18T18:47:17.618, ubuntu22-d, 0.004910
2023-07-18T18:47:17.823, ubuntu22-d, 0.004831
2023-07-18T18:47:18.028, ubuntu22-d, 0.004700
2023-07-18T18:47:18.233, ubuntu22-d, 0.004675
2023-07-18T18:47:18.439, ubuntu22-d, 0.005387
2023-07-18T18:47:18.645, ubuntu22-d, 0.005086
2023-07-18T18:47:18.851, ubuntu22-d, 0.006381
2023-07-18T18:47:19.057, ubuntu22-d, 0.005226
2023-07-18T18:47:19.263, ubuntu22-d, 0.005512
2023-07-18T18:47:19.469, ubuntu22-d, 0.005189
2023-07-18T18:47:19.674, ubuntu22-b, 0.005181
2023-07-18T18:47:19.880, ubuntu22-d, 0.005010
2023-07-18T18:47:20.085, ubuntu22-d, 0.005125
2023-07-18T18:47:20.295, ubuntu22-d, 0.005645
2023-07-18T18:47:20.500, ubuntu22-d, 0.004843
2023-07-18T18:47:20.706, ubuntu22-b, 0.004978
2023-07-18T18:47:20.911, ubuntu22-d, 0.004896
2023-07-18T18:47:21.117, ubuntu22-b, 0.005463
2023-07-18T18:47:21.322, ubuntu22-b, 0.005323
2023-07-18T18:47:21.529, ubuntu22-b, 0.005944
2023-07-18T18:47:21.738, ubuntu22-b, 0.008586
2023-07-18T18:47:21.946, ubuntu22-b, 0.007784
2023-07-18T18:47:22.151, ubuntu22-b, 0.004638
2023-07-18T18:47:22.358, ubuntu22-b, 0.006515
2023-07-18T18:47:22.563, ubuntu22-b, 0.004900
2023-07-18T18:47:22.768, ubuntu22-b, 0.004918
2023-07-18T18:47:22.973, ubuntu22-b, 0.004632
2023-07-18T18:47:23.178, ubuntu22-b, 0.004642
2023-07-18T18:47:23.384, ubuntu22-b, 0.005503
2023-07-18T18:47:23.590, ubuntu22-b, 0.005101
2023-07-18T18:47:23.795, ubuntu22-b, 0.004653
2023-07-18T18:47:24.001, ubuntu22-b, 0.005563
2023-07-18T18:47:24.207, ubuntu22-b, 0.005237
2023-07-18T18:47:24.412, ubuntu22-b, 0.005270
2023-07-18T18:47:24.617, ubuntu22-b, 0.004750
2023-07-18T18:47:24.823, ubuntu22-b, 0.004994
2023-07-18T18:47:25.028, ubuntu22-b, 0.004966
2023-07-18T18:47:25.233, ubuntu22-b, 0.004936
2023-07-18T18:47:25.440, ubuntu22-b, 0.005790
2023-07-18T18:47:25.646, ubuntu22-b, 0.005931
2023-07-18T18:47:25.851, ubuntu22-b, 0.004394
2023-07-18T18:47:26.056, ubuntu22-b, 0.005064
2023-07-18T18:47:26.262, ubuntu22-d, 0.005400
2023-07-18T18:47:26.482, ubuntu22-b, 0.019821
2023-07-18T18:47:26.687, ubuntu22-d, 0.004838
2023-07-18T18:47:26.893, ubuntu22-b, 0.004956
2023-07-18T18:47:27.098, ubuntu22-b, 0.004910
2023-07-18T18:47:27.303, ubuntu22-d, 0.004759
2023-07-18T18:47:27.509, ubuntu22-b, 0.004996
2023-07-18T18:47:27.714, ubuntu22-d, 0.004762
2023-07-18T18:47:27.919, ubuntu22-d, 0.004839
2023-07-18T18:47:28.124, ubuntu22-d, 0.004815
2023-07-18T18:47:28.329, ubuntu22-d, 0.004547
2023-07-18T18:47:28.534, ubuntu22-d, 0.004770
2023-07-18T18:47:28.740, ubuntu22-d, 0.005036
2023-07-18T18:47:28.945, ubuntu22-d, 0.005111
2023-07-18T18:47:29.151, ubuntu22-d, 0.004925
2023-07-18T18:47:29.356, ubuntu22-d, 0.004902
2023-07-18T18:47:29.561, ubuntu22-d, 0.004829
2023-07-18T18:47:29.766, ubuntu22-d, 0.004937
2023-07-18T18:47:29.972, ubuntu22-d, 0.005136
2023-07-18T18:47:30.180, ubuntu22-d, 0.007355
2023-07-18T18:47:30.386, ubuntu22-d, 0.005621
2023-07-18T18:47:30.592, ubuntu22-d, 0.005724
2023-07-18T18:47:30.798, ubuntu22-d, 0.005446
2023-07-18T18:47:31.004, ubuntu22-d, 0.005569
2023-07-18T18:47:31.210, ubuntu22-d, 0.005431
2023-07-18T18:47:31.416, ubuntu22-d, 0.005609
2023-07-18T18:47:31.622, ubuntu22-d, 0.005254
2023-07-18T18:47:31.828, ubuntu22-d, 0.005960
2023-07-18T18:47:32.034, ubuntu22-d, 0.005760
2023-07-18T18:47:32.246, ubuntu22-d, 0.011585
2023-07-18T18:47:32.453, ubuntu22-d, 0.005828
2023-07-18T18:47:32.658, ubuntu22-d, 0.005347
2023-07-18T18:47:32.865, ubuntu22-d, 0.005608
2023-07-18T18:47:33.070, ubuntu22-d, 0.004978
2023-07-18T18:47:33.275, ubuntu22-d, 0.004800
2023-07-18T18:47:33.480, ubuntu22-d, 0.004744
2023-07-18T18:47:33.685, ubuntu22-d, 0.004803
2023-07-18T18:47:33.891, ubuntu22-d, 0.004768
2023-07-18T18:47:34.096, ubuntu22-d, 0.004920
2023-07-18T18:47:34.302, ubuntu22-c, 0.005820
2023-07-18T18:47:34.511, ubuntu22-d, 0.008951
2023-07-18T18:47:34.717, ubuntu22-d, 0.005411
2023-07-18T18:47:34.923, ubuntu22-c, 0.005316
2023-07-18T18:47:35.129, ubuntu22-c, 0.005221
2023-07-18T18:47:35.334, ubuntu22-c, 0.005273
2023-07-18T18:47:35.540, ubuntu22-c, 0.005252
2023-07-18T18:47:35.745, ubuntu22-c, 0.005126
2023-07-18T18:47:35.952, ubuntu22-c, 0.005263
2023-07-18T18:47:36.158, ubuntu22-c, 0.005307
2023-07-18T18:47:36.364, ubuntu22-c, 0.006241
2023-07-18T18:47:36.571, ubuntu22-c, 0.005965
2023-07-18T18:47:36.777, ubuntu22-c, 0.005309
2023-07-18T18:47:36.982, ubuntu22-c, 0.005410
2023-07-18T18:47:37.188, ubuntu22-c, 0.005482
2023-07-18T18:47:37.394, ubuntu22-c, 0.005424
2023-07-18T18:47:37.600, ubuntu22-c, 0.005400
2023-07-18T18:47:37.805, ubuntu22-c, 0.005208
2023-07-18T18:47:38.011, ubuntu22-c, 0.005359
2023-07-18T18:47:38.217, ubuntu22-c, 0.005116
2023-07-18T18:47:38.423, ubuntu22-c, 0.005658
2023-07-18T18:47:38.629, ubuntu22-c, 0.005588
2023-07-18T18:47:38.834, ubuntu22-c, 0.005385
2023-07-18T18:47:39.040, ubuntu22-c, 0.005324
2023-07-18T18:47:39.246, ubuntu22-c, 0.005364
2023-07-18T18:47:39.452, ubuntu22-c, 0.005338
2023-07-18T18:47:39.658, ubuntu22-c, 0.005471
2023-07-18T18:47:39.863, ubuntu22-c, 0.005274
2023-07-18T18:47:40.069, ubuntu22-c, 0.005294
2023-07-18T18:47:40.274, ubuntu22-c, 0.005274
2023-07-18T18:47:40.480, ubuntu22-c, 0.005288
2023-07-18T18:47:40.686, ubuntu22-c, 0.005411
2023-07-18T18:47:40.892, ubuntu22-c, 0.005281
2023-07-18T18:47:41.098, ubuntu22-c, 0.006163
2023-07-18T18:47:41.304, ubuntu22-c, 0.005076
2023-07-18T18:47:41.510, ubuntu22-c, 0.006073
2023-07-18T18:47:41.716, ubuntu22-c, 0.004987
2023-07-18T18:47:41.921, ubuntu22-c, 0.004735
2023-07-18T18:47:42.126, ubuntu22-c, 0.004879
2023-07-18T18:47:42.331, ubuntu22-c, 0.004746
2023-07-18T18:47:42.536, ubuntu22-c, 0.004668
2023-07-18T18:47:42.742, ubuntu22-c, 0.005286
2023-07-18T18:47:42.948, ubuntu22-c, 0.005403
2023-07-18T18:47:43.154, ubuntu22-c, 0.005450
2023-07-18T18:47:43.359, ubuntu22-c, 0.005326
2023-07-18T18:47:43.565, ubuntu22-c, 0.005326
2023-07-18T18:47:43.771, ubuntu22-c, 0.005123
2023-07-18T18:47:43.978, ubuntu22-c, 0.006840
2023-07-18T18:47:44.184, ubuntu22-b, 0.005331
2023-07-18T18:47:44.389, ubuntu22-b, 0.005029
2023-07-18T18:47:44.595, ubuntu22-b, 0.004991
2023-07-18T18:47:44.801, ubuntu22-c, 0.005578
2023-07-18T18:47:45.006, ubuntu22-b, 0.005626
2023-07-18T18:47:45.212, ubuntu22-c, 0.005413
2023-07-18T18:47:45.423, ubuntu22-b, 0.009930
2023-07-18T18:47:45.629, ubuntu22-b, 0.006192
2023-07-18T18:47:45.838, ubuntu22-b, 0.008481
2023-07-18T18:47:46.079, ubuntu22-b, 0.039711
2023-07-18T18:47:46.286, ubuntu22-b, 0.006989
2023-07-18T18:47:46.504, ubuntu22-b, 0.017834
2023-07-18T18:47:46.718, ubuntu22-b, 0.013639
2023-07-18T18:47:46.924, ubuntu22-b, 0.005249
2023-07-18T18:47:47.130, ubuntu22-b, 0.005158
2023-07-18T18:47:47.335, ubuntu22-b, 0.005045
2023-07-18T18:47:47.542, ubuntu22-b, 0.006737
2023-07-18T18:47:47.750, ubuntu22-b, 0.007152
2023-07-18T18:47:47.960, ubuntu22-b, 0.008999
2023-07-18T18:47:48.166, ubuntu22-b, 0.005533
2023-07-18T18:47:48.372, ubuntu22-b, 0.005369
2023-07-18T18:47:48.578, ubuntu22-b, 0.005776
2023-07-18T18:47:48.784, ubuntu22-b, 0.005371
2023-07-18T18:47:48.990, ubuntu22-b, 0.005348
2023-07-18T18:47:49.196, ubuntu22-b, 0.006024
2023-07-18T18:47:49.409, ubuntu22-b, 0.012367
2023-07-18T18:47:49.615, ubuntu22-b, 0.005378
2023-07-18T18:47:49.822, ubuntu22-b, 0.006393
2023-07-18T18:47:50.028, ubuntu22-b, 0.005695
2023-07-18T18:47:50.234, ubuntu22-b, 0.005628
2023-07-18T18:47:50.439, ubuntu22-b, 0.005367
2023-07-18T18:47:50.645, ubuntu22-b, 0.005217
2023-07-18T18:47:50.851, ubuntu22-b, 0.005297
2023-07-18T18:47:51.056, ubuntu22-b, 0.005243
2023-07-18T18:47:51.262, ubuntu22-b, 0.005338
2023-07-18T18:47:51.468, ubuntu22-c, 0.005777
2023-07-18T18:47:51.674, ubuntu22-b, 0.005385
2023-07-18T18:47:51.880, ubuntu22-c, 0.005165
2023-07-18T18:47:52.086, ubuntu22-b, 0.006294
2023-07-18T18:47:52.292, ubuntu22-b, 0.004985
2023-07-18T18:47:52.497, ubuntu22-c, 0.005265
2023-07-18T18:47:52.703, ubuntu22-c, 0.005470
2023-07-18T18:47:52.921, ubuntu22-c, 0.009392
2023-07-18T18:47:53.127, ubuntu22-c, 0.005123
2023-07-18T18:47:53.333, ubuntu22-c, 0.005398
2023-07-18T18:47:53.539, ubuntu22-c, 0.005114
2023-07-18T18:47:53.746, ubuntu22-c, 0.006725
2023-07-18T18:47:53.952, ubuntu22-c, 0.005184
2023-07-18T18:47:54.157, ubuntu22-c, 0.005405
2023-07-18T18:47:54.363, ubuntu22-c, 0.005091
2023-07-18T18:47:54.569, ubuntu22-c, 0.005036
2023-07-18T18:47:54.774, ubuntu22-c, 0.004978
2023-07-18T18:47:54.980, ubuntu22-c, 0.005570
2023-07-18T18:47:55.187, ubuntu22-c, 0.006099
2023-07-18T18:47:55.392, ubuntu22-c, 0.005121
2023-07-18T18:47:55.598, ubuntu22-c, 0.005178
2023-07-18T18:47:55.803, ubuntu22-c, 0.004919
2023-07-18T18:47:56.009, ubuntu22-c, 0.005247
2023-07-18T18:47:56.214, ubuntu22-c, 0.005008
2023-07-18T18:47:56.421, ubuntu22-c, 0.005938
2023-07-18T18:47:56.626, ubuntu22-c, 0.005136
2023-07-18T18:47:56.832, ubuntu22-c, 0.005476
2023-07-18T18:47:57.043, ubuntu22-c, 0.010156
2023-07-18T18:47:57.249, ubuntu22-c, 0.005704
2023-07-18T18:47:57.455, ubuntu22-c, 0.005244
2023-07-18T18:47:57.661, ubuntu22-c, 0.005499
2023-07-18T18:47:57.867, ubuntu22-c, 0.005414
2023-07-18T18:47:58.072, ubuntu22-c, 0.005291
2023-07-18T18:47:58.281, ubuntu22-c, 0.008578
2023-07-18T18:47:58.490, ubuntu22-c, 0.008304
2023-07-18T18:47:58.696, ubuntu22-c, 0.005081
2023-07-18T18:47:58.902, ubuntu22-c, 0.005598
2023-07-18T18:47:59.111, ubuntu22-c, 0.009044
2023-07-18T18:47:59.317, ubuntu22-c, 0.005292
2023-07-18T18:47:59.522, ubuntu22-c, 0.004983
2023-07-18T18:47:59.728, ubuntu22-c, 0.005173
2023-07-18T18:47:59.934, ubuntu22-c, 0.005647
2023-07-18T18:48:00.139, ubuntu22-c, 0.005025
2023-07-18T18:48:00.345, ubuntu22-c, 0.005148
2023-07-18T18:48:00.550, ubuntu22-c, 0.005145
2023-07-18T18:48:00.756, ubuntu22-c, 0.005052
2023-07-18T18:48:00.962, ubuntu22-c, 0.005292
2023-07-18T18:48:01.167, ubuntu22-c, 0.005272
2023-07-18T18:48:01.373, ubuntu22-c, 0.005775
2023-07-18T18:48:01.579, ubuntu22-c, 0.005301
2023-07-18T18:48:01.785, ubuntu22-c, 0.005111
2023-07-18T18:48:01.991, ubuntu22-c, 0.006032
2023-07-18T18:48:02.197, ubuntu22-c, 0.005123
2023-07-18T18:48:02.402, ubuntu22-b, 0.005381
2023-07-18T18:48:02.608, ubuntu22-c, 0.005147
2023-07-18T18:48:02.814, ubuntu22-c, 0.005270
2023-07-18T18:48:03.023, ubuntu22-b, 0.009279
2023-07-18T18:48:03.230, ubuntu22-b, 0.006130
2023-07-18T18:48:03.436, ubuntu22-c, 0.005111
2023-07-18T18:48:03.654, , 
2023-07-18T18:48:03.861, ubuntu22-b, 0.006780
2023-07-18T18:48:04.070, ubuntu22-b, 0.008595
2023-07-18T18:48:04.276, ubuntu22-b, 0.005295
2023-07-18T18:48:04.483, ubuntu22-b, 0.006043
2023-07-18T18:48:04.696, ubuntu22-b, 0.012631
2023-07-18T18:48:04.908, ubuntu22-b, 0.012068
2023-07-18T18:48:05.114, ubuntu22-b, 0.005350
2023-07-18T18:48:05.320, ubuntu22-b, 0.005592
2023-07-18T18:48:05.526, ubuntu22-b, 0.005239
2023-07-18T18:48:05.732, ubuntu22-b, 0.005608
2023-07-18T18:48:05.939, ubuntu22-b, 0.006544
2023-07-18T18:48:06.154, ubuntu22-b, 0.014763
2023-07-18T18:48:06.361, ubuntu22-b, 0.006685
2023-07-18T18:48:06.570, ubuntu22-b, 0.008819
2023-07-18T18:48:06.776, ubuntu22-b, 0.005668
2023-07-18T18:48:06.991, ubuntu22-b, 0.013839
2023-07-18T18:48:07.203, ubuntu22-b, 0.011988
2023-07-18T18:48:07.409, ubuntu22-b, 0.005340
2023-07-18T18:48:07.615, ubuntu22-b, 0.005431
2023-07-18T18:48:07.821, ubuntu22-b, 0.005479
2023-07-18T18:48:08.027, ubuntu22-b, 0.005528
2023-07-18T18:48:08.234, ubuntu22-b, 0.006392
2023-07-18T18:48:08.441, ubuntu22-b, 0.006851
2023-07-18T18:48:08.647, ubuntu22-b, 0.005327
2023-07-18T18:48:08.853, ubuntu22-b, 0.005478
2023-07-18T18:48:09.059, ubuntu22-b, 0.005157
2023-07-18T18:48:09.265, ubuntu22-b, 0.005494
2023-07-18T18:48:09.474, ubuntu22-d, 0.008796
2023-07-18T18:48:09.680, ubuntu22-b, 0.005157
2023-07-18T18:48:09.886, ubuntu22-d, 0.005199
2023-07-18T18:48:10.091, ubuntu22-b, 0.005082
2023-07-18T18:48:10.296, ubuntu22-b, 0.004669
2023-07-18T18:48:10.514, ubuntu22-d, 0.016777
2023-07-18T18:48:10.719, ubuntu22-d, 0.005224
2023-07-18T18:48:10.925, ubuntu22-d, 0.005535
2023-07-18T18:48:11.131, ubuntu22-d, 0.005010
2023-07-18T18:48:11.337, ubuntu22-d, 0.005436
2023-07-18T18:48:11.543, ubuntu22-d, 0.005494
2023-07-18T18:48:11.749, ubuntu22-d, 0.006082
2023-07-18T18:48:11.959, ubuntu22-d, 0.008976
2023-07-18T18:48:12.165, ubuntu22-d, 0.005380
2023-07-18T18:48:12.370, ubuntu22-d, 0.005361
2023-07-18T18:48:12.577, ubuntu22-d, 0.005807
2023-07-18T18:48:12.783, ubuntu22-d, 0.005443
2023-07-18T18:48:12.989, ubuntu22-d, 0.005717
2023-07-18T18:48:13.196, ubuntu22-d, 0.006930
2023-07-18T18:48:13.402, ubuntu22-d, 0.005778
2023-07-18T18:48:13.609, ubuntu22-d, 0.005809
2023-07-18T18:48:13.815, ubuntu22-d, 0.005491
2023-07-18T18:48:14.021, ubuntu22-d, 0.005786
2023-07-18T18:48:14.227, ubuntu22-d, 0.005939
2023-07-18T18:48:14.434, ubuntu22-d, 0.005886
2023-07-18T18:48:14.640, ubuntu22-d, 0.005599
2023-07-18T18:48:14.846, ubuntu22-d, 0.005877
2023-07-18T18:48:15.052, ubuntu22-d, 0.005617
2023-07-18T18:48:15.258, ubuntu22-d, 0.005545
2023-07-18T18:48:15.465, ubuntu22-d, 0.005782
2023-07-18T18:48:15.670, ubuntu22-d, 0.004648
2023-07-18T18:48:15.875, ubuntu22-d, 0.004822
2023-07-18T18:48:16.080, ubuntu22-d, 0.004874
2023-07-18T18:48:16.286, ubuntu22-d, 0.004838
2023-07-18T18:48:16.491, ubuntu22-d, 0.004805
2023-07-18T18:48:16.698, ubuntu22-d, 0.006427
2023-07-18T18:48:16.905, ubuntu22-c, 0.006605
2023-07-18T18:48:17.111, ubuntu22-c, 0.005083
2023-07-18T18:48:17.316, ubuntu22-c, 0.004809
2023-07-18T18:48:17.521, ubuntu22-d, 0.004918
2023-07-18T18:48:17.728, ubuntu22-c, 0.006827
2023-07-18T18:48:17.934, ubuntu22-c, 0.005128
2023-07-18T18:48:18.139, ubuntu22-c, 0.005059
2023-07-18T18:48:18.345, ubuntu22-c, 0.004814
2023-07-18T18:48:18.550, ubuntu22-c, 0.004806
2023-07-18T18:48:18.758, ubuntu22-c, 0.007868
2023-07-18T18:48:18.964, ubuntu22-c, 0.005260
2023-07-18T18:48:19.173, ubuntu22-c, 0.009376
2023-07-18T18:48:19.378, ubuntu22-c, 0.004856
2023-07-18T18:48:19.584, ubuntu22-c, 0.004824
2023-07-18T18:48:19.790, ubuntu22-c, 0.006281
2023-07-18T18:48:19.996, ubuntu22-c, 0.004875
2023-07-18T18:48:20.201, ubuntu22-c, 0.004832
2023-07-18T18:48:20.414, ubuntu22-c, 0.012732
2023-07-18T18:48:20.619, ubuntu22-c, 0.004908
2023-07-18T18:48:20.824, ubuntu22-c, 0.004737
2023-07-18T18:48:21.029, ubuntu22-c, 0.004960
2023-07-18T18:48:21.235, ubuntu22-c, 0.004833
2023-07-18T18:48:21.440, ubuntu22-c, 0.004739
2023-07-18T18:48:21.647, ubuntu22-c, 0.006592
2023-07-18T18:48:21.852, ubuntu22-c, 0.004811
2023-07-18T18:48:22.057, ubuntu22-c, 0.004818
2023-07-18T18:48:22.262, ubuntu22-c, 0.004755
2023-07-18T18:48:22.470, ubuntu22-c, 0.007550
2023-07-18T18:48:22.675, ubuntu22-c, 0.004681
2023-07-18T18:48:22.881, ubuntu22-c, 0.004731
2023-07-18T18:48:23.086, ubuntu22-c, 0.004847
2023-07-18T18:48:23.291, ubuntu22-c, 0.004745
2023-07-18T18:48:23.497, ubuntu22-d, 0.006185
2023-07-18T18:48:23.702, ubuntu22-d, 0.004600
2023-07-18T18:48:23.908, ubuntu22-d, 0.004802
2023-07-18T18:48:24.113, ubuntu22-c, 0.004766
2023-07-18T18:48:24.318, ubuntu22-c, 0.004517
2023-07-18T18:48:24.523, ubuntu22-d, 0.004851
2023-07-18T18:48:24.728, ubuntu22-c, 0.004877
2023-07-18T18:48:24.947, , 
2023-07-18T18:48:25.152, ubuntu22-d, 0.005194
2023-07-18T18:48:25.358, ubuntu22-d, 0.005095
2023-07-18T18:48:25.563, ubuntu22-d, 0.005012
2023-07-18T18:48:25.769, ubuntu22-d, 0.005100
2023-07-18T18:48:25.974, ubuntu22-d, 0.004862
2023-07-18T18:48:26.179, ubuntu22-d, 0.004833
2023-07-18T18:48:26.385, ubuntu22-d, 0.005212
2023-07-18T18:48:26.591, ubuntu22-d, 0.005517
2023-07-18T18:48:26.796, ubuntu22-d, 0.005009
2023-07-18T18:48:27.001, ubuntu22-d, 0.004816
2023-07-18T18:48:27.206, ubuntu22-d, 0.004733
2023-07-18T18:48:27.411, ubuntu22-d, 0.004768
2023-07-18T18:48:27.617, ubuntu22-d, 0.004963
2023-07-18T18:48:27.822, ubuntu22-d, 0.004849
2023-07-18T18:48:28.028, ubuntu22-d, 0.005885
2023-07-18T18:48:28.233, ubuntu22-d, 0.004978
2023-07-18T18:48:28.438, ubuntu22-d, 0.004727
2023-07-18T18:48:28.644, ubuntu22-d, 0.005000
2023-07-18T18:48:28.849, ubuntu22-d, 0.005236
2023-07-18T18:48:29.055, ubuntu22-d, 0.005627
2023-07-18T18:48:29.261, ubuntu22-d, 0.004806
2023-07-18T18:48:29.466, ubuntu22-d, 0.004977
2023-07-18T18:48:29.671, ubuntu22-d, 0.004755
2023-07-18T18:48:29.876, ubuntu22-d, 0.004960
2023-07-18T18:48:30.081, ubuntu22-d, 0.004780
2023-07-18T18:48:30.287, ubuntu22-d, 0.005142
2023-07-18T18:48:30.492, ubuntu22-d, 0.004977
2023-07-18T18:48:30.698, ubuntu22-d, 0.005403
2023-07-18T18:48:30.903, ubuntu22-d, 0.004883
2023-07-18T18:48:31.109, ubuntu22-d, 0.005219
2023-07-18T18:48:31.323, ubuntu22-d, 0.013739
2023-07-18T18:48:31.536, ubuntu22-d, 0.011598
2023-07-18T18:48:31.741, ubuntu22-d, 0.005141
2023-07-18T18:48:31.947, ubuntu22-d, 0.005121
2023-07-18T18:48:32.153, ubuntu22-d, 0.005056
2023-07-18T18:48:32.358, ubuntu22-d, 0.004829
2023-07-18T18:48:32.563, ubuntu22-d, 0.005044
2023-07-18T18:48:32.769, ubuntu22-d, 0.004799
2023-07-18T18:48:32.974, ubuntu22-d, 0.004890
2023-07-18T18:48:33.179, ubuntu22-d, 0.004731
2023-07-18T18:48:33.384, ubuntu22-d, 0.004804
2023-07-18T18:48:33.589, ubuntu22-d, 0.004852
2023-07-18T18:48:33.798, ubuntu22-d, 0.005254
2023-07-18T18:48:34.003, ubuntu22-d, 0.005189
2023-07-18T18:48:34.209, ubuntu22-d, 0.005273
2023-07-18T18:48:34.416, ubuntu22-d, 0.006365
2023-07-18T18:48:34.622, ubuntu22-b, 0.005333
2023-07-18T18:48:34.827, ubuntu22-d, 0.004946
2023-07-18T18:48:35.032, ubuntu22-d, 0.004992
2023-07-18T18:48:35.237, ubuntu22-d, 0.004772
2023-07-18T18:48:35.442, ubuntu22-d, 0.004670
2023-07-18T18:48:35.647, ubuntu22-b, 0.004794
2023-07-18T18:48:35.853, ubuntu22-b, 0.004931
2023-07-18T18:48:36.058, ubuntu22-b, 0.005230
2023-07-18T18:48:36.265, ubuntu22-b, 0.006625
2023-07-18T18:48:36.571, ubuntu22-b, 0.105020
2023-07-18T18:48:36.827, ubuntu22-b, 0.055614
2023-07-18T18:48:37.033, ubuntu22-b, 0.006323
2023-07-18T18:48:37.238, ubuntu22-b, 0.004750
2023-07-18T18:48:37.444, ubuntu22-b, 0.004845
2023-07-18T18:48:37.649, ubuntu22-b, 0.004752
2023-07-18T18:48:37.854, ubuntu22-b, 0.004824
2023-07-18T18:48:38.060, ubuntu22-b, 0.005408
2023-07-18T18:48:38.268, ubuntu22-b, 0.007600
2023-07-18T18:48:38.473, ubuntu22-b, 0.004865
2023-07-18T18:48:38.678, ubuntu22-b, 0.004709
2023-07-18T18:48:38.883, ubuntu22-b, 0.004666
2023-07-18T18:48:39.088, ubuntu22-b, 0.004969
2023-07-18T18:48:39.294, ubuntu22-b, 0.005594
2023-07-18T18:48:39.502, ubuntu22-b, 0.007632
2023-07-18T18:48:39.707, ubuntu22-b, 0.004783
2023-07-18T18:48:39.913, ubuntu22-b, 0.004757
2023-07-18T18:48:40.117, ubuntu22-b, 0.004568
2023-07-18T18:48:40.323, ubuntu22-b, 0.004723
2023-07-18T18:48:40.528, ubuntu22-b, 0.005041
2023-07-18T18:48:40.733, ubuntu22-b, 0.004707
2023-07-18T18:48:40.938, ubuntu22-b, 0.005066
2023-07-18T18:48:41.144, ubuntu22-b, 0.005221
2023-07-18T18:48:41.349, ubuntu22-b, 0.005028
2023-07-18T18:48:41.555, ubuntu22-d, 0.005367
2023-07-18T18:48:41.760, ubuntu22-b, 0.004681
2023-07-18T18:48:41.966, ubuntu22-d, 0.005211
2023-07-18T18:48:42.171, ubuntu22-b, 0.004737
2023-07-18T18:48:42.376, ubuntu22-d, 0.004773
2023-07-18T18:48:42.582, ubuntu22-b, 0.005035
2023-07-18T18:48:42.787, ubuntu22-d, 0.004942
2023-07-18T18:48:42.993, ubuntu22-d, 0.005146
2023-07-18T18:48:43.198, ubuntu22-d, 0.005172
2023-07-18T18:48:43.404, ubuntu22-d, 0.004988
2023-07-18T18:48:43.609, ubuntu22-d, 0.005168
2023-07-18T18:48:43.815, ubuntu22-d, 0.005000
2023-07-18T18:48:44.020, ubuntu22-d, 0.005058
2023-07-18T18:48:44.228, ubuntu22-d, 0.007198
2023-07-18T18:48:44.433, ubuntu22-d, 0.004855
2023-07-18T18:48:44.638, ubuntu22-d, 0.004915
2023-07-18T18:48:44.844, ubuntu22-d, 0.005183
2023-07-18T18:48:45.051, ubuntu22-d, 0.006830
2023-07-18T18:48:45.257, ubuntu22-d, 0.005675
2023-07-18T18:48:45.462, ubuntu22-d, 0.004779
2023-07-18T18:48:45.667, ubuntu22-d, 0.004739
2023-07-18T18:48:45.872, ubuntu22-d, 0.004673
2023-07-18T18:48:46.077, ubuntu22-d, 0.004808
2023-07-18T18:48:46.282, ubuntu22-d, 0.004568
2023-07-18T18:48:46.487, ubuntu22-d, 0.004798
2023-07-18T18:48:46.693, ubuntu22-d, 0.005004
2023-07-18T18:48:46.898, ubuntu22-d, 0.004948
2023-07-18T18:48:47.104, ubuntu22-d, 0.005422
2023-07-18T18:48:47.310, ubuntu22-d, 0.005328
2023-07-18T18:48:47.515, ubuntu22-d, 0.005261
2023-07-18T18:48:47.721, ubuntu22-d, 0.005414
2023-07-18T18:48:47.927, ubuntu22-d, 0.005436
2023-07-18T18:48:48.133, ubuntu22-d, 0.005148
2023-07-18T18:48:48.339, ubuntu22-d, 0.005524
2023-07-18T18:48:48.545, ubuntu22-d, 0.005427
2023-07-18T18:48:48.761, ubuntu22-d, 0.015516
2023-07-18T18:48:48.966, ubuntu22-d, 0.004988
2023-07-18T18:48:49.172, ubuntu22-d, 0.005128
2023-07-18T18:48:49.378, ubuntu22-d, 0.005717
2023-07-18T18:48:49.583, ubuntu22-d, 0.004970
2023-07-18T18:48:49.789, ubuntu22-d, 0.004883
2023-07-18T18:48:49.994, ubuntu22-d, 0.005081
2023-07-18T18:48:50.202, ubuntu22-d, 0.007434
2023-07-18T18:48:50.407, ubuntu22-d, 0.004657
2023-07-18T18:48:50.612, ubuntu22-d, 0.005002
2023-07-18T18:48:50.818, ubuntu22-d, 0.005075
2023-07-18T18:48:51.024, ubuntu22-d, 0.005271
2023-07-18T18:48:51.229, ubuntu22-d, 0.004966
2023-07-18T18:48:51.434, ubuntu22-d, 0.004707
2023-07-18T18:48:51.639, ubuntu22-d, 0.004978
2023-07-18T18:48:51.845, ubuntu22-b, 0.005421
2023-07-18T18:48:52.050, ubuntu22-b, 0.004647
2023-07-18T18:48:52.255, ubuntu22-b, 0.004689
2023-07-18T18:48:52.461, ubuntu22-d, 0.004998
2023-07-18T18:48:52.666, ubuntu22-d, 0.005124
2023-07-18T18:48:52.872, ubuntu22-b, 0.005073
2023-07-18T18:48:53.076, , 
2023-07-18T18:48:53.292, ubuntu22-b, 0.015691
2023-07-18T18:48:53.507, ubuntu22-b, 0.014236
2023-07-18T18:48:53.714, ubuntu22-b, 0.007454
2023-07-18T18:48:53.933, ubuntu22-b, 0.018829
2023-07-18T18:48:54.139, ubuntu22-b, 0.004632
2023-07-18T18:48:54.344, ubuntu22-b, 0.005022
2023-07-18T18:48:54.549, ubuntu22-b, 0.004879
2023-07-18T18:48:54.754, ubuntu22-b, 0.004793
2023-07-18T18:48:54.960, ubuntu22-b, 0.005091
2023-07-18T18:48:55.165, ubuntu22-b, 0.004735
2023-07-18T18:48:55.370, ubuntu22-b, 0.004744
2023-07-18T18:48:55.576, ubuntu22-b, 0.005516
2023-07-18T18:48:55.781, ubuntu22-b, 0.004802
2023-07-18T18:48:55.986, ubuntu22-b, 0.004895
2023-07-18T18:48:56.191, ubuntu22-b, 0.004693
2023-07-18T18:48:56.397, ubuntu22-b, 0.005185
2023-07-18T18:48:56.603, ubuntu22-b, 0.006059
2023-07-18T18:48:56.808, ubuntu22-b, 0.005131
2023-07-18T18:48:57.015, ubuntu22-b, 0.006210
2023-07-18T18:48:57.221, ubuntu22-b, 0.005265
2023-07-18T18:48:57.426, ubuntu22-b, 0.004735
2023-07-18T18:48:57.640, ubuntu22-b, 0.012093
2023-07-18T18:48:57.846, ubuntu22-b, 0.005775
2023-07-18T18:48:58.051, ubuntu22-b, 0.004728
2023-07-18T18:48:58.256, ubuntu22-b, 0.005072
2023-07-18T18:48:58.462, ubuntu22-b, 0.005047
2023-07-18T18:48:58.667, ubuntu22-b, 0.004733
2023-07-18T18:48:58.872, ubuntu22-b, 0.004758
2023-07-18T18:48:59.077, ubuntu22-b, 0.005100
2023-07-18T18:48:59.283, ubuntu22-b, 0.005270
2023-07-18T18:48:59.489, ubuntu22-c, 0.005982
2023-07-18T18:48:59.695, ubuntu22-c, 0.004869
2023-07-18T18:48:59.902, ubuntu22-b, 0.007334
2023-07-18T18:49:00.108, ubuntu22-c, 0.005121
2023-07-18T18:49:00.313, ubuntu22-b, 0.005158
2023-07-18T18:49:00.519, ubuntu22-b, 0.004833
2023-07-18T18:49:00.724, ubuntu22-c, 0.005318
2023-07-18T18:49:00.930, ubuntu22-c, 0.005370
2023-07-18T18:49:01.135, ubuntu22-c, 0.005119
2023-07-18T18:49:01.341, ubuntu22-c, 0.005198
2023-07-18T18:49:01.547, ubuntu22-c, 0.005789
2023-07-18T18:49:01.757, ubuntu22-c, 0.009470
2023-07-18T18:49:01.963, ubuntu22-c, 0.005064
2023-07-18T18:49:02.168, ubuntu22-c, 0.004923
2023-07-18T18:49:02.373, ubuntu22-c, 0.005025
2023-07-18T18:49:02.578, ubuntu22-c, 0.004979
2023-07-18T18:49:02.784, ubuntu22-c, 0.004898
2023-07-18T18:49:02.989, ubuntu22-c, 0.004953
2023-07-18T18:49:03.195, ubuntu22-c, 0.004938
2023-07-18T18:49:03.400, ubuntu22-c, 0.004884
2023-07-18T18:49:03.605, ubuntu22-c, 0.005058
2023-07-18T18:49:03.810, ubuntu22-c, 0.004819
2023-07-18T18:49:04.016, ubuntu22-c, 0.004945
2023-07-18T18:49:04.221, ubuntu22-c, 0.004984
2023-07-18T18:49:04.426, ubuntu22-c, 0.004961
2023-07-18T18:49:04.632, ubuntu22-c, 0.004798
2023-07-18T18:49:04.837, ubuntu22-c, 0.004954
2023-07-18T18:49:05.042, ubuntu22-c, 0.004925
2023-07-18T18:49:05.248, ubuntu22-c, 0.005005
2023-07-18T18:49:05.454, ubuntu22-c, 0.005762
2023-07-18T18:49:05.659, ubuntu22-c, 0.004837
2023-07-18T18:49:05.866, ubuntu22-c, 0.006567
2023-07-18T18:49:06.072, ubuntu22-c, 0.005234
2023-07-18T18:49:06.277, ubuntu22-c, 0.005308
2023-07-18T18:49:06.483, ubuntu22-c, 0.004983
2023-07-18T18:49:06.688, ubuntu22-c, 0.005109
2023-07-18T18:49:06.894, ubuntu22-c, 0.005270
2023-07-18T18:49:07.100, ubuntu22-c, 0.005482
2023-07-18T18:49:07.305, ubuntu22-c, 0.005014
2023-07-18T18:49:07.511, ubuntu22-c, 0.005446
2023-07-18T18:49:07.717, ubuntu22-c, 0.005468
2023-07-18T18:49:07.923, ubuntu22-c, 0.005291
2023-07-18T18:49:08.128, ubuntu22-c, 0.005028
2023-07-18T18:49:08.334, ubuntu22-c, 0.005089
2023-07-18T18:49:08.540, ubuntu22-c, 0.005919
2023-07-18T18:49:08.749, ubuntu22-c, 0.008866
2023-07-18T18:49:08.955, ubuntu22-c, 0.005075
2023-07-18T18:49:09.161, ubuntu22-b, 0.005401
2023-07-18T18:49:09.366, ubuntu22-c, 0.004918
2023-07-18T18:49:09.573, ubuntu22-b, 0.006854
2023-07-18T18:49:09.779, ubuntu22-b, 0.004941
2023-07-18T18:49:09.985, ubuntu22-c, 0.005961
2023-07-18T18:49:10.191, ubuntu22-c, 0.004853
2023-07-18T18:49:10.396, ubuntu22-b, 0.004988
2023-07-18T18:49:10.602, ubuntu22-c, 0.005320
2023-07-18T18:49:10.809, , 
2023-07-18T18:49:11.013, , 
2023-07-18T18:49:11.219, ubuntu22-b, 0.005764
2023-07-18T18:49:11.426, ubuntu22-b, 0.006500
2023-07-18T18:49:11.637, ubuntu22-b, 0.010105
2023-07-18T18:49:11.842, ubuntu22-b, 0.004993
2023-07-18T18:49:12.048, ubuntu22-b, 0.005233
2023-07-18T18:49:12.254, ubuntu22-b, 0.005054
2023-07-18T18:49:12.459, ubuntu22-b, 0.004895
2023-07-18T18:49:12.674, ubuntu22-b, 0.014155
2023-07-18T18:49:12.881, ubuntu22-b, 0.006358
2023-07-18T18:49:13.087, ubuntu22-b, 0.005549
2023-07-18T18:49:13.292, ubuntu22-b, 0.005035
2023-07-18T18:49:13.498, ubuntu22-b, 0.005852
2023-07-18T18:49:13.704, ubuntu22-b, 0.005347
2023-07-18T18:49:13.910, ubuntu22-b, 0.004958
2023-07-18T18:49:14.115, ubuntu22-b, 0.005251
2023-07-18T18:49:14.321, ubuntu22-b, 0.005202
2023-07-18T18:49:14.527, ubuntu22-b, 0.005015
2023-07-18T18:49:14.732, ubuntu22-b, 0.004983
2023-07-18T18:49:14.939, ubuntu22-b, 0.006619
2023-07-18T18:49:15.145, ubuntu22-b, 0.004989
2023-07-18T18:49:15.350, ubuntu22-b, 0.004834
2023-07-18T18:49:15.556, ubuntu22-b, 0.005230
2023-07-18T18:49:15.761, ubuntu22-b, 0.005324
2023-07-18T18:49:15.967, ubuntu22-b, 0.004998
2023-07-18T18:49:16.173, ubuntu22-b, 0.005963
2023-07-18T18:49:16.379, ubuntu22-b, 0.005203
2023-07-18T18:49:16.586, ubuntu22-b, 0.006848
2023-07-18T18:49:16.793, ubuntu22-c, 0.005764
2023-07-18T18:49:17.002, ubuntu22-c, 0.009180
2023-07-18T18:49:17.212, ubuntu22-b, 0.008831
2023-07-18T18:49:17.417, ubuntu22-c, 0.005246
2023-07-18T18:49:17.622, , 
2023-07-18T18:49:17.828, ubuntu22-c, 0.005602
2023-07-18T18:49:18.034, ubuntu22-c, 0.005435
2023-07-18T18:49:18.239, ubuntu22-c, 0.004900
2023-07-18T18:49:18.449, ubuntu22-c, 0.009110
2023-07-18T18:49:18.655, ubuntu22-c, 0.005688
2023-07-18T18:49:18.861, ubuntu22-c, 0.006165
2023-07-18T18:49:19.071, ubuntu22-c, 0.009347
2023-07-18T18:49:19.276, ubuntu22-c, 0.004734
2023-07-18T18:49:19.481, ubuntu22-c, 0.004895
2023-07-18T18:49:19.688, ubuntu22-c, 0.005903
2023-07-18T18:49:19.893, ubuntu22-c, 0.004863
2023-07-18T18:49:20.098, ubuntu22-c, 0.004945
2023-07-18T18:49:20.304, ubuntu22-c, 0.004982
2023-07-18T18:49:20.509, ubuntu22-c, 0.004983
2023-07-18T18:49:20.714, ubuntu22-c, 0.004842
2023-07-18T18:49:20.919, ubuntu22-c, 0.004912
2023-07-18T18:49:21.128, ubuntu22-c, 0.008268
2023-07-18T18:49:21.334, ubuntu22-c, 0.005904
2023-07-18T18:49:21.547, ubuntu22-c, 0.009149
2023-07-18T18:49:21.752, ubuntu22-c, 0.004859
2023-07-18T18:49:21.958, ubuntu22-c, 0.005338
2023-07-18T18:49:22.163, ubuntu22-c, 0.005357
2023-07-18T18:49:22.369, ubuntu22-c, 0.004957
2023-07-18T18:49:22.574, ubuntu22-c, 0.004985
2023-07-18T18:49:22.779, ubuntu22-c, 0.004778
2023-07-18T18:49:22.985, ubuntu22-c, 0.004986
2023-07-18T18:49:23.190, ubuntu22-c, 0.004945
2023-07-18T18:49:23.395, ubuntu22-c, 0.004851
2023-07-18T18:49:23.600, ubuntu22-c, 0.004803
2023-07-18T18:49:23.806, ubuntu22-c, 0.005294
2023-07-18T18:49:24.011, ubuntu22-c, 0.004664
2023-07-18T18:49:24.216, ubuntu22-c, 0.004752
2023-07-18T18:49:24.421, ubuntu22-c, 0.004668
2023-07-18T18:49:24.626, ubuntu22-c, 0.004849
2023-07-18T18:49:24.832, ubuntu22-c, 0.004979
2023-07-18T18:49:25.039, ubuntu22-d, 0.006527
2023-07-18T18:49:25.244, ubuntu22-c, 0.004964
2023-07-18T18:49:25.449, ubuntu22-c, 0.004817
2023-07-18T18:49:25.655, ubuntu22-d, 0.005037
2023-07-18T18:49:25.863, ubuntu22-d, 0.007546
2023-07-18T18:49:26.068, ubuntu22-d, 0.004981
2023-07-18T18:49:26.275, ubuntu22-d, 0.006215
2023-07-18T18:49:26.480, ubuntu22-d, 0.005054
2023-07-18T18:49:26.686, ubuntu22-d, 0.005797
2023-07-18T18:49:26.894, ubuntu22-d, 0.007707
2023-07-18T18:49:27.100, ubuntu22-d, 0.004925
2023-07-18T18:49:27.305, ubuntu22-d, 0.004748
2023-07-18T18:49:27.510, ubuntu22-d, 0.004748
2023-07-18T18:49:27.715, ubuntu22-d, 0.004855
2023-07-18T18:49:27.920, ubuntu22-d, 0.004840
2023-07-18T18:49:28.149, ubuntu22-d, 0.012483
2023-07-18T18:49:28.355, ubuntu22-d, 0.005089
2023-07-18T18:49:28.560, ubuntu22-d, 0.004952
2023-07-18T18:49:28.766, ubuntu22-d, 0.005122
2023-07-18T18:49:28.971, ubuntu22-d, 0.005197
2023-07-18T18:49:29.176, ubuntu22-d, 0.005015
2023-07-18T18:49:29.382, ubuntu22-d, 0.005202
2023-07-18T18:49:29.587, ubuntu22-d, 0.004854
2023-07-18T18:49:29.792, ubuntu22-d, 0.004914
2023-07-18T18:49:29.998, ubuntu22-d, 0.004987
2023-07-18T18:49:30.207, ubuntu22-d, 0.008286
2023-07-18T18:49:30.413, ubuntu22-d, 0.005758
2023-07-18T18:49:30.618, ubuntu22-d, 0.005165
2023-07-18T18:49:30.824, ubuntu22-d, 0.005230
2023-07-18T18:49:31.030, ubuntu22-d, 0.005070
2023-07-18T18:49:31.235, ubuntu22-d, 0.005079
2023-07-18T18:49:31.440, ubuntu22-d, 0.004988
2023-07-18T18:49:31.646, ubuntu22-d, 0.005091
2023-07-18T18:49:31.851, ubuntu22-d, 0.004674
2023-07-18T18:49:32.056, ubuntu22-d, 0.005002
2023-07-18T18:49:32.261, ubuntu22-d, 0.005028
2023-07-18T18:49:32.467, ubuntu22-d, 0.004755
2023-07-18T18:49:32.672, ubuntu22-d, 0.004929
2023-07-18T18:49:32.877, ubuntu22-d, 0.004968
2023-07-18T18:49:33.083, ubuntu22-d, 0.004973
2023-07-18T18:49:33.289, ubuntu22-d, 0.005574
2023-07-18T18:49:33.494, ubuntu22-d, 0.004973
2023-07-18T18:49:33.699, ubuntu22-d, 0.004880
2023-07-18T18:49:33.904, ubuntu22-d, 0.004748
2023-07-18T18:49:34.110, ubuntu22-d, 0.005096
2023-07-18T18:49:34.315, ubuntu22-d, 0.004654
2023-07-18T18:49:34.520, ubuntu22-d, 0.004743
2023-07-18T18:49:34.725, ubuntu22-d, 0.005000
2023-07-18T18:49:34.930, ubuntu22-d, 0.004845
2023-07-18T18:49:35.136, ubuntu22-d, 0.005175
2023-07-18T18:49:35.342, ubuntu22-d, 0.005247
2023-07-18T18:49:35.547, ubuntu22-b, 0.004896
2023-07-18T18:49:35.752, ubuntu22-d, 0.004803
2023-07-18T18:49:35.957, ubuntu22-b, 0.004948
2023-07-18T18:49:36.163, ubuntu22-d, 0.004837
2023-07-18T18:49:36.371, ubuntu22-b, 0.008008
2023-07-18T18:49:36.578, ubuntu22-b, 0.006990
2023-07-18T18:49:36.787, ubuntu22-d, 0.008073
2023-07-18T18:49:36.994, ubuntu22-b, 0.006840
2023-07-18T18:49:37.214, ubuntu22-b, 0.020228
2023-07-18T18:49:37.427, ubuntu22-b, 0.011849
2023-07-18T18:49:37.639, ubuntu22-b, 0.011203
2023-07-18T18:49:37.849, ubuntu22-b, 0.010286
2023-07-18T18:49:38.067, ubuntu22-b, 0.017060
2023-07-18T18:49:38.272, ubuntu22-b, 0.004665
2023-07-18T18:49:38.477, ubuntu22-b, 0.004833
2023-07-18T18:49:38.683, ubuntu22-b, 0.005874
2023-07-18T18:49:38.888, ubuntu22-b, 0.004800
2023-07-18T18:49:39.094, ubuntu22-b, 0.004798
2023-07-18T18:49:39.302, ubuntu22-b, 0.008275
2023-07-18T18:49:39.508, ubuntu22-b, 0.005339
2023-07-18T18:49:39.713, ubuntu22-b, 0.005226
2023-07-18T18:49:39.919, ubuntu22-b, 0.004735
2023-07-18T18:49:40.124, ubuntu22-b, 0.004831
2023-07-18T18:49:40.329, ubuntu22-b, 0.004991
2023-07-18T18:49:40.534, ubuntu22-b, 0.005060
2023-07-18T18:49:40.740, ubuntu22-b, 0.004873
2023-07-18T18:49:40.946, ubuntu22-b, 0.005721
2023-07-18T18:49:41.151, ubuntu22-b, 0.004995
2023-07-18T18:49:41.356, ubuntu22-b, 0.004667
2023-07-18T18:49:41.562, ubuntu22-b, 0.005220
2023-07-18T18:49:41.767, ubuntu22-b, 0.005112
2023-07-18T18:49:41.973, ubuntu22-b, 0.005381
2023-07-18T18:49:42.178, ubuntu22-b, 0.004953
2023-07-18T18:49:42.384, ubuntu22-b, 0.005139
2023-07-18T18:49:42.589, ubuntu22-b, 0.004876
2023-07-18T18:49:42.794, ubuntu22-b, 0.004821
2023-07-18T18:49:43.000, ubuntu22-b, 0.005548
2023-07-18T18:49:43.206, ubuntu22-b, 0.004965
2023-07-18T18:49:43.411, ubuntu22-c, 0.005110
2023-07-18T18:49:43.616, ubuntu22-b, 0.004820
2023-07-18T18:49:43.822, ubuntu22-b, 0.004871
2023-07-18T18:49:44.027, ubuntu22-b, 0.005484
2023-07-18T18:49:44.233, ubuntu22-c, 0.004948
2023-07-18T18:49:44.438, ubuntu22-b, 0.004852
2023-07-18T18:49:44.643, ubuntu22-c, 0.004711
2023-07-18T18:49:44.883, , 
2023-07-18T18:49:45.090, ubuntu22-c, 0.006123
2023-07-18T18:49:45.296, ubuntu22-c, 0.005181
2023-07-18T18:49:45.509, ubuntu22-c, 0.013120
2023-07-18T18:49:45.716, ubuntu22-c, 0.006108
2023-07-18T18:49:45.923, ubuntu22-c, 0.006160
2023-07-18T18:49:46.128, ubuntu22-c, 0.005063
2023-07-18T18:49:46.334, ubuntu22-c, 0.005101
2023-07-18T18:49:46.539, ubuntu22-c, 0.004709
2023-07-18T18:49:46.744, ubuntu22-c, 0.005050
2023-07-18T18:49:46.950, ubuntu22-c, 0.005119
2023-07-18T18:49:47.156, ubuntu22-c, 0.005461
2023-07-18T18:49:47.362, ubuntu22-c, 0.004881
2023-07-18T18:49:47.567, ubuntu22-c, 0.004828
2023-07-18T18:49:47.773, ubuntu22-c, 0.005503
2023-07-18T18:49:47.979, ubuntu22-c, 0.005394
2023-07-18T18:49:48.184, ubuntu22-c, 0.004938
2023-07-18T18:49:48.410, ubuntu22-c, 0.025536
2023-07-18T18:49:48.615, ubuntu22-c, 0.004986
2023-07-18T18:49:48.821, ubuntu22-c, 0.005019
2023-07-18T18:49:49.027, ubuntu22-c, 0.005564
2023-07-18T18:49:49.232, ubuntu22-c, 0.005097
2023-07-18T18:49:49.438, ubuntu22-c, 0.005645
2023-07-18T18:49:49.648, ubuntu22-c, 0.010004
2023-07-18T18:49:49.854, ubuntu22-c, 0.005037
2023-07-18T18:49:50.063, ubuntu22-c, 0.008349
2023-07-18T18:49:50.268, ubuntu22-c, 0.004913
2023-07-18T18:49:50.473, ubuntu22-c, 0.005001
2023-07-18T18:49:50.678, ubuntu22-c, 0.004751
2023-07-18T18:49:50.884, ubuntu22-c, 0.004983
2023-07-18T18:49:51.089, ubuntu22-c, 0.004840
2023-07-18T18:49:51.294, ubuntu22-c, 0.004617
2023-07-18T18:49:51.502, ubuntu22-c, 0.005292
2023-07-18T18:49:51.708, ubuntu22-c, 0.004910
2023-07-18T18:49:51.912, , 
2023-07-18T18:49:52.118, ubuntu22-d, 0.005679
2023-07-18T18:49:52.322, , 
2023-07-18T18:49:57.530, , 
2023-07-18T18:49:57.735, ubuntu22-c, 0.005481
2023-07-18T18:49:57.942, ubuntu22-d, 0.005785
2023-07-18T18:49:58.147, ubuntu22-c, 0.004794
2023-07-18T18:49:58.352, ubuntu22-c, 0.004866
2023-07-18T18:49:58.557, ubuntu22-c, 0.004976
2023-07-18T18:49:58.763, ubuntu22-c, 0.005234
2023-07-18T18:49:58.968, ubuntu22-d, 0.004829
2023-07-18T18:49:59.173, ubuntu22-c, 0.005122
2023-07-18T18:49:59.379, ubuntu22-c, 0.004876
2023-07-18T18:49:59.584, ubuntu22-c, 0.004870
2023-07-18T18:49:59.790, ubuntu22-c, 0.005650
2023-07-18T18:49:59.995, ubuntu22-c, 0.005020
2023-07-18T18:50:00.201, ubuntu22-c, 0.005095
2023-07-18T18:50:00.406, ubuntu22-c, 0.004936
2023-07-18T18:50:00.611, ubuntu22-c, 0.004746
2023-07-18T18:50:00.816, ubuntu22-c, 0.005025
2023-07-18T18:50:01.022, ubuntu22-c, 0.005066
2023-07-18T18:50:01.227, ubuntu22-c, 0.004802
2023-07-18T18:50:01.432, ubuntu22-c, 0.004838
2023-07-18T18:50:01.638, ubuntu22-c, 0.005472
2023-07-18T18:50:01.846, ubuntu22-c, 0.007438
2023-07-18T18:50:02.051, ubuntu22-c, 0.004941
2023-07-18T18:50:02.256, ubuntu22-c, 0.004903
2023-07-18T18:50:02.463, ubuntu22-c, 0.005883
2023-07-18T18:50:02.668, ubuntu22-c, 0.004987
2023-07-18T18:50:02.892, ubuntu22-c, 0.023566
2023-07-18T18:50:03.098, ubuntu22-c, 0.005959
2023-07-18T18:50:03.304, ubuntu22-c, 0.004936
2023-07-18T18:50:03.509, ubuntu22-c, 0.004957
2023-07-18T18:50:03.714, ubuntu22-c, 0.005170
2023-07-18T18:50:03.920, ubuntu22-c, 0.005087
2023-07-18T18:50:04.125, ubuntu22-c, 0.005003
2023-07-18T18:50:04.330, ubuntu22-c, 0.004973
2023-07-18T18:50:04.535, ubuntu22-c, 0.004936
2023-07-18T18:50:04.741, ubuntu22-c, 0.004986
2023-07-18T18:50:04.946, ubuntu22-c, 0.004807
2023-07-18T18:50:05.151, ubuntu22-c, 0.005107
2023-07-18T18:50:05.357, ubuntu22-d, 0.005152
2023-07-18T18:50:05.565, ubuntu22-c, 0.008374
2023-07-18T18:50:05.771, ubuntu22-c, 0.004759
2023-07-18T18:50:05.976, ubuntu22-c, 0.005450
2023-07-18T18:50:06.180, , 
2023-07-18T18:50:06.386, ubuntu22-d, 0.005176
2023-07-18T18:50:06.591, ubuntu22-d, 0.004832
2023-07-18T18:50:06.796, ubuntu22-d, 0.005136
2023-07-18T18:50:07.002, ubuntu22-d, 0.005083
2023-07-18T18:50:07.207, ubuntu22-d, 0.005185
2023-07-18T18:50:07.413, ubuntu22-d, 0.005116
2023-07-18T18:50:07.618, ubuntu22-d, 0.004861
2023-07-18T18:50:07.824, ubuntu22-d, 0.005359
2023-07-18T18:50:08.029, ubuntu22-d, 0.005441
2023-07-18T18:50:08.235, ubuntu22-d, 0.005141
2023-07-18T18:50:08.440, ubuntu22-d, 0.004793
2023-07-18T18:50:08.660, ubuntu22-d, 0.013776
2023-07-18T18:50:08.865, ubuntu22-d, 0.004797
2023-07-18T18:50:09.071, ubuntu22-d, 0.005136
2023-07-18T18:50:09.276, ubuntu22-d, 0.004964
2023-07-18T18:50:09.485, ubuntu22-d, 0.008786
2023-07-18T18:50:09.691, ubuntu22-d, 0.004771
2023-07-18T18:50:09.896, ubuntu22-d, 0.005073
2023-07-18T18:50:10.101, ubuntu22-d, 0.004951
2023-07-18T18:50:10.308, ubuntu22-d, 0.005943
2023-07-18T18:50:10.517, ubuntu22-d, 0.008475
2023-07-18T18:50:10.722, ubuntu22-d, 0.005229
2023-07-18T18:50:10.928, ubuntu22-d, 0.005361
2023-07-18T18:50:11.133, ubuntu22-d, 0.005131
2023-07-18T18:50:11.338, ubuntu22-d, 0.004913
2023-07-18T18:50:11.544, ubuntu22-d, 0.005245
2023-07-18T18:50:11.755, ubuntu22-d, 0.011058
2023-07-18T18:50:11.961, ubuntu22-d, 0.005066
2023-07-18T18:50:12.166, ubuntu22-d, 0.004978
2023-07-18T18:50:12.372, ubuntu22-d, 0.005295
2023-07-18T18:50:12.578, ubuntu22-d, 0.005019
2023-07-18T18:50:12.783, ubuntu22-d, 0.005162
2023-07-18T18:50:12.989, ubuntu22-d, 0.005341
2023-07-18T18:50:13.194, ubuntu22-d, 0.004981
2023-07-18T18:50:13.400, ubuntu22-d, 0.005158
2023-07-18T18:50:13.605, ubuntu22-d, 0.005309
2023-07-18T18:50:13.811, ubuntu22-d, 0.005031
2023-07-18T18:50:14.016, ubuntu22-d, 0.004970
2023-07-18T18:50:14.222, ubuntu22-d, 0.005175
2023-07-18T18:50:14.427, ubuntu22-d, 0.004877
2023-07-18T18:50:14.632, ubuntu22-d, 0.005315
2023-07-18T18:50:14.842, ubuntu22-d, 0.009176
2023-07-18T18:50:15.048, ubuntu22-d, 0.005285
2023-07-18T18:50:15.253, ubuntu22-d, 0.004894
2023-07-18T18:50:15.458, ubuntu22-d, 0.004651
2023-07-18T18:50:15.663, ubuntu22-d, 0.004917
2023-07-18T18:50:15.869, ubuntu22-d, 0.005143
2023-07-18T18:50:16.074, ubuntu22-d, 0.004922
2023-07-18T18:50:16.279, ubuntu22-d, 0.004832
2023-07-18T18:50:16.484, ubuntu22-d, 0.004967
2023-07-18T18:50:16.690, ubuntu22-d, 0.005203
2023-07-18T18:50:16.895, ubuntu22-d, 0.005220
2023-07-18T18:50:17.101, ubuntu22-d, 0.005322
2023-07-18T18:50:17.306, ubuntu22-d, 0.004971
2023-07-18T18:50:17.513, ubuntu22-d, 0.006338
2023-07-18T18:50:17.719, ubuntu22-d, 0.005163
2023-07-18T18:50:17.924, ubuntu22-d, 0.005266
2023-07-18T18:50:18.130, ubuntu22-d, 0.005120
2023-07-18T18:50:18.335, ubuntu22-d, 0.005110
2023-07-18T18:50:18.541, ubuntu22-d, 0.005127
2023-07-18T18:50:18.747, ubuntu22-d, 0.005314
2023-07-18T18:50:18.952, ubuntu22-d, 0.004939
2023-07-18T18:50:19.157, ubuntu22-d, 0.005117
2023-07-18T18:50:19.363, ubuntu22-b, 0.005202
2023-07-18T18:50:19.568, ubuntu22-b, 0.004827
2023-07-18T18:50:19.774, ubuntu22-d, 0.005345
2023-07-18T18:50:19.979, ubuntu22-d, 0.004829
2023-07-18T18:50:20.184, ubuntu22-b, 0.004913
2023-07-18T18:50:20.390, ubuntu22-d, 0.005394
2023-07-18T18:50:20.596, ubuntu22-b, 0.005373
2023-07-18T18:50:20.801, ubuntu22-b, 0.004988
2023-07-18T18:50:21.007, ubuntu22-b, 0.005465
2023-07-18T18:50:21.212, ubuntu22-b, 0.004994
2023-07-18T18:50:21.419, ubuntu22-b, 0.006454
2023-07-18T18:50:21.627, ubuntu22-b, 0.006964
2023-07-18T18:50:21.832, ubuntu22-b, 0.005100
2023-07-18T18:50:22.038, ubuntu22-b, 0.005296
2023-07-18T18:50:22.243, ubuntu22-b, 0.004827
2023-07-18T18:50:22.448, ubuntu22-b, 0.004710
2023-07-18T18:50:22.654, ubuntu22-b, 0.005809
2023-07-18T18:50:22.859, ubuntu22-b, 0.005024
2023-07-18T18:50:23.065, ubuntu22-b, 0.004889
2023-07-18T18:50:23.270, ubuntu22-b, 0.004722
2023-07-18T18:50:23.475, ubuntu22-b, 0.004852
2023-07-18T18:50:23.681, ubuntu22-b, 0.005652
2023-07-18T18:50:23.887, ubuntu22-b, 0.005116
2023-07-18T18:50:24.092, ubuntu22-b, 0.004931
2023-07-18T18:50:24.297, ubuntu22-b, 0.004719
2023-07-18T18:50:24.502, ubuntu22-b, 0.004812
2023-07-18T18:50:24.709, ubuntu22-b, 0.005952
2023-07-18T18:50:24.914, ubuntu22-b, 0.004882
2023-07-18T18:50:25.122, ubuntu22-b, 0.007839
2023-07-18T18:50:25.327, ubuntu22-b, 0.004961
2023-07-18T18:50:25.533, ubuntu22-b, 0.005098
2023-07-18T18:50:25.738, ubuntu22-b, 0.004897
2023-07-18T18:50:25.943, ubuntu22-b, 0.004825
2023-07-18T18:50:26.148, ubuntu22-b, 0.004861
2023-07-18T18:50:26.354, ubuntu22-b, 0.005507
2023-07-18T18:50:26.563, ubuntu22-b, 0.008065
2023-07-18T18:50:26.768, ubuntu22-b, 0.005198
2023-07-18T18:50:26.974, ubuntu22-b, 0.005176
2023-07-18T18:50:27.182, ubuntu22-d, 0.007563
2023-07-18T18:50:27.387, ubuntu22-d, 0.004598
2023-07-18T18:50:27.592, ubuntu22-b, 0.004601
2023-07-18T18:50:27.797, ubuntu22-b, 0.004699
2023-07-18T18:50:28.002, ubuntu22-d, 0.004851
2023-07-18T18:50:28.255, , 
2023-07-18T18:50:28.461, ubuntu22-d, 0.005953
2023-07-18T18:50:28.667, ubuntu22-d, 0.004862
2023-07-18T18:50:28.872, ubuntu22-d, 0.004940
2023-07-18T18:50:29.077, ubuntu22-d, 0.005108
2023-07-18T18:50:29.283, ubuntu22-d, 0.005089
2023-07-18T18:50:29.489, ubuntu22-d, 0.005194
2023-07-18T18:50:29.694, ubuntu22-d, 0.005197
2023-07-18T18:50:29.900, ubuntu22-d, 0.004945
2023-07-18T18:50:30.105, ubuntu22-d, 0.004707
2023-07-18T18:50:30.311, ubuntu22-d, 0.006040
2023-07-18T18:50:30.516, ubuntu22-d, 0.004768
2023-07-18T18:50:30.722, ubuntu22-d, 0.005261
2023-07-18T18:50:30.927, ubuntu22-d, 0.004997
2023-07-18T18:50:31.133, ubuntu22-d, 0.005177
2023-07-18T18:50:31.338, ubuntu22-d, 0.005160
2023-07-18T18:50:31.547, ubuntu22-d, 0.008492
2023-07-18T18:50:31.753, ubuntu22-d, 0.005353
2023-07-18T18:50:31.958, ubuntu22-d, 0.005003
2023-07-18T18:50:32.164, ubuntu22-d, 0.005246
2023-07-18T18:50:32.370, ubuntu22-d, 0.005253
2023-07-18T18:50:32.575, ubuntu22-d, 0.005195
2023-07-18T18:50:32.781, ubuntu22-d, 0.005193
2023-07-18T18:50:32.986, ubuntu22-d, 0.005208
2023-07-18T18:50:33.192, ubuntu22-c, 0.005649
2023-07-18T18:50:33.398, ubuntu22-c, 0.004825
2023-07-18T18:50:33.603, ubuntu22-c, 0.004739
2023-07-18T18:50:33.808, ubuntu22-c, 0.004721
2023-07-18T18:50:34.013, ubuntu22-d, 0.005072
2023-07-18T18:50:34.219, ubuntu22-c, 0.004986
2023-07-18T18:50:34.423, , 
2023-07-18T18:50:34.631, ubuntu22-c, 0.007945
2023-07-18T18:50:34.836, ubuntu22-c, 0.004769
2023-07-18T18:50:40.043, , 
2023-07-18T18:50:40.253, ubuntu22-c, 0.009102
2023-07-18T18:50:40.458, ubuntu22-c, 0.004797
2023-07-18T18:50:40.664, ubuntu22-d, 0.005723
2023-07-18T18:50:40.870, ubuntu22-c, 0.005775
2023-07-18T18:50:41.076, ubuntu22-c, 0.005055
2023-07-18T18:50:41.281, ubuntu22-d, 0.004650
2023-07-18T18:50:41.486, ubuntu22-d, 0.004706
2023-07-18T18:50:41.690, , 
2023-07-18T18:50:41.895, ubuntu22-d, 0.004904
2023-07-18T18:50:42.101, ubuntu22-d, 0.004989
2023-07-18T18:50:42.306, ubuntu22-d, 0.004977
2023-07-18T18:50:42.511, ubuntu22-d, 0.004647
2023-07-18T18:50:42.716, ubuntu22-d, 0.004832
2023-07-18T18:50:42.922, ubuntu22-d, 0.005265
2023-07-18T18:50:43.128, ubuntu22-d, 0.005619
2023-07-18T18:50:43.333, ubuntu22-d, 0.004841
2023-07-18T18:50:43.539, ubuntu22-d, 0.004982
2023-07-18T18:50:43.744, ubuntu22-d, 0.005039
2023-07-18T18:50:43.949, ubuntu22-d, 0.004766
2023-07-18T18:50:44.155, ubuntu22-d, 0.006044
2023-07-18T18:50:44.360, ubuntu22-d, 0.004638
2023-07-18T18:50:44.568, ubuntu22-d, 0.007473
2023-07-18T18:50:44.774, ubuntu22-d, 0.004810
2023-07-18T18:50:44.980, ubuntu22-d, 0.006154
2023-07-18T18:50:45.186, ubuntu22-d, 0.005345
2023-07-18T18:50:45.391, ubuntu22-d, 0.004852
2023-07-18T18:50:45.597, ubuntu22-d, 0.005706
2023-07-18T18:50:45.803, ubuntu22-d, 0.004862
2023-07-18T18:50:46.008, ubuntu22-d, 0.004724
2023-07-18T18:50:46.247, ubuntu22-d, 0.039335
2023-07-18T18:50:46.453, ubuntu22-d, 0.004985
2023-07-18T18:50:46.658, ubuntu22-d, 0.004920
2023-07-18T18:50:46.863, ubuntu22-d, 0.004744
2023-07-18T18:50:47.069, ubuntu22-d, 0.005090
2023-07-18T18:50:47.274, ubuntu22-d, 0.004891
2023-07-18T18:50:47.479, ubuntu22-d, 0.004584
2023-07-18T18:50:47.684, ubuntu22-d, 0.004943
2023-07-18T18:50:47.889, ubuntu22-d, 0.004780
2023-07-18T18:50:48.095, ubuntu22-d, 0.005440
2023-07-18T18:50:48.300, ubuntu22-d, 0.004827
2023-07-18T18:50:48.506, ubuntu22-d, 0.005106
2023-07-18T18:50:48.712, ubuntu22-d, 0.005459
2023-07-18T18:50:48.922, ubuntu22-d, 0.009627
2023-07-18T18:50:49.127, ubuntu22-d, 0.005119
2023-07-18T18:50:49.332, ubuntu22-d, 0.005040
2023-07-18T18:50:49.539, ubuntu22-d, 0.005867
2023-07-18T18:50:49.744, ubuntu22-d, 0.005057
2023-07-18T18:50:49.949, ubuntu22-d, 0.005059
2023-07-18T18:50:50.155, ubuntu22-d, 0.005119
2023-07-18T18:50:50.360, ubuntu22-d, 0.004782
2023-07-18T18:50:50.565, ubuntu22-d, 0.005038
2023-07-18T18:50:50.771, ubuntu22-d, 0.004735
2023-07-18T18:50:50.976, ubuntu22-d, 0.004961
2023-07-18T18:50:51.181, ubuntu22-b, 0.005057
2023-07-18T18:50:51.386, ubuntu22-d, 0.004598
2023-07-18T18:50:51.594, ubuntu22-b, 0.007564
2023-07-18T18:50:51.799, ubuntu22-d, 0.004726
2023-07-18T18:50:52.005, ubuntu22-b, 0.004791
2023-07-18T18:50:52.210, ubuntu22-d, 0.004725
2023-07-18T18:50:52.415, ubuntu22-d, 0.004777
2023-07-18T18:50:52.619, , 
2023-07-18T18:50:52.825, ubuntu22-b, 0.005898
2023-07-18T18:50:53.033, ubuntu22-b, 0.006850
2023-07-18T18:50:53.238, ubuntu22-b, 0.005301
2023-07-18T18:50:53.444, ubuntu22-b, 0.005153
2023-07-18T18:50:53.707, ubuntu22-b, 0.062825
2023-07-18T18:50:53.915, ubuntu22-b, 0.007505
2023-07-18T18:50:54.120, ubuntu22-b, 0.004802
2023-07-18T18:50:54.325, ubuntu22-b, 0.004702
2023-07-18T18:50:54.530, ubuntu22-b, 0.004750
2023-07-18T18:50:54.736, ubuntu22-b, 0.006038
2023-07-18T18:50:54.942, ubuntu22-b, 0.005008
2023-07-18T18:50:55.147, ubuntu22-b, 0.004904
2023-07-18T18:50:55.355, ubuntu22-b, 0.007437
2023-07-18T18:50:55.560, ubuntu22-b, 0.005037
2023-07-18T18:50:55.765, ubuntu22-b, 0.004781
2023-07-18T18:50:55.970, ubuntu22-b, 0.004713
2023-07-18T18:50:56.175, ubuntu22-b, 0.004679
2023-07-18T18:50:56.381, ubuntu22-b, 0.004825
2023-07-18T18:50:56.591, ubuntu22-b, 0.010022
2023-07-18T18:50:56.798, ubuntu22-b, 0.006487
2023-07-18T18:50:57.004, ubuntu22-b, 0.005943
2023-07-18T18:50:57.210, ubuntu22-b, 0.005587
2023-07-18T18:50:57.415, ubuntu22-b, 0.004930
2023-07-18T18:50:57.625, ubuntu22-b, 0.008656
2023-07-18T18:50:57.831, ubuntu22-b, 0.005666
2023-07-18T18:50:58.037, ubuntu22-b, 0.006024
2023-07-18T18:50:58.242, ubuntu22-b, 0.004785
2023-07-18T18:50:58.447, ubuntu22-b, 0.004808
2023-07-18T18:50:58.654, ubuntu22-c, 0.006141
2023-07-18T18:50:58.859, ubuntu22-c, 0.004606
2023-07-18T18:50:59.066, ubuntu22-c, 0.006249
2023-07-18T18:50:59.271, ubuntu22-b, 0.005028
2023-07-18T18:50:59.476, ubuntu22-b, 0.004951
2023-07-18T18:50:59.684, ubuntu22-c, 0.007485
2023-07-18T18:50:59.889, , 
2023-07-18T18:51:00.095, ubuntu22-c, 0.005498
2023-07-18T18:51:00.300, ubuntu22-c, 0.004890
2023-07-18T18:51:00.506, ubuntu22-c, 0.005190
2023-07-18T18:51:00.712, ubuntu22-c, 0.005767
2023-07-18T18:51:00.919, ubuntu22-c, 0.006126
2023-07-18T18:51:01.125, ubuntu22-c, 0.006186
2023-07-18T18:51:01.331, ubuntu22-c, 0.004861
2023-07-18T18:51:01.536, ubuntu22-c, 0.004964
2023-07-18T18:51:01.752, ubuntu22-c, 0.015139
2023-07-18T18:51:01.959, ubuntu22-c, 0.006614
2023-07-18T18:51:02.164, ubuntu22-c, 0.005078
2023-07-18T18:51:02.369, ubuntu22-c, 0.004791
2023-07-18T18:51:02.575, ubuntu22-c, 0.005136
2023-07-18T18:51:02.780, ubuntu22-c, 0.004713
2023-07-18T18:51:02.986, ubuntu22-c, 0.005950
2023-07-18T18:51:03.192, ubuntu22-c, 0.004873
2023-07-18T18:51:03.397, ubuntu22-c, 0.004956
2023-07-18T18:51:03.603, ubuntu22-c, 0.005184
2023-07-18T18:51:03.808, ubuntu22-c, 0.004853
2023-07-18T18:51:04.014, ubuntu22-c, 0.005124
2023-07-18T18:51:04.220, ubuntu22-c, 0.005555
2023-07-18T18:51:04.425, ubuntu22-c, 0.005048
2023-07-18T18:51:04.630, ubuntu22-c, 0.004842
2023-07-18T18:51:04.835, ubuntu22-c, 0.004629
2023-07-18T18:51:05.040, ubuntu22-c, 0.004920
2023-07-18T18:51:05.246, ubuntu22-c, 0.005129
2023-07-18T18:51:05.451, ubuntu22-c, 0.004936
2023-07-18T18:51:05.656, ubuntu22-c, 0.004714
2023-07-18T18:51:05.862, ubuntu22-c, 0.004967
2023-07-18T18:51:06.070, ubuntu22-c, 0.008031
2023-07-18T18:51:06.276, ubuntu22-d, 0.005504
2023-07-18T18:51:06.482, ubuntu22-d, 0.005168
2023-07-18T18:51:06.688, ubuntu22-d, 0.005371
2023-07-18T18:51:06.893, ubuntu22-d, 0.005375
2023-07-18T18:51:07.099, ubuntu22-d, 0.004870
2023-07-18T18:51:07.304, ubuntu22-d, 0.004828
2023-07-18T18:51:07.510, ubuntu22-c, 0.005254
2023-07-18T18:51:07.715, ubuntu22-d, 0.005286
2023-07-18T18:51:07.921, ubuntu22-d, 0.005040
2023-07-18T18:51:08.126, ubuntu22-d, 0.004764
2023-07-18T18:51:08.332, ubuntu22-d, 0.006013
2023-07-18T18:51:08.538, ubuntu22-d, 0.004989
2023-07-18T18:51:08.746, ubuntu22-d, 0.007175
2023-07-18T18:51:08.951, ubuntu22-d, 0.004835
2023-07-18T18:51:09.157, ubuntu22-d, 0.004893
2023-07-18T18:51:09.362, ubuntu22-d, 0.004920
2023-07-18T18:51:09.567, ubuntu22-d, 0.004752
2023-07-18T18:51:09.772, ubuntu22-d, 0.005096
2023-07-18T18:51:09.978, ubuntu22-d, 0.005787
2023-07-18T18:51:10.184, ubuntu22-d, 0.004686
2023-07-18T18:51:10.393, ubuntu22-d, 0.008646
2023-07-18T18:51:10.598, ubuntu22-d, 0.004735
2023-07-18T18:51:10.808, ubuntu22-d, 0.009711
2023-07-18T18:51:11.014, ubuntu22-d, 0.004960
2023-07-18T18:51:11.219, ubuntu22-d, 0.004771
2023-07-18T18:51:11.424, ubuntu22-d, 0.004808
2023-07-18T18:51:11.630, ubuntu22-d, 0.005148
2023-07-18T18:51:11.835, ubuntu22-d, 0.004912
2023-07-18T18:51:12.040, ubuntu22-d, 0.005015
2023-07-18T18:51:12.247, ubuntu22-d, 0.006437
2023-07-18T18:51:12.453, ubuntu22-d, 0.004963
2023-07-18T18:51:12.658, ubuntu22-d, 0.004712
2023-07-18T18:51:12.863, ubuntu22-d, 0.004473
2023-07-18T18:51:13.068, ubuntu22-d, 0.004712
2023-07-18T18:51:13.273, ubuntu22-d, 0.004583
2023-07-18T18:51:13.479, ubuntu22-c, 0.005828
2023-07-18T18:51:13.684, ubuntu22-d, 0.004999
2023-07-18T18:51:13.890, ubuntu22-d, 0.004982
2023-07-18T18:51:14.095, ubuntu22-c, 0.004762
2023-07-18T18:51:14.300, ubuntu22-c, 0.004757
2023-07-18T18:51:14.505, ubuntu22-c, 0.005091
2023-07-18T18:51:14.710, ubuntu22-d, 0.004666
2023-07-18T18:51:14.916, ubuntu22-c, 0.005073
2023-07-18T18:51:15.125, ubuntu22-c, 0.009021
2023-07-18T18:51:15.329, , 
2023-07-18T18:51:15.535, ubuntu22-c, 0.005254
2023-07-18T18:51:15.740, ubuntu22-c, 0.004866
2023-07-18T18:51:15.945, ubuntu22-c, 0.004921
2023-07-18T18:51:16.150, ubuntu22-c, 0.004743
2023-07-18T18:51:16.356, ubuntu22-c, 0.004832
2023-07-18T18:51:16.561, ubuntu22-c, 0.004881
2023-07-18T18:51:16.766, ubuntu22-c, 0.004840
2023-07-18T18:51:16.977, ubuntu22-c, 0.005121
2023-07-18T18:51:17.182, ubuntu22-c, 0.004791
2023-07-18T18:51:17.387, ubuntu22-c, 0.004959
2023-07-18T18:51:17.594, ubuntu22-c, 0.005132
2023-07-18T18:51:17.799, ubuntu22-c, 0.004693
2023-07-18T18:51:18.008, ubuntu22-c, 0.008284
2023-07-18T18:51:18.214, ubuntu22-c, 0.005074
2023-07-18T18:51:18.421, ubuntu22-c, 0.006787
2023-07-18T18:51:18.626, ubuntu22-c, 0.005398
2023-07-18T18:51:18.832, ubuntu22-c, 0.005042
2023-07-18T18:51:19.060, ubuntu22-c, 0.028109
2023-07-18T18:51:19.266, ubuntu22-c, 0.004846
2023-07-18T18:51:19.471, ubuntu22-c, 0.004742
2023-07-18T18:51:19.676, ubuntu22-c, 0.004782
2023-07-18T18:51:19.881, ubuntu22-c, 0.004440
2023-07-18T18:51:20.086, ubuntu22-c, 0.005017
2023-07-18T18:51:20.291, ubuntu22-c, 0.004804
2023-07-18T18:51:20.496, ubuntu22-c, 0.004799
2023-07-18T18:51:20.702, ubuntu22-c, 0.004841
2023-07-18T18:51:20.907, ubuntu22-c, 0.004782
2023-07-18T18:51:21.112, ubuntu22-c, 0.004725
2023-07-18T18:51:21.319, ubuntu22-c, 0.006588
2023-07-18T18:51:21.527, ubuntu22-c, 0.007896
2023-07-18T18:51:21.733, ubuntu22-c, 0.004821
2023-07-18T18:51:21.938, ubuntu22-c, 0.005086
2023-07-18T18:51:22.144, ubuntu22-c, 0.005423
2023-07-18T18:51:22.349, ubuntu22-c, 0.004788
2023-07-18T18:51:22.554, ubuntu22-c, 0.004798
2023-07-18T18:51:22.760, ubuntu22-c, 0.005059
2023-07-18T18:51:22.965, ubuntu22-c, 0.005389
2023-07-18T18:51:23.173, ubuntu22-c, 0.007397
2023-07-18T18:51:23.378, ubuntu22-c, 0.004999
2023-07-18T18:51:23.584, ubuntu22-c, 0.005283
2023-07-18T18:51:23.790, ubuntu22-c, 0.005112
2023-07-18T18:51:23.995, ubuntu22-c, 0.004884
2023-07-18T18:51:24.200, ubuntu22-c, 0.004762
2023-07-18T18:51:24.405, ubuntu22-c, 0.004899
2023-07-18T18:51:24.611, ubuntu22-c, 0.005512
2023-07-18T18:51:24.817, ubuntu22-c, 0.005066
2023-07-18T18:51:25.022, ubuntu22-c, 0.005062
2023-07-18T18:51:25.228, ubuntu22-c, 0.005403
2023-07-18T18:51:25.434, ubuntu22-c, 0.005135
2023-07-18T18:51:25.640, ubuntu22-c, 0.005135
2023-07-18T18:51:25.845, ubuntu22-c, 0.005253
2023-07-18T18:51:26.051, ubuntu22-c, 0.005135
2023-07-18T18:51:26.258, ubuntu22-b, 0.005958
2023-07-18T18:51:26.481, ubuntu22-b, 0.023270
2023-07-18T18:51:26.687, ubuntu22-c, 0.005517
2023-07-18T18:51:26.893, ubuntu22-b, 0.005953
2023-07-18T18:51:27.099, ubuntu22-b, 0.005016
2023-07-18T18:51:27.305, ubuntu22-c, 0.006145
2023-07-18T18:51:27.509, , 
2023-07-18T18:51:27.717, ubuntu22-b, 0.006802
2023-07-18T18:51:27.923, ubuntu22-b, 0.005733
2023-07-18T18:51:28.131, ubuntu22-b, 0.008242
2023-07-18T18:51:28.339, ubuntu22-b, 0.007290
2023-07-18T18:51:28.547, ubuntu22-b, 0.007761
2023-07-18T18:51:28.755, ubuntu22-b, 0.005529
2023-07-18T18:51:28.961, ubuntu22-b, 0.005706
2023-07-18T18:51:29.166, ubuntu22-b, 0.005099
2023-07-18T18:51:29.371, ubuntu22-b, 0.004778
2023-07-18T18:51:29.577, ubuntu22-b, 0.005033
2023-07-18T18:51:29.783, ubuntu22-b, 0.006139
2023-07-18T18:51:29.990, ubuntu22-b, 0.006594
2023-07-18T18:51:30.196, ubuntu22-b, 0.005337
2023-07-18T18:51:30.401, ubuntu22-b, 0.005191
2023-07-18T18:51:30.607, ubuntu22-b, 0.004922
2023-07-18T18:51:30.812, ubuntu22-b, 0.005308
2023-07-18T18:51:31.020, ubuntu22-b, 0.006755
2023-07-18T18:51:31.225, ubuntu22-b, 0.005419
2023-07-18T18:51:31.431, ubuntu22-b, 0.005157
2023-07-18T18:51:31.637, ubuntu22-b, 0.005630
2023-07-18T18:51:31.843, ubuntu22-b, 0.005234
2023-07-18T18:51:32.049, ubuntu22-b, 0.006010
2023-07-18T18:51:32.260, ubuntu22-b, 0.009774
2023-07-18T18:51:32.465, ubuntu22-b, 0.004938
2023-07-18T18:51:32.671, ubuntu22-b, 0.005017
2023-07-18T18:51:32.876, ubuntu22-b, 0.005203
2023-07-18T18:51:33.082, ubuntu22-b, 0.005267
2023-07-18T18:51:33.288, ubuntu22-d, 0.005551
2023-07-18T18:51:33.493, ubuntu22-d, 0.004984
2023-07-18T18:51:33.699, ubuntu22-b, 0.004894
2023-07-18T18:51:33.904, ubuntu22-d, 0.004829
2023-07-18T18:51:34.111, ubuntu22-b, 0.006170
2023-07-18T18:51:34.316, ubuntu22-d, 0.005154
2023-07-18T18:51:34.526, ubuntu22-d, 0.009052
2023-07-18T18:51:34.732, ubuntu22-d, 0.005125
2023-07-18T18:51:34.938, ubuntu22-d, 0.005903
2023-07-18T18:51:35.144, ubuntu22-d, 0.005665
2023-07-18T18:51:35.350, ubuntu22-d, 0.005471
2023-07-18T18:51:35.556, ubuntu22-d, 0.005157
2023-07-18T18:51:35.761, ubuntu22-d, 0.004902
2023-07-18T18:51:35.967, ubuntu22-d, 0.005800
2023-07-18T18:51:36.173, ubuntu22-d, 0.005166
2023-07-18T18:51:36.378, ubuntu22-d, 0.004913
2023-07-18T18:51:36.584, ubuntu22-d, 0.004900
2023-07-18T18:51:36.789, ubuntu22-d, 0.005108
2023-07-18T18:51:37.004, ubuntu22-d, 0.013936
2023-07-18T18:51:37.211, ubuntu22-d, 0.006790
2023-07-18T18:51:37.418, ubuntu22-d, 0.005810
2023-07-18T18:51:37.623, ubuntu22-d, 0.005125
2023-07-18T18:51:37.829, ubuntu22-d, 0.005008
2023-07-18T18:51:38.035, ubuntu22-d, 0.005144
2023-07-18T18:51:38.240, ubuntu22-d, 0.005305
2023-07-18T18:51:38.446, ubuntu22-d, 0.005595
2023-07-18T18:51:38.652, ubuntu22-d, 0.005038
2023-07-18T18:51:38.860, ubuntu22-d, 0.007897
2023-07-18T18:51:39.066, ubuntu22-d, 0.005433
2023-07-18T18:51:39.272, ubuntu22-d, 0.004908
2023-07-18T18:51:39.477, ubuntu22-d, 0.005155
2023-07-18T18:51:39.683, ubuntu22-d, 0.005221
2023-07-18T18:51:39.888, ubuntu22-d, 0.004997
2023-07-18T18:51:40.094, ubuntu22-d, 0.005250
2023-07-18T18:51:40.305, ubuntu22-d, 0.010440
2023-07-18T18:51:40.510, ubuntu22-d, 0.005144
2023-07-18T18:51:40.716, ubuntu22-d, 0.005328
2023-07-18T18:51:40.922, ubuntu22-c, 0.005939
2023-07-18T18:51:41.127, ubuntu22-d, 0.004899
2023-07-18T18:51:41.333, ubuntu22-d, 0.004951
2023-07-18T18:51:41.538, ubuntu22-c, 0.005285
2023-07-18T18:51:41.743, , 
2023-07-18T18:51:41.948, ubuntu22-c, 0.004917
2023-07-18T18:51:42.171, ubuntu22-c, 0.022276
2023-07-18T18:51:42.383, ubuntu22-c, 0.011634
2023-07-18T18:51:42.588, ubuntu22-c, 0.004903
2023-07-18T18:51:42.795, ubuntu22-c, 0.005968
2023-07-18T18:51:43.000, ubuntu22-c, 0.004964
2023-07-18T18:51:43.205, ubuntu22-c, 0.004906
2023-07-18T18:51:43.410, ubuntu22-c, 0.004903
2023-07-18T18:51:43.616, ubuntu22-c, 0.004721
2023-07-18T18:51:43.821, ubuntu22-c, 0.005112
2023-07-18T18:51:44.026, ubuntu22-c, 0.004792
2023-07-18T18:51:44.231, ubuntu22-c, 0.004795
2023-07-18T18:51:44.437, ubuntu22-c, 0.004877
2023-07-18T18:51:44.642, ubuntu22-c, 0.004872
2023-07-18T18:51:44.847, ubuntu22-c, 0.004618
2023-07-18T18:51:45.053, ubuntu22-c, 0.005758
2023-07-18T18:51:45.266, ubuntu22-c, 0.011912
2023-07-18T18:51:45.471, ubuntu22-c, 0.004773
2023-07-18T18:51:45.676, ubuntu22-c, 0.004971
2023-07-18T18:51:45.881, ubuntu22-c, 0.005013
2023-07-18T18:51:46.087, ubuntu22-c, 0.004748
2023-07-18T18:51:46.291, ubuntu22-c, 0.004699
2023-07-18T18:51:46.497, ubuntu22-c, 0.004959
2023-07-18T18:51:46.702, ubuntu22-c, 0.005335
2023-07-18T18:51:46.908, ubuntu22-c, 0.005118
2023-07-18T18:51:47.113, ubuntu22-c, 0.005160
2023-07-18T18:51:47.319, ubuntu22-c, 0.004912
2023-07-18T18:51:47.524, ubuntu22-c, 0.004759
2023-07-18T18:51:47.729, ubuntu22-c, 0.005229
2023-07-18T18:51:47.935, ubuntu22-c, 0.004764
2023-07-18T18:51:48.140, ubuntu22-c, 0.004948
2023-07-18T18:51:48.346, ubuntu22-c, 0.005381
2023-07-18T18:51:48.551, ubuntu22-d, 0.005358
2023-07-18T18:51:48.758, ubuntu22-d, 0.005785
2023-07-18T18:51:48.963, ubuntu22-d, 0.004795
2023-07-18T18:51:49.168, ubuntu22-d, 0.004823
2023-07-18T18:51:49.373, ubuntu22-d, 0.004811
2023-07-18T18:51:49.579, ubuntu22-d, 0.005609
2023-07-18T18:51:49.784, ubuntu22-d, 0.004644
2023-07-18T18:51:49.989, ubuntu22-d, 0.004858
2023-07-18T18:51:50.196, ubuntu22-d, 0.006510
2023-07-18T18:51:50.409, ubuntu22-d, 0.011816
2023-07-18T18:51:50.615, ubuntu22-d, 0.006052
2023-07-18T18:51:50.820, ubuntu22-d, 0.005158
2023-07-18T18:51:51.026, ubuntu22-d, 0.005336
2023-07-18T18:51:51.231, ubuntu22-d, 0.004825
2023-07-18T18:51:51.436, ubuntu22-d, 0.004781
2023-07-18T18:51:51.646, ubuntu22-d, 0.004946
2023-07-18T18:51:51.855, ubuntu22-d, 0.008890
2023-07-18T18:51:52.061, ubuntu22-d, 0.004971
2023-07-18T18:51:52.266, ubuntu22-d, 0.004948
2023-07-18T18:51:52.471, ubuntu22-d, 0.004836
2023-07-18T18:51:52.677, ubuntu22-d, 0.005598
2023-07-18T18:51:52.883, ubuntu22-d, 0.005160
2023-07-18T18:51:53.088, ubuntu22-d, 0.005054
2023-07-18T18:51:53.297, ubuntu22-d, 0.008660
2023-07-18T18:51:53.503, ubuntu22-d, 0.005232
2023-07-18T18:51:53.709, ubuntu22-d, 0.005258
2023-07-18T18:51:53.914, ubuntu22-d, 0.005244
2023-07-18T18:51:54.123, ubuntu22-d, 0.008033
2023-07-18T18:51:54.328, ubuntu22-d, 0.005017
2023-07-18T18:51:54.534, ubuntu22-d, 0.005045
2023-07-18T18:51:54.739, ubuntu22-d, 0.005024
2023-07-18T18:51:54.946, ubuntu22-d, 0.006454
2023-07-18T18:51:55.151, ubuntu22-d, 0.005193
2023-07-18T18:51:55.357, ubuntu22-d, 0.004848
2023-07-18T18:51:55.562, ubuntu22-d, 0.005235
2023-07-18T18:51:55.768, ubuntu22-d, 0.005326
2023-07-18T18:51:55.973, ubuntu22-d, 0.004944
2023-07-18T18:51:56.179, ubuntu22-d, 0.005074
2023-07-18T18:51:56.388, ubuntu22-d, 0.008546
2023-07-18T18:51:56.593, ubuntu22-d, 0.004942
2023-07-18T18:51:56.799, ubuntu22-d, 0.005029
2023-07-18T18:51:57.004, ubuntu22-d, 0.005426
2023-07-18T18:51:57.210, ubuntu22-d, 0.005088
2023-07-18T18:51:57.415, ubuntu22-d, 0.005103
2023-07-18T18:51:57.621, ubuntu22-d, 0.005167
2023-07-18T18:51:57.827, ubuntu22-d, 0.005254
2023-07-18T18:51:58.032, ubuntu22-d, 0.005158
2023-07-18T18:51:58.238, ubuntu22-d, 0.005025
2023-07-18T18:51:58.443, ubuntu22-d, 0.005276
2023-07-18T18:51:58.650, ubuntu22-d, 0.006177
2023-07-18T18:51:58.855, ubuntu22-d, 0.004960
2023-07-18T18:51:59.061, ubuntu22-d, 0.005125
2023-07-18T18:51:59.268, ubuntu22-d, 0.006923
2023-07-18T18:51:59.473, ubuntu22-b, 0.005085
2023-07-18T18:51:59.678, ubuntu22-b, 0.004684
2023-07-18T18:51:59.885, ubuntu22-b, 0.006641
2023-07-18T18:52:00.091, ubuntu22-d, 0.004767
2023-07-18T18:52:00.323, ubuntu22-d, 0.032586
2023-07-18T18:52:00.527, , 
2023-07-18T18:52:00.733, ubuntu22-b, 0.004910
2023-07-18T18:52:00.938, ubuntu22-b, 0.005066
2023-07-18T18:52:01.143, ubuntu22-b, 0.004732
2023-07-18T18:52:01.351, ubuntu22-b, 0.007071
2023-07-18T18:52:01.571, ubuntu22-b, 0.019900
2023-07-18T18:52:01.776, ubuntu22-b, 0.004907
2023-07-18T18:52:01.982, ubuntu22-b, 0.005793
2023-07-18T18:52:02.188, ubuntu22-b, 0.004940
2023-07-18T18:52:02.394, ubuntu22-b, 0.005869
2023-07-18T18:52:02.600, ubuntu22-b, 0.005552
2023-07-18T18:52:02.807, ubuntu22-b, 0.007264
2023-07-18T18:52:03.013, ubuntu22-b, 0.004981
2023-07-18T18:52:03.218, ubuntu22-b, 0.004868
2023-07-18T18:52:03.425, ubuntu22-b, 0.006602
2023-07-18T18:52:03.630, ubuntu22-b, 0.005173
2023-07-18T18:52:03.835, ubuntu22-b, 0.004719
2023-07-18T18:52:04.040, ubuntu22-b, 0.004736
2023-07-18T18:52:04.246, ubuntu22-b, 0.004861
2023-07-18T18:52:04.451, ubuntu22-b, 0.004802
2023-07-18T18:52:04.656, ubuntu22-b, 0.004911
2023-07-18T18:52:04.861, ubuntu22-b, 0.004852
2023-07-18T18:52:05.069, ubuntu22-b, 0.007394
2023-07-18T18:52:05.274, ubuntu22-b, 0.004848
2023-07-18T18:52:05.480, ubuntu22-b, 0.005382
2023-07-18T18:52:05.685, ubuntu22-b, 0.004721
2023-07-18T18:52:05.890, ubuntu22-b, 0.004770
2023-07-18T18:52:06.095, ubuntu22-b, 0.004685
2023-07-18T18:52:06.301, ubuntu22-b, 0.004846
2023-07-18T18:52:06.507, ubuntu22-d, 0.005930
2023-07-18T18:52:06.712, ubuntu22-d, 0.005081
2023-07-18T18:52:06.918, ubuntu22-d, 0.005473
2023-07-18T18:52:07.136, ubuntu22-d, 0.017667
2023-07-18T18:52:07.347, ubuntu22-b, 0.005538
2023-07-18T18:52:07.552, ubuntu22-d, 0.004873
2023-07-18T18:52:07.759, ubuntu22-b, 0.006426
2023-07-18T18:52:07.964, ubuntu22-b, 0.005362
2023-07-18T18:52:08.169, ubuntu22-b, 0.004694
2023-07-18T18:52:08.375, ubuntu22-d, 0.005038
2023-07-18T18:52:08.580, ubuntu22-d, 0.004953
2023-07-18T18:52:08.786, ubuntu22-d, 0.005190
2023-07-18T18:52:08.991, ubuntu22-d, 0.004976
2023-07-18T18:52:09.198, ubuntu22-d, 0.006157
2023-07-18T18:52:09.403, ubuntu22-d, 0.004987
2023-07-18T18:52:09.608, ubuntu22-d, 0.005005
2023-07-18T18:52:09.814, ubuntu22-d, 0.004963
2023-07-18T18:52:10.019, ubuntu22-d, 0.005104
2023-07-18T18:52:10.226, ubuntu22-d, 0.006053
2023-07-18T18:52:10.431, ubuntu22-d, 0.005549
2023-07-18T18:52:10.637, ubuntu22-d, 0.005518
2023-07-18T18:52:10.843, ubuntu22-d, 0.005041
2023-07-18T18:52:11.049, ubuntu22-d, 0.005279
2023-07-18T18:52:11.254, ubuntu22-d, 0.005126
2023-07-18T18:52:11.460, ubuntu22-d, 0.005267
2023-07-18T18:52:11.666, ubuntu22-d, 0.005764
2023-07-18T18:52:11.871, ubuntu22-d, 0.005101
2023-07-18T18:52:12.077, ubuntu22-d, 0.005448
2023-07-18T18:52:12.283, ubuntu22-d, 0.005111
2023-07-18T18:52:12.488, ubuntu22-d, 0.005110
2023-07-18T18:52:12.694, ubuntu22-d, 0.005309
2023-07-18T18:52:12.900, ubuntu22-d, 0.005379
2023-07-18T18:52:13.106, ubuntu22-d, 0.005184
2023-07-18T18:52:13.312, ubuntu22-d, 0.005188
2023-07-18T18:52:13.517, ubuntu22-d, 0.005324
2023-07-18T18:52:13.723, ubuntu22-d, 0.005019
2023-07-18T18:52:13.929, ubuntu22-d, 0.005137
2023-07-18T18:52:14.134, ubuntu22-d, 0.005208
2023-07-18T18:52:14.340, ubuntu22-d, 0.005335
2023-07-18T18:52:14.547, ubuntu22-d, 0.006576
2023-07-18T18:52:14.753, ubuntu22-d, 0.006041
2023-07-18T18:52:14.959, ubuntu22-d, 0.005422
2023-07-18T18:52:15.165, ubuntu22-d, 0.005310
2023-07-18T18:52:15.370, ubuntu22-d, 0.004920
2023-07-18T18:52:15.575, ubuntu22-d, 0.004896
2023-07-18T18:52:15.780, ubuntu22-d, 0.004652
2023-07-18T18:52:15.986, ubuntu22-d, 0.004889
2023-07-18T18:52:16.191, ubuntu22-d, 0.004734
2023-07-18T18:52:16.396, ubuntu22-d, 0.005082
2023-07-18T18:52:16.601, ubuntu22-d, 0.004895
2023-07-18T18:52:16.807, ubuntu22-d, 0.005240
2023-07-18T18:52:17.013, ubuntu22-d, 0.005111
2023-07-18T18:52:17.218, ubuntu22-d, 0.005294
2023-07-18T18:52:17.425, ubuntu22-d, 0.006487
2023-07-18T18:52:17.631, ubuntu22-b, 0.005391
2023-07-18T18:52:17.836, ubuntu22-d, 0.004946
2023-07-18T18:52:18.042, ubuntu22-b, 0.004991
2023-07-18T18:52:18.247, ubuntu22-d, 0.004746
2023-07-18T18:52:18.452, ubuntu22-d, 0.004888
2023-07-18T18:52:18.657, ubuntu22-d, 0.004605
2023-07-18T18:52:18.862, ubuntu22-d, 0.004765
2023-07-18T18:52:19.068, ubuntu22-b, 0.005159
2023-07-18T18:52:19.273, ubuntu22-b, 0.005348
2023-07-18T18:52:19.487, ubuntu22-b, 0.013381
2023-07-18T18:52:19.692, ubuntu22-b, 0.004756
2023-07-18T18:52:19.911, ubuntu22-b, 0.018741
2023-07-18T18:52:20.127, ubuntu22-b, 0.015572
2023-07-18T18:52:20.339, ubuntu22-b, 0.011982
2023-07-18T18:52:20.546, ubuntu22-b, 0.006131
2023-07-18T18:52:20.751, ubuntu22-b, 0.005146
2023-07-18T18:52:20.957, ubuntu22-b, 0.005728
2023-07-18T18:52:21.163, ubuntu22-b, 0.004993
2023-07-18T18:52:21.368, ubuntu22-b, 0.004744
2023-07-18T18:52:21.584, ubuntu22-b, 0.015301
2023-07-18T18:52:21.789, ubuntu22-b, 0.004799
2023-07-18T18:52:21.994, ubuntu22-b, 0.004851
2023-07-18T18:52:22.199, ubuntu22-b, 0.004608
2023-07-18T18:52:22.404, ubuntu22-b, 0.004974
2023-07-18T18:52:22.611, ubuntu22-b, 0.006468
2023-07-18T18:52:22.817, ubuntu22-b, 0.004671
2023-07-18T18:52:23.022, ubuntu22-b, 0.004774
2023-07-18T18:52:23.227, ubuntu22-b, 0.004683
2023-07-18T18:52:23.438, ubuntu22-b, 0.010361
2023-07-18T18:52:23.643, ubuntu22-b, 0.004889
2023-07-18T18:52:23.848, ubuntu22-b, 0.004820
2023-07-18T18:52:24.054, ubuntu22-b, 0.005109
2023-07-18T18:52:24.259, ubuntu22-b, 0.004645
2023-07-18T18:52:24.464, ubuntu22-b, 0.004897
2023-07-18T18:52:24.670, ubuntu22-b, 0.005992
2023-07-18T18:52:24.876, ubuntu22-c, 0.005188
2023-07-18T18:52:25.081, ubuntu22-c, 0.005015
2023-07-18T18:52:25.286, ubuntu22-b, 0.004671
2023-07-18T18:52:25.491, ubuntu22-b, 0.004643
2023-07-18T18:52:25.697, ubuntu22-b, 0.004946
2023-07-18T18:52:25.902, ubuntu22-c, 0.004676
2023-07-18T18:52:26.107, ubuntu22-b, 0.005014
2023-07-18T18:52:26.313, ubuntu22-b, 0.004713
2023-07-18T18:52:26.518, ubuntu22-c, 0.004924
2023-07-18T18:52:26.723, ubuntu22-c, 0.005327
2023-07-18T18:52:26.931, ubuntu22-c, 0.007380
2023-07-18T18:52:27.137, ubuntu22-c, 0.005450
2023-07-18T18:52:27.345, ubuntu22-c, 0.007386
2023-07-18T18:52:27.551, ubuntu22-c, 0.005174
2023-07-18T18:52:27.756, ubuntu22-c, 0.004835
2023-07-18T18:52:27.961, ubuntu22-c, 0.004906
2023-07-18T18:52:28.167, ubuntu22-c, 0.005520
2023-07-18T18:52:28.373, ubuntu22-c, 0.004928
2023-07-18T18:52:28.578, ubuntu22-c, 0.005512
2023-07-18T18:52:28.783, ubuntu22-c, 0.004756
2023-07-18T18:52:28.989, ubuntu22-c, 0.005106
2023-07-18T18:52:29.194, ubuntu22-c, 0.004978
2023-07-18T18:52:29.399, ubuntu22-c, 0.005007
2023-07-18T18:52:29.605, ubuntu22-c, 0.004904
2023-07-18T18:52:29.810, ubuntu22-c, 0.004736
2023-07-18T18:52:30.017, ubuntu22-c, 0.006735
2023-07-18T18:52:30.222, ubuntu22-c, 0.004822
2023-07-18T18:52:30.427, ubuntu22-c, 0.004785
2023-07-18T18:52:30.633, ubuntu22-c, 0.004928
2023-07-18T18:52:30.838, ubuntu22-c, 0.004909
2023-07-18T18:52:31.043, ubuntu22-c, 0.005096
2023-07-18T18:52:31.249, ubuntu22-c, 0.005028
2023-07-18T18:52:31.454, ubuntu22-c, 0.004919
2023-07-18T18:52:31.659, ubuntu22-c, 0.004778
2023-07-18T18:52:31.864, ubuntu22-c, 0.005065
2023-07-18T18:52:32.070, ubuntu22-c, 0.005088
2023-07-18T18:52:32.275, ubuntu22-c, 0.005008
2023-07-18T18:52:32.480, ubuntu22-c, 0.004715
2023-07-18T18:52:32.685, ubuntu22-c, 0.004711
2023-07-18T18:52:32.891, ubuntu22-c, 0.004868
2023-07-18T18:52:33.096, ubuntu22-c, 0.004596
2023-07-18T18:52:33.301, ubuntu22-c, 0.004603
2023-07-18T18:52:33.506, ubuntu22-c, 0.004824
2023-07-18T18:52:33.711, ubuntu22-c, 0.004802
2023-07-18T18:52:33.916, ubuntu22-c, 0.004805
2023-07-18T18:52:34.121, ubuntu22-c, 0.004914
2023-07-18T18:52:34.326, ubuntu22-c, 0.004714
2023-07-18T18:52:34.532, ubuntu22-c, 0.004829
2023-07-18T18:52:34.737, ubuntu22-b, 0.005299
2023-07-18T18:52:34.943, ubuntu22-b, 0.004863
2023-07-18T18:52:35.148, ubuntu22-b, 0.004776
2023-07-18T18:52:35.353, ubuntu22-b, 0.004703
2023-07-18T18:52:35.558, ubuntu22-c, 0.004848
2023-07-18T18:52:35.763, ubuntu22-b, 0.004800
2023-07-18T18:52:35.968, ubuntu22-c, 0.004823
2023-07-18T18:52:36.175, ubuntu22-b, 0.005875
2023-07-18T18:52:36.380, ubuntu22-b, 0.004760
2023-07-18T18:52:36.587, ubuntu22-b, 0.006423
2023-07-18T18:52:36.792, ubuntu22-b, 0.005054
2023-07-18T18:52:36.997, ubuntu22-b, 0.005028
2023-07-18T18:52:37.237, ubuntu22-b, 0.039511
2023-07-18T18:52:37.451, ubuntu22-b, 0.013502
2023-07-18T18:52:37.658, ubuntu22-b, 0.006909
2023-07-18T18:52:37.867, ubuntu22-b, 0.008475
2023-07-18T18:52:38.072, ubuntu22-b, 0.004717
2023-07-18T18:52:38.278, ubuntu22-b, 0.004846
2023-07-18T18:52:38.487, ubuntu22-b, 0.008424
2023-07-18T18:52:38.691, ubuntu22-b, 0.004654
2023-07-18T18:52:38.897, ubuntu22-b, 0.004927
2023-07-18T18:52:39.102, ubuntu22-b, 0.005008
2023-07-18T18:52:39.309, ubuntu22-b, 0.006265
2023-07-18T18:52:39.514, ubuntu22-b, 0.004714
2023-07-18T18:52:39.719, ubuntu22-b, 0.004728
2023-07-18T18:52:39.924, ubuntu22-b, 0.004837
2023-07-18T18:52:40.129, ubuntu22-b, 0.004900
2023-07-18T18:52:40.335, ubuntu22-b, 0.004797
2023-07-18T18:52:40.540, ubuntu22-b, 0.004873
2023-07-18T18:52:40.745, ubuntu22-b, 0.004714
2023-07-18T18:52:40.950, ubuntu22-b, 0.004809
2023-07-18T18:52:41.155, ubuntu22-b, 0.004854
2023-07-18T18:52:41.360, ubuntu22-b, 0.004704
2023-07-18T18:52:41.566, ubuntu22-b, 0.005248
2023-07-18T18:52:41.771, ubuntu22-b, 0.004784
2023-07-18T18:52:41.976, ubuntu22-b, 0.004885
2023-07-18T18:52:42.181, ubuntu22-b, 0.004725
2023-07-18T18:52:42.387, ubuntu22-b, 0.005410
2023-07-18T18:52:42.592, ubuntu22-b, 0.004735
2023-07-18T18:52:42.798, ubuntu22-d, 0.005382
2023-07-18T18:52:43.003, ubuntu22-d, 0.004739
2023-07-18T18:52:43.208, ubuntu22-d, 0.004950
2023-07-18T18:52:43.414, ubuntu22-d, 0.005042
2023-07-18T18:52:43.619, ubuntu22-b, 0.004872
2023-07-18T18:52:43.824, ubuntu22-b, 0.004722
2023-07-18T18:52:44.029, ubuntu22-d, 0.005203
2023-07-18T18:52:44.235, ubuntu22-d, 0.005076
2023-07-18T18:52:44.440, ubuntu22-d, 0.004719
2023-07-18T18:52:44.645, ubuntu22-d, 0.004919
2023-07-18T18:52:44.850, ubuntu22-d, 0.004768
2023-07-18T18:52:45.055, ubuntu22-d, 0.004699
2023-07-18T18:52:45.261, ubuntu22-d, 0.005476
2023-07-18T18:52:45.466, ubuntu22-d, 0.004808
2023-07-18T18:52:45.672, ubuntu22-d, 0.004745
2023-07-18T18:52:45.878, ubuntu22-d, 0.005666
2023-07-18T18:52:46.084, ubuntu22-d, 0.005823
2023-07-18T18:52:46.290, ubuntu22-d, 0.005500
2023-07-18T18:52:46.495, ubuntu22-d, 0.004840
2023-07-18T18:52:46.706, ubuntu22-d, 0.010324
2023-07-18T18:52:46.912, ubuntu22-d, 0.005440
2023-07-18T18:52:47.122, ubuntu22-d, 0.010179
2023-07-18T18:52:47.329, ubuntu22-d, 0.005746
2023-07-18T18:52:47.536, ubuntu22-d, 0.007562
2023-07-18T18:52:47.742, ubuntu22-d, 0.005322
2023-07-18T18:52:47.951, ubuntu22-d, 0.008622
2023-07-18T18:52:48.157, ubuntu22-d, 0.005780
2023-07-18T18:52:48.363, ubuntu22-d, 0.005513
2023-07-18T18:52:48.569, ubuntu22-d, 0.005797
2023-07-18T18:52:48.775, ubuntu22-d, 0.005573
2023-07-18T18:52:48.983, ubuntu22-d, 0.006899
2023-07-18T18:52:49.188, ubuntu22-d, 0.005307
2023-07-18T18:52:49.394, ubuntu22-d, 0.005224
2023-07-18T18:52:49.600, ubuntu22-d, 0.005210
2023-07-18T18:52:49.807, ubuntu22-d, 0.005398
2023-07-18T18:52:50.013, ubuntu22-c, 0.005918
2023-07-18T18:52:50.219, ubuntu22-d, 0.005488
2023-07-18T18:52:50.425, ubuntu22-c, 0.005279
2023-07-18T18:52:50.630, ubuntu22-d, 0.005407
2023-07-18T18:52:50.836, ubuntu22-d, 0.004976
2023-07-18T18:52:51.044, ubuntu22-d, 0.007885
2023-07-18T18:52:51.250, ubuntu22-d, 0.005914
2023-07-18T18:52:51.456, ubuntu22-c, 0.005277
2023-07-18T18:52:51.661, , 
2023-07-18T18:52:51.867, ubuntu22-c, 0.005477
2023-07-18T18:52:52.072, ubuntu22-c, 0.005129
2023-07-18T18:52:52.278, ubuntu22-c, 0.005224
2023-07-18T18:52:52.484, ubuntu22-c, 0.005486
2023-07-18T18:52:52.689, ubuntu22-c, 0.005333
2023-07-18T18:52:52.895, ubuntu22-c, 0.005113
2023-07-18T18:52:53.100, ubuntu22-c, 0.005170
2023-07-18T18:52:53.306, ubuntu22-c, 0.005226
2023-07-18T18:52:53.511, ubuntu22-c, 0.005125
2023-07-18T18:52:53.717, ubuntu22-c, 0.005132
2023-07-18T18:52:53.922, ubuntu22-c, 0.005134
2023-07-18T18:52:54.128, ubuntu22-c, 0.005261
2023-07-18T18:52:54.334, ubuntu22-c, 0.005454
2023-07-18T18:52:54.539, ubuntu22-c, 0.005342
2023-07-18T18:52:54.745, ubuntu22-c, 0.005278
2023-07-18T18:52:54.951, ubuntu22-c, 0.005191
2023-07-18T18:52:55.157, ubuntu22-c, 0.005661
2023-07-18T18:52:55.367, ubuntu22-c, 0.009022
2023-07-18T18:52:55.572, ubuntu22-c, 0.004793
2023-07-18T18:52:55.777, ubuntu22-c, 0.004904
2023-07-18T18:52:55.982, ubuntu22-c, 0.004925
2023-07-18T18:52:56.188, ubuntu22-c, 0.004809
2023-07-18T18:52:56.393, ubuntu22-c, 0.005103
2023-07-18T18:52:56.598, ubuntu22-c, 0.004898
2023-07-18T18:52:56.804, ubuntu22-c, 0.005060
2023-07-18T18:52:57.011, ubuntu22-c, 0.006571
2023-07-18T18:52:57.216, ubuntu22-c, 0.004816
2023-07-18T18:52:57.421, ubuntu22-c, 0.004443
2023-07-18T18:52:57.626, ubuntu22-c, 0.004663
2023-07-18T18:52:57.831, ubuntu22-c, 0.005041
2023-07-18T18:52:58.037, ubuntu22-c, 0.005337
2023-07-18T18:52:58.242, ubuntu22-c, 0.004764
2023-07-18T18:52:58.452, ubuntu22-c, 0.008840
2023-07-18T18:52:58.657, ubuntu22-c, 0.004749
2023-07-18T18:52:58.863, ubuntu22-c, 0.005116
2023-07-18T18:52:59.068, ubuntu22-c, 0.004846
2023-07-18T18:52:59.273, ubuntu22-c, 0.004844
2023-07-18T18:52:59.478, ubuntu22-c, 0.004717
2023-07-18T18:52:59.685, ubuntu22-c, 0.005697
2023-07-18T18:52:59.891, ubuntu22-b, 0.005976
2023-07-18T18:53:00.096, ubuntu22-b, 0.004827
2023-07-18T18:53:00.302, ubuntu22-b, 0.005059
2023-07-18T18:53:00.508, ubuntu22-c, 0.006500
2023-07-18T18:53:00.714, ubuntu22-c, 0.004828
2023-07-18T18:53:00.919, ubuntu22-c, 0.004612
2023-07-18T18:53:01.127, ubuntu22-b, 0.007321
2023-07-18T18:53:01.333, ubuntu22-c, 0.005471
2023-07-18T18:53:01.539, ubuntu22-b, 0.006446
2023-07-18T18:53:01.759, , 
2023-07-18T18:53:01.965, ubuntu22-b, 0.005664
2023-07-18T18:53:02.175, ubuntu22-b, 0.009562
2023-07-18T18:53:02.383, ubuntu22-b, 0.007379
2023-07-18T18:53:02.588, ubuntu22-b, 0.005068
2023-07-18T18:53:02.799, ubuntu22-b, 0.010216
2023-07-18T18:53:03.007, ubuntu22-b, 0.007003
2023-07-18T18:53:03.212, ubuntu22-b, 0.005083
2023-07-18T18:53:03.418, ubuntu22-b, 0.005836
2023-07-18T18:53:03.624, ubuntu22-b, 0.005395
2023-07-18T18:53:03.830, ubuntu22-b, 0.005317
2023-07-18T18:53:04.035, ubuntu22-b, 0.005171
2023-07-18T18:53:04.241, ubuntu22-b, 0.004989
2023-07-18T18:53:04.446, ubuntu22-b, 0.005081
2023-07-18T18:53:04.652, ubuntu22-b, 0.005151
2023-07-18T18:53:04.857, ubuntu22-b, 0.005159
2023-07-18T18:53:05.063, ubuntu22-b, 0.005486
2023-07-18T18:53:05.269, ubuntu22-b, 0.005018
2023-07-18T18:53:05.474, ubuntu22-b, 0.005181
2023-07-18T18:53:05.681, ubuntu22-b, 0.006190
2023-07-18T18:53:05.888, ubuntu22-b, 0.007145
2023-07-18T18:53:06.094, ubuntu22-b, 0.005398
2023-07-18T18:53:06.300, ubuntu22-b, 0.005248
2023-07-18T18:53:06.511, ubuntu22-b, 0.011458
2023-07-18T18:53:06.717, ubuntu22-b, 0.005231
2023-07-18T18:53:06.923, ubuntu22-b, 0.005166
2023-07-18T18:53:07.129, ubuntu22-b, 0.005486
2023-07-18T18:53:07.334, ubuntu22-b, 0.005128
2023-07-18T18:53:07.543, ubuntu22-b, 0.008604
2023-07-18T18:53:07.767, ubuntu22-b, 0.023998
2023-07-18T18:53:07.974, ubuntu22-d, 0.005841
2023-07-18T18:53:08.180, ubuntu22-b, 0.005505
2023-07-18T18:53:08.391, ubuntu22-b, 0.010494
2023-07-18T18:53:08.597, ubuntu22-d, 0.005575
2023-07-18T18:53:08.802, ubuntu22-b, 0.004993
2023-07-18T18:53:09.008, ubuntu22-d, 0.005571
2023-07-18T18:53:09.216, ubuntu22-d, 0.007408
2023-07-18T18:53:09.422, ubuntu22-d, 0.005745
2023-07-18T18:53:09.628, ubuntu22-d, 0.005671
2023-07-18T18:53:09.838, ubuntu22-d, 0.009208
2023-07-18T18:53:10.043, ubuntu22-d, 0.005288
2023-07-18T18:53:10.252, ubuntu22-d, 0.008286
2023-07-18T18:53:10.461, ubuntu22-d, 0.008157
2023-07-18T18:53:10.670, ubuntu22-d, 0.008339
2023-07-18T18:53:10.875, ubuntu22-d, 0.005023
2023-07-18T18:53:11.081, ubuntu22-d, 0.005013
2023-07-18T18:53:11.286, ubuntu22-d, 0.005087
2023-07-18T18:53:11.492, ubuntu22-d, 0.005259
2023-07-18T18:53:11.699, ubuntu22-d, 0.006494
2023-07-18T18:53:11.904, ubuntu22-d, 0.005101
2023-07-18T18:53:12.110, ubuntu22-d, 0.005383
2023-07-18T18:53:12.316, ubuntu22-d, 0.005449
2023-07-18T18:53:12.522, ubuntu22-d, 0.005544
2023-07-18T18:53:12.727, ubuntu22-d, 0.005008
2023-07-18T18:53:12.933, ubuntu22-d, 0.005601
2023-07-18T18:53:13.139, ubuntu22-d, 0.005218
2023-07-18T18:53:13.345, ubuntu22-d, 0.005264
2023-07-18T18:53:13.550, ubuntu22-d, 0.005285
2023-07-18T18:53:13.757, ubuntu22-d, 0.005936
2023-07-18T18:53:13.962, ubuntu22-d, 0.005330
2023-07-18T18:53:14.168, ubuntu22-d, 0.005629
2023-07-18T18:53:14.374, ubuntu22-d, 0.004846
2023-07-18T18:53:14.579, ubuntu22-d, 0.004659
2023-07-18T18:53:14.784, ubuntu22-d, 0.004857
2023-07-18T18:53:14.989, ubuntu22-d, 0.004934
2023-07-18T18:53:15.195, ubuntu22-d, 0.004983
2023-07-18T18:53:15.400, ubuntu22-d, 0.005067
2023-07-18T18:53:15.605, ubuntu22-d, 0.005026
2023-07-18T18:53:15.811, ubuntu22-d, 0.004848
2023-07-18T18:53:16.016, ubuntu22-d, 0.005197
2023-07-18T18:53:16.224, ubuntu22-d, 0.006948
2023-07-18T18:53:16.430, ubuntu22-d, 0.005718
2023-07-18T18:53:16.635, ubuntu22-d, 0.004793
2023-07-18T18:53:16.840, ubuntu22-d, 0.004988
2023-07-18T18:53:17.046, ubuntu22-d, 0.005841
2023-07-18T18:53:17.255, ubuntu22-b, 0.008614
2023-07-18T18:53:17.461, ubuntu22-b, 0.005182
2023-07-18T18:53:17.667, ubuntu22-d, 0.005646
2023-07-18T18:53:17.874, ubuntu22-b, 0.006580
2023-07-18T18:53:18.080, ubuntu22-d, 0.005257
2023-07-18T18:53:18.285, ubuntu22-b, 0.005128
2023-07-18T18:53:18.491, ubuntu22-b, 0.005236
2023-07-18T18:53:18.697, ubuntu22-b, 0.005472
2023-07-18T18:53:18.902, ubuntu22-b, 0.004970
2023-07-18T18:53:19.108, ubuntu22-b, 0.005269
2023-07-18T18:53:19.314, ubuntu22-b, 0.005945
2023-07-18T18:53:19.520, ubuntu22-b, 0.005363
2023-07-18T18:53:19.726, ubuntu22-b, 0.005474
2023-07-18T18:53:19.931, ubuntu22-b, 0.005198
2023-07-18T18:53:20.137, ubuntu22-b, 0.005404
2023-07-18T18:53:20.343, ubuntu22-b, 0.005450
2023-07-18T18:53:20.548, ubuntu22-b, 0.005213
2023-07-18T18:53:20.754, ubuntu22-b, 0.005347
2023-07-18T18:53:20.960, ubuntu22-b, 0.004991
2023-07-18T18:53:21.165, ubuntu22-b, 0.005270
2023-07-18T18:53:21.371, ubuntu22-b, 0.005121
2023-07-18T18:53:21.583, ubuntu22-b, 0.011499
2023-07-18T18:53:21.789, ubuntu22-b, 0.005667
2023-07-18T18:53:21.994, ubuntu22-b, 0.005205
2023-07-18T18:53:22.200, ubuntu22-b, 0.005016
2023-07-18T18:53:22.405, ubuntu22-b, 0.005217
2023-07-18T18:53:22.611, ubuntu22-b, 0.005056
2023-07-18T18:53:22.816, ubuntu22-b, 0.005271
2023-07-18T18:53:23.022, ubuntu22-b, 0.005315
2023-07-18T18:53:23.228, ubuntu22-b, 0.005409
2023-07-18T18:53:23.433, ubuntu22-b, 0.005311
2023-07-18T18:53:23.640, ubuntu22-b, 0.006061
2023-07-18T18:53:23.846, ubuntu22-b, 0.005403
2023-07-18T18:53:24.051, ubuntu22-b, 0.005229
2023-07-18T18:53:24.257, ubuntu22-b, 0.005311
2023-07-18T18:53:24.462, ubuntu22-b, 0.005156
2023-07-18T18:53:24.669, ubuntu22-b, 0.006293
2023-07-18T18:53:24.875, ubuntu22-b, 0.005528
2023-07-18T18:53:25.082, ubuntu22-b, 0.006256
2023-07-18T18:53:25.287, ubuntu22-b, 0.005144
2023-07-18T18:53:25.493, ubuntu22-b, 0.005265
2023-07-18T18:53:25.698, ubuntu22-b, 0.005098
2023-07-18T18:53:25.904, ubuntu22-c, 0.005034
2023-07-18T18:53:26.109, ubuntu22-c, 0.004775
2023-07-18T18:53:26.314, ubuntu22-c, 0.005082
2023-07-18T18:53:26.619, , 
2023-07-18T18:53:26.826, ubuntu22-c, 0.007038
2023-07-18T18:53:27.032, ubuntu22-c, 0.005392
2023-07-18T18:53:27.238, ubuntu22-c, 0.005166
2023-07-18T18:53:27.444, ubuntu22-c, 0.005788
2023-07-18T18:53:27.650, ubuntu22-c, 0.005908
2023-07-18T18:53:27.856, ubuntu22-c, 0.005390
2023-07-18T18:53:28.062, ubuntu22-c, 0.005384
2023-07-18T18:53:28.268, ubuntu22-c, 0.005483
2023-07-18T18:53:28.475, ubuntu22-c, 0.006884
2023-07-18T18:53:28.680, ubuntu22-c, 0.005102
2023-07-18T18:53:28.886, ubuntu22-c, 0.005255
2023-07-18T18:53:29.094, ubuntu22-c, 0.006999
2023-07-18T18:53:29.299, ubuntu22-c, 0.005199
2023-07-18T18:53:29.505, ubuntu22-c, 0.005851
2023-07-18T18:53:29.711, ubuntu22-c, 0.005178
2023-07-18T18:53:29.917, ubuntu22-c, 0.005217
2023-07-18T18:53:30.122, ubuntu22-c, 0.005062
2023-07-18T18:53:30.330, ubuntu22-c, 0.007581
2023-07-18T18:53:30.536, ubuntu22-c, 0.005469
2023-07-18T18:53:30.742, ubuntu22-c, 0.005231
2023-07-18T18:53:30.948, ubuntu22-c, 0.005296
2023-07-18T18:53:31.153, ubuntu22-c, 0.005362
2023-07-18T18:53:31.359, ubuntu22-c, 0.005093
2023-07-18T18:53:31.564, ubuntu22-c, 0.005328
2023-07-18T18:53:31.770, ubuntu22-c, 0.005196
2023-07-18T18:53:31.976, ubuntu22-c, 0.005217
2023-07-18T18:53:32.181, ubuntu22-c, 0.005238
2023-07-18T18:53:32.387, ubuntu22-c, 0.005014
2023-07-18T18:53:32.592, ubuntu22-c, 0.005123
2023-07-18T18:53:32.798, ubuntu22-c, 0.005237
2023-07-18T18:53:33.004, ubuntu22-c, 0.005429
2023-07-18T18:53:33.209, ubuntu22-c, 0.004589
2023-07-18T18:53:33.414, ubuntu22-c, 0.004826
2023-07-18T18:53:33.620, ubuntu22-c, 0.006091
2023-07-18T18:53:33.826, ubuntu22-c, 0.005269
2023-07-18T18:53:34.032, ubuntu22-d, 0.005394
2023-07-18T18:53:34.238, ubuntu22-c, 0.006235
2023-07-18T18:53:34.444, ubuntu22-d, 0.005013
2023-07-18T18:53:34.652, ubuntu22-d, 0.007393
2023-07-18T18:53:34.857, ubuntu22-d, 0.005281
2023-07-18T18:53:35.063, ubuntu22-d, 0.004882
2023-07-18T18:53:35.269, ubuntu22-c, 0.005637
2023-07-18T18:53:35.474, ubuntu22-d, 0.005010
2023-07-18T18:53:35.685, ubuntu22-c, 0.010628
2023-07-18T18:53:35.891, ubuntu22-d, 0.005298
2023-07-18T18:53:36.096, ubuntu22-d, 0.005070
2023-07-18T18:53:36.301, ubuntu22-d, 0.004933
2023-07-18T18:53:36.507, ubuntu22-d, 0.005133
2023-07-18T18:53:36.713, ubuntu22-d, 0.005326
2023-07-18T18:53:36.918, ubuntu22-d, 0.005444
2023-07-18T18:53:37.127, ubuntu22-d, 0.007755
2023-07-18T18:53:37.332, ubuntu22-d, 0.005268
2023-07-18T18:53:37.538, ubuntu22-d, 0.005032
2023-07-18T18:53:37.743, ubuntu22-d, 0.005344
2023-07-18T18:53:37.949, ubuntu22-d, 0.005281
2023-07-18T18:53:38.155, ubuntu22-d, 0.005706
2023-07-18T18:53:38.361, ubuntu22-d, 0.004899
2023-07-18T18:53:38.566, ubuntu22-d, 0.004923
2023-07-18T18:53:38.771, ubuntu22-d, 0.005002
2023-07-18T18:53:38.977, ubuntu22-d, 0.005245
2023-07-18T18:53:39.182, ubuntu22-d, 0.005051
2023-07-18T18:53:39.388, ubuntu22-d, 0.005224
2023-07-18T18:53:39.594, ubuntu22-d, 0.005598
2023-07-18T18:53:39.800, ubuntu22-d, 0.005781
2023-07-18T18:53:40.010, ubuntu22-d, 0.009522
2023-07-18T18:53:40.216, ubuntu22-d, 0.005436
2023-07-18T18:53:40.422, ubuntu22-d, 0.006064
2023-07-18T18:53:40.628, ubuntu22-d, 0.005440
2023-07-18T18:53:40.834, ubuntu22-d, 0.005405
2023-07-18T18:53:41.039, ubuntu22-d, 0.005326
2023-07-18T18:53:41.246, ubuntu22-d, 0.005679
2023-07-18T18:53:41.451, ubuntu22-d, 0.005073
2023-07-18T18:53:41.657, ubuntu22-d, 0.005908
2023-07-18T18:53:41.863, ubuntu22-d, 0.005509
2023-07-18T18:53:42.070, ubuntu22-d, 0.006464
2023-07-18T18:53:42.276, ubuntu22-d, 0.005384
2023-07-18T18:53:42.483, ubuntu22-d, 0.007051
2023-07-18T18:53:42.689, ubuntu22-d, 0.005157
2023-07-18T18:53:42.896, ubuntu22-d, 0.006250
2023-07-18T18:53:43.101, ubuntu22-d, 0.005436
2023-07-18T18:53:43.307, ubuntu22-d, 0.005445
2023-07-18T18:53:43.513, ubuntu22-d, 0.005045
2023-07-18T18:53:43.718, ubuntu22-d, 0.005313
2023-07-18T18:53:43.924, ubuntu22-d, 0.005289
2023-07-18T18:53:44.130, ubuntu22-d, 0.005322
2023-07-18T18:53:44.337, ubuntu22-d, 0.006685
2023-07-18T18:53:44.542, ubuntu22-d, 0.005101
2023-07-18T18:53:44.748, ubuntu22-d, 0.005231
2023-07-18T18:53:44.954, ubuntu22-d, 0.005846
2023-07-18T18:53:45.160, ubuntu22-d, 0.005231
2023-07-18T18:53:45.365, ubuntu22-d, 0.005308
2023-07-18T18:53:45.571, ubuntu22-d, 0.005250
2023-07-18T18:53:45.780, ubuntu22-d, 0.008841
2023-07-18T18:53:45.986, ubuntu22-d, 0.005251
2023-07-18T18:53:46.197, ubuntu22-d, 0.010585
2023-07-18T18:53:46.412, ubuntu22-b, 0.014109
2023-07-18T18:53:46.617, ubuntu22-b, 0.005017
2023-07-18T18:53:46.823, ubuntu22-d, 0.005129
2023-07-18T18:53:47.030, ubuntu22-b, 0.006788
2023-07-18T18:53:47.236, ubuntu22-b, 0.005274
2023-07-18T18:53:47.442, ubuntu22-b, 0.005100
2023-07-18T18:53:47.651, ubuntu22-b, 0.008941
2023-07-18T18:53:47.859, ubuntu22-b, 0.007653
2023-07-18T18:53:48.065, ubuntu22-b, 0.005352
2023-07-18T18:53:48.271, ubuntu22-b, 0.005302
2023-07-18T18:53:48.478, ubuntu22-b, 0.006257
2023-07-18T18:53:48.684, ubuntu22-b, 0.005290
2023-07-18T18:53:48.904, ubuntu22-b, 0.019633
2023-07-18T18:53:49.115, ubuntu22-b, 0.011186
2023-07-18T18:53:49.329, ubuntu22-b, 0.013134
2023-07-18T18:53:49.534, ubuntu22-b, 0.005205
2023-07-18T18:53:49.740, ubuntu22-b, 0.005510
2023-07-18T18:53:49.946, ubuntu22-b, 0.005160
2023-07-18T18:53:50.159, ubuntu22-b, 0.011976
2023-07-18T18:53:50.364, ubuntu22-b, 0.005443
2023-07-18T18:53:50.570, ubuntu22-b, 0.005143
2023-07-18T18:53:50.776, ubuntu22-b, 0.005338
2023-07-18T18:53:50.982, ubuntu22-b, 0.005306
2023-07-18T18:53:51.187, ubuntu22-b, 0.005059
2023-07-18T18:53:51.393, ubuntu22-b, 0.005649
2023-07-18T18:53:51.599, ubuntu22-b, 0.005389
2023-07-18T18:53:51.805, ubuntu22-b, 0.005288
2023-07-18T18:53:52.010, ubuntu22-b, 0.005290
2023-07-18T18:53:52.217, ubuntu22-b, 0.006025
2023-07-18T18:53:52.422, ubuntu22-b, 0.005388
2023-07-18T18:53:52.628, ubuntu22-b, 0.005446
2023-07-18T18:53:52.835, ubuntu22-b, 0.005587
2023-07-18T18:53:53.041, ubuntu22-b, 0.006164
2023-07-18T18:53:53.247, ubuntu22-b, 0.005600
2023-07-18T18:53:53.453, ubuntu22-b, 0.005352
2023-07-18T18:53:53.659, ubuntu22-b, 0.005832
2023-07-18T18:53:53.865, ubuntu22-b, 0.005569
2023-07-18T18:53:54.071, ubuntu22-b, 0.005204
2023-07-18T18:53:54.277, ubuntu22-b, 0.005262
2023-07-18T18:53:54.482, ubuntu22-b, 0.004974
2023-07-18T18:53:54.688, ubuntu22-b, 0.005425
2023-07-18T18:53:54.894, ubuntu22-b, 0.005361
2023-07-18T18:53:55.099, ubuntu22-b, 0.005160
2023-07-18T18:53:55.306, ubuntu22-c, 0.005840
2023-07-18T18:53:55.513, ubuntu22-c, 0.007406
2023-07-18T18:53:55.719, ubuntu22-c, 0.005266
2023-07-18T18:53:55.925, ubuntu22-c, 0.005449
2023-07-18T18:53:56.131, ubuntu22-c, 0.005756
2023-07-18T18:53:56.340, ubuntu22-b, 0.008637
2023-07-18T18:53:56.558, ubuntu22-b, 0.017533
2023-07-18T18:53:56.774, ubuntu22-b, 0.015277
2023-07-18T18:53:56.980, ubuntu22-c, 0.005825
2023-07-18T18:53:57.186, ubuntu22-b, 0.005445
2023-07-18T18:53:57.390, , 
2023-07-18T18:53:57.597, ubuntu22-c, 0.006329
2023-07-18T18:53:57.802, ubuntu22-c, 0.005225
2023-07-18T18:53:58.008, ubuntu22-c, 0.005210
2023-07-18T18:53:58.214, ubuntu22-c, 0.005352
2023-07-18T18:53:58.420, ubuntu22-c, 0.005462
2023-07-18T18:53:58.626, ubuntu22-c, 0.006171
2023-07-18T18:53:58.832, ubuntu22-c, 0.005318
2023-07-18T18:53:59.038, ubuntu22-c, 0.005569
2023-07-18T18:53:59.243, ubuntu22-c, 0.005160
2023-07-18T18:53:59.449, ubuntu22-c, 0.005618
2023-07-18T18:53:59.655, ubuntu22-c, 0.005341
2023-07-18T18:53:59.861, ubuntu22-c, 0.005093
2023-07-18T18:54:00.066, ubuntu22-c, 0.005313
2023-07-18T18:54:00.272, ubuntu22-c, 0.005167
2023-07-18T18:54:00.478, ubuntu22-c, 0.005292
2023-07-18T18:54:00.683, ubuntu22-c, 0.005268
2023-07-18T18:54:00.889, ubuntu22-c, 0.005168
2023-07-18T18:54:01.094, ubuntu22-c, 0.005043
2023-07-18T18:54:01.300, ubuntu22-c, 0.005730
2023-07-18T18:54:01.506, ubuntu22-c, 0.005342
2023-07-18T18:54:01.711, ubuntu22-c, 0.005368
2023-07-18T18:54:01.917, ubuntu22-c, 0.005484
2023-07-18T18:54:02.123, ubuntu22-c, 0.005066
2023-07-18T18:54:02.329, ubuntu22-c, 0.005401
2023-07-18T18:54:02.534, ubuntu22-c, 0.005116
2023-07-18T18:54:02.740, ubuntu22-c, 0.005270
2023-07-18T18:54:02.946, ubuntu22-c, 0.005350
2023-07-18T18:54:03.154, ubuntu22-c, 0.008374
2023-07-18T18:54:03.360, ubuntu22-c, 0.005298
2023-07-18T18:54:03.566, ubuntu22-c, 0.005211
2023-07-18T18:54:03.771, ubuntu22-c, 0.005036
2023-07-18T18:54:03.977, ubuntu22-c, 0.005136
2023-07-18T18:54:04.182, ubuntu22-c, 0.004983
2023-07-18T18:54:04.388, ubuntu22-c, 0.005157
2023-07-18T18:54:04.593, ubuntu22-c, 0.005409
2023-07-18T18:54:04.799, ubuntu22-c, 0.005061
2023-07-18T18:54:05.005, ubuntu22-c, 0.005170
2023-07-18T18:54:05.211, ubuntu22-c, 0.006342
2023-07-18T18:54:05.417, ubuntu22-c, 0.005101
2023-07-18T18:54:05.622, ubuntu22-c, 0.004969
2023-07-18T18:54:05.828, ubuntu22-b, 0.005328
2023-07-18T18:54:06.034, ubuntu22-c, 0.005428
2023-07-18T18:54:06.239, ubuntu22-b, 0.005121
2023-07-18T18:54:06.445, ubuntu22-c, 0.005248
2023-07-18T18:54:06.650, ubuntu22-b, 0.005201
2023-07-18T18:54:06.856, ubuntu22-b, 0.005351
2023-07-18T18:54:07.064, ubuntu22-b, 0.007526
2023-07-18T18:54:07.270, ubuntu22-b, 0.005149
2023-07-18T18:54:07.476, ubuntu22-b, 0.004931
2023-07-18T18:54:07.695, ubuntu22-b, 0.019178
2023-07-18T18:54:07.922, ubuntu22-b, 0.026736
2023-07-18T18:54:08.131, ubuntu22-b, 0.008306
2023-07-18T18:54:08.338, ubuntu22-b, 0.006957
2023-07-18T18:54:08.544, ubuntu22-b, 0.005555
2023-07-18T18:54:08.750, ubuntu22-b, 0.005623
2023-07-18T18:54:08.956, ubuntu22-b, 0.005325
2023-07-18T18:54:09.162, ubuntu22-b, 0.005468
2023-07-18T18:54:09.367, ubuntu22-b, 0.004879
2023-07-18T18:54:09.573, ubuntu22-b, 0.005061
2023-07-18T18:54:09.778, ubuntu22-b, 0.005200
2023-07-18T18:54:09.986, ubuntu22-b, 0.007849
2023-07-18T18:54:10.192, ubuntu22-b, 0.005111
2023-07-18T18:54:10.397, ubuntu22-b, 0.005245
2023-07-18T18:54:10.603, ubuntu22-b, 0.005010
2023-07-18T18:54:10.808, ubuntu22-b, 0.005200
2023-07-18T18:54:11.014, ubuntu22-b, 0.005358
2023-07-18T18:54:11.221, ubuntu22-b, 0.006130
2023-07-18T18:54:11.429, ubuntu22-b, 0.007730
2023-07-18T18:54:11.634, ubuntu22-b, 0.004994
2023-07-18T18:54:11.839, ubuntu22-b, 0.004845
2023-07-18T18:54:12.045, ubuntu22-b, 0.004927
2023-07-18T18:54:12.250, ubuntu22-b, 0.005039
2023-07-18T18:54:12.455, ubuntu22-b, 0.004899
2023-07-18T18:54:12.661, ubuntu22-b, 0.004796
2023-07-18T18:54:12.868, ubuntu22-b, 0.006770
2023-07-18T18:54:13.073, ubuntu22-b, 0.005059
2023-07-18T18:54:13.280, ubuntu22-b, 0.006573
2023-07-18T18:54:13.486, ubuntu22-d, 0.005400
2023-07-18T18:54:13.691, ubuntu22-d, 0.004668
2023-07-18T18:54:13.897, ubuntu22-b, 0.004825
2023-07-18T18:54:14.139, , 
2023-07-18T18:54:14.348, ubuntu22-d, 0.008446
2023-07-18T18:54:14.595, ubuntu22-d, 0.023179
2023-07-18T18:54:14.801, ubuntu22-d, 0.005199
2023-07-18T18:54:15.007, ubuntu22-d, 0.005456
2023-07-18T18:54:15.212, ubuntu22-d, 0.005249
2023-07-18T18:54:15.418, ubuntu22-d, 0.005469
2023-07-18T18:54:15.624, ubuntu22-d, 0.005110
2023-07-18T18:54:15.830, ubuntu22-d, 0.005256
2023-07-18T18:54:16.035, ubuntu22-d, 0.005077
2023-07-18T18:54:16.251, ubuntu22-d, 0.015581
2023-07-18T18:54:16.459, ubuntu22-d, 0.007800
2023-07-18T18:54:16.671, ubuntu22-d, 0.011039
2023-07-18T18:54:16.876, ubuntu22-d, 0.005123
2023-07-18T18:54:17.083, ubuntu22-d, 0.005935
2023-07-18T18:54:17.288, ubuntu22-d, 0.004786
2023-07-18T18:54:17.494, ubuntu22-d, 0.005281
2023-07-18T18:54:17.700, ubuntu22-d, 0.005719
2023-07-18T18:54:17.905, ubuntu22-d, 0.004827
2023-07-18T18:54:18.110, ubuntu22-d, 0.004827
2023-07-18T18:54:18.315, ubuntu22-d, 0.004655
2023-07-18T18:54:18.520, ubuntu22-d, 0.005040
2023-07-18T18:54:18.726, ubuntu22-d, 0.005061
2023-07-18T18:54:18.931, ubuntu22-d, 0.004753
2023-07-18T18:54:19.137, ubuntu22-d, 0.005309
2023-07-18T18:54:19.342, ubuntu22-d, 0.005096
2023-07-18T18:54:19.548, ubuntu22-d, 0.005048
2023-07-18T18:54:19.753, ubuntu22-d, 0.005419
2023-07-18T18:54:19.959, ubuntu22-d, 0.005191
2023-07-18T18:54:20.168, ubuntu22-d, 0.008157
2023-07-18T18:54:20.400, ubuntu22-d, 0.032041
2023-07-18T18:54:20.605, ubuntu22-d, 0.004843
2023-07-18T18:54:20.810, ubuntu22-d, 0.004753
2023-07-18T18:54:21.017, ubuntu22-d, 0.006752
2023-07-18T18:54:21.223, ubuntu22-d, 0.005048
2023-07-18T18:54:21.429, ubuntu22-c, 0.005318
2023-07-18T18:54:21.634, ubuntu22-c, 0.004821
2023-07-18T18:54:21.839, ubuntu22-d, 0.004750
2023-07-18T18:54:22.044, ubuntu22-c, 0.004724
2023-07-18T18:54:22.249, ubuntu22-d, 0.004820
2023-07-18T18:54:22.454, ubuntu22-c, 0.004448
2023-07-18T18:54:22.660, ubuntu22-c, 0.004822
2023-07-18T18:54:22.866, ubuntu22-c, 0.005008
2023-07-18T18:54:23.072, ubuntu22-c, 0.005372
2023-07-18T18:54:23.277, , 
2023-07-18T18:54:23.482, ubuntu22-c, 0.005371
2023-07-18T18:54:23.689, ubuntu22-c, 0.005833
2023-07-18T18:54:23.894, ubuntu22-c, 0.005231
2023-07-18T18:54:24.100, ubuntu22-c, 0.005295
2023-07-18T18:54:24.306, ubuntu22-c, 0.005318
2023-07-18T18:54:24.512, ubuntu22-c, 0.005751
2023-07-18T18:54:24.717, ubuntu22-c, 0.005333
2023-07-18T18:54:24.924, ubuntu22-c, 0.006263
2023-07-18T18:54:25.130, ubuntu22-c, 0.005580
2023-07-18T18:54:25.336, ubuntu22-c, 0.005204
2023-07-18T18:54:25.541, ubuntu22-c, 0.005210
2023-07-18T18:54:25.747, ubuntu22-c, 0.005106
2023-07-18T18:54:25.953, ubuntu22-c, 0.005341
2023-07-18T18:54:26.158, ubuntu22-c, 0.005255
2023-07-18T18:54:26.364, ubuntu22-c, 0.005216
2023-07-18T18:54:26.570, ubuntu22-c, 0.005603
2023-07-18T18:54:26.776, ubuntu22-c, 0.005518
2023-07-18T18:54:26.982, ubuntu22-c, 0.005316
2023-07-18T18:54:27.187, ubuntu22-c, 0.005190
2023-07-18T18:54:27.393, ubuntu22-c, 0.005170
2023-07-18T18:54:27.599, ubuntu22-c, 0.005231
2023-07-18T18:54:27.804, ubuntu22-c, 0.005508
2023-07-18T18:54:28.011, ubuntu22-c, 0.005687
2023-07-18T18:54:28.216, ubuntu22-c, 0.005233
2023-07-18T18:54:28.422, ubuntu22-c, 0.005354
2023-07-18T18:54:28.628, ubuntu22-c, 0.005201
2023-07-18T18:54:28.834, ubuntu22-c, 0.005552
2023-07-18T18:54:29.043, ubuntu22-c, 0.009354
2023-07-18T18:54:29.250, ubuntu22-c, 0.006032
2023-07-18T18:54:29.459, ubuntu22-c, 0.008301
2023-07-18T18:54:29.665, ubuntu22-c, 0.005340
2023-07-18T18:54:29.870, ubuntu22-c, 0.005288
2023-07-18T18:54:30.078, ubuntu22-c, 0.007113
2023-07-18T18:54:30.285, ubuntu22-c, 0.006600
2023-07-18T18:54:30.491, ubuntu22-c, 0.005332
2023-07-18T18:54:30.696, ubuntu22-c, 0.005148
2023-07-18T18:54:30.902, ubuntu22-d, 0.005739
2023-07-18T18:54:31.108, ubuntu22-c, 0.005220
2023-07-18T18:54:31.314, ubuntu22-c, 0.005568
2023-07-18T18:54:31.520, ubuntu22-d, 0.005683
2023-07-18T18:54:31.726, ubuntu22-d, 0.005697
2023-07-18T18:54:31.932, ubuntu22-d, 0.005414
2023-07-18T18:54:32.138, ubuntu22-d, 0.005496
2023-07-18T18:54:32.344, ubuntu22-d, 0.005666
2023-07-18T18:54:32.550, ubuntu22-d, 0.005873
2023-07-18T18:54:32.756, ubuntu22-d, 0.005798
2023-07-18T18:54:32.962, ubuntu22-d, 0.005358
2023-07-18T18:54:33.168, ubuntu22-d, 0.005937
2023-07-18T18:54:33.374, ubuntu22-d, 0.005257
2023-07-18T18:54:33.585, ubuntu22-d, 0.010181
2023-07-18T18:54:33.791, ubuntu22-d, 0.005135
2023-07-18T18:54:33.996, ubuntu22-d, 0.005340
2023-07-18T18:54:34.203, ubuntu22-d, 0.006140
2023-07-18T18:54:34.408, ubuntu22-d, 0.005127
2023-07-18T18:54:34.614, ubuntu22-d, 0.005301
2023-07-18T18:54:34.821, ubuntu22-d, 0.006848
2023-07-18T18:54:35.027, ubuntu22-d, 0.005438
2023-07-18T18:54:35.233, ubuntu22-d, 0.005220
2023-07-18T18:54:35.438, ubuntu22-d, 0.005056
2023-07-18T18:54:35.644, ubuntu22-d, 0.005089
2023-07-18T18:54:35.849, ubuntu22-d, 0.005179
2023-07-18T18:54:36.055, ubuntu22-d, 0.005074
2023-07-18T18:54:36.261, ubuntu22-d, 0.005226
2023-07-18T18:54:36.466, ubuntu22-d, 0.005207
2023-07-18T18:54:36.672, ubuntu22-d, 0.005187
2023-07-18T18:54:36.877, ubuntu22-d, 0.005262
2023-07-18T18:54:37.086, ubuntu22-d, 0.005555
2023-07-18T18:54:37.292, ubuntu22-d, 0.005579
2023-07-18T18:54:37.499, ubuntu22-d, 0.006039
2023-07-18T18:54:37.704, ubuntu22-d, 0.005193
2023-07-18T18:54:37.910, ubuntu22-d, 0.005313
2023-07-18T18:54:38.116, ubuntu22-d, 0.005172
2023-07-18T18:54:38.322, ubuntu22-d, 0.005777
2023-07-18T18:54:38.528, ubuntu22-d, 0.005440
2023-07-18T18:54:38.733, ubuntu22-d, 0.005469
2023-07-18T18:54:38.941, ubuntu22-d, 0.006943
2023-07-18T18:54:39.146, ubuntu22-d, 0.005137
2023-07-18T18:54:39.352, ubuntu22-d, 0.005245
2023-07-18T18:54:39.558, ubuntu22-c, 0.005864
2023-07-18T18:54:39.764, ubuntu22-d, 0.004936
2023-07-18T18:54:39.970, ubuntu22-d, 0.005332
2023-07-18T18:54:40.175, ubuntu22-c, 0.005153
2023-07-18T18:54:40.381, ubuntu22-c, 0.005152
2023-07-18T18:54:40.586, , 
2023-07-18T18:54:40.791, ubuntu22-c, 0.005156
2023-07-18T18:54:40.997, ubuntu22-c, 0.005282
2023-07-18T18:54:41.202, ubuntu22-c, 0.005231
2023-07-18T18:54:41.408, ubuntu22-c, 0.004830
2023-07-18T18:54:41.613, ubuntu22-c, 0.005333
2023-07-18T18:54:41.819, ubuntu22-c, 0.005254
2023-07-18T18:54:42.025, ubuntu22-c, 0.005405
2023-07-18T18:54:42.231, ubuntu22-c, 0.005961
2023-07-18T18:54:42.440, ubuntu22-c, 0.007934
2023-07-18T18:54:42.645, ubuntu22-c, 0.004811
2023-07-18T18:54:42.851, ubuntu22-c, 0.005495
2023-07-18T18:54:43.056, ubuntu22-c, 0.005063
2023-07-18T18:54:43.262, ubuntu22-c, 0.005006
2023-07-18T18:54:43.467, ubuntu22-c, 0.005150
2023-07-18T18:54:43.673, ubuntu22-c, 0.005250
2023-07-18T18:54:43.878, ubuntu22-c, 0.004877
2023-07-18T18:54:44.084, ubuntu22-c, 0.004829
2023-07-18T18:54:44.289, ubuntu22-c, 0.004809
2023-07-18T18:54:44.494, ubuntu22-c, 0.004806
2023-07-18T18:54:44.700, ubuntu22-c, 0.005471
2023-07-18T18:54:44.906, ubuntu22-c, 0.005500
2023-07-18T18:54:45.112, ubuntu22-c, 0.005398
2023-07-18T18:54:45.318, ubuntu22-c, 0.005148
2023-07-18T18:54:45.523, ubuntu22-c, 0.004946
2023-07-18T18:54:45.728, ubuntu22-c, 0.004942
2023-07-18T18:54:45.934, ubuntu22-c, 0.005308
2023-07-18T18:54:46.139, ubuntu22-c, 0.004802
2023-07-18T18:54:46.345, ubuntu22-c, 0.005113
2023-07-18T18:54:46.550, ubuntu22-c, 0.004821
2023-07-18T18:54:46.755, ubuntu22-c, 0.004936
2023-07-18T18:54:46.962, ubuntu22-c, 0.005990
2023-07-18T18:54:47.167, ubuntu22-c, 0.004792
2023-07-18T18:54:47.375, ubuntu22-c, 0.005981
2023-07-18T18:54:47.580, ubuntu22-c, 0.004725
2023-07-18T18:54:47.785, ubuntu22-c, 0.004671
2023-07-18T18:54:47.991, ubuntu22-c, 0.004836
2023-07-18T18:54:48.196, ubuntu22-c, 0.004706
2023-07-18T18:54:48.401, ubuntu22-c, 0.004837
2023-07-18T18:54:48.606, ubuntu22-c, 0.004964
2023-07-18T18:54:48.812, ubuntu22-c, 0.004914
2023-07-18T18:54:49.017, ubuntu22-c, 0.005127
2023-07-18T18:54:49.223, ubuntu22-c, 0.004914
2023-07-18T18:54:49.432, ubuntu22-c, 0.008608
2023-07-18T18:54:49.638, ubuntu22-c, 0.005534
2023-07-18T18:54:49.843, ubuntu22-b, 0.005244
2023-07-18T18:54:50.049, ubuntu22-c, 0.004943
2023-07-18T18:54:50.255, ubuntu22-b, 0.005523
2023-07-18T18:54:50.461, ubuntu22-b, 0.005595
2023-07-18T18:54:50.666, ubuntu22-c, 0.004889
2023-07-18T18:54:50.872, ubuntu22-b, 0.005368
2023-07-18T18:54:51.078, ubuntu22-c, 0.005824
2023-07-18T18:54:51.283, ubuntu22-b, 0.005190
2023-07-18T18:54:51.503, ubuntu22-b, 0.019326
2023-07-18T18:54:51.708, ubuntu22-b, 0.004621
2023-07-18T18:54:51.913, ubuntu22-b, 0.004862
2023-07-18T18:54:52.118, ubuntu22-b, 0.004696
2023-07-18T18:54:52.328, ubuntu22-b, 0.009330
2023-07-18T18:54:52.547, ubuntu22-b, 0.018424
2023-07-18T18:54:52.753, ubuntu22-b, 0.005538
2023-07-18T18:54:52.958, ubuntu22-b, 0.004511
2023-07-18T18:54:53.164, ubuntu22-b, 0.005735
2023-07-18T18:54:53.369, ubuntu22-b, 0.004526
2023-07-18T18:54:53.581, ubuntu22-b, 0.010775
2023-07-18T18:54:53.787, ubuntu22-b, 0.005801
2023-07-18T18:54:53.992, ubuntu22-b, 0.004696
2023-07-18T18:54:54.204, ubuntu22-b, 0.011249
2023-07-18T18:54:54.409, ubuntu22-b, 0.004755
2023-07-18T18:54:54.614, ubuntu22-b, 0.004888
2023-07-18T18:54:54.820, ubuntu22-b, 0.005724
2023-07-18T18:54:55.025, ubuntu22-b, 0.004881
2023-07-18T18:54:55.231, ubuntu22-b, 0.004858
2023-07-18T18:54:55.436, ubuntu22-b, 0.004755
2023-07-18T18:54:55.654, ubuntu22-b, 0.017828
2023-07-18T18:54:55.860, ubuntu22-b, 0.005083
2023-07-18T18:54:56.065, ubuntu22-b, 0.004612
2023-07-18T18:54:56.270, ubuntu22-b, 0.004551
2023-07-18T18:54:56.485, ubuntu22-b, 0.015307
2023-07-18T18:54:56.702, ubuntu22-b, 0.016446
2023-07-18T18:54:56.907, ubuntu22-b, 0.004782
2023-07-18T18:54:57.113, ubuntu22-b, 0.004969
2023-07-18T18:54:57.318, ubuntu22-b, 0.004669
2023-07-18T18:54:57.523, ubuntu22-b, 0.004853
2023-07-18T18:54:57.735, ubuntu22-b, 0.010919
2023-07-18T18:54:57.940, ubuntu22-b, 0.004889
2023-07-18T18:54:58.146, ubuntu22-c, 0.005775
2023-07-18T18:54:58.351, ubuntu22-c, 0.004732
2023-07-18T18:54:58.557, ubuntu22-b, 0.004822
2023-07-18T18:54:58.761, ubuntu22-b, 0.004801
2023-07-18T18:54:58.971, ubuntu22-c, 0.008899
2023-07-18T18:54:59.177, ubuntu22-c, 0.005523
2023-07-18T18:54:59.382, ubuntu22-c, 0.004970
2023-07-18T18:54:59.588, ubuntu22-c, 0.005155
2023-07-18T18:54:59.793, ubuntu22-c, 0.005264
2023-07-18T18:54:59.999, ubuntu22-c, 0.005543
2023-07-18T18:55:00.204, ubuntu22-c, 0.004919
2023-07-18T18:55:00.410, ubuntu22-c, 0.005028
2023-07-18T18:55:00.615, ubuntu22-c, 0.004927
2023-07-18T18:55:00.820, ubuntu22-c, 0.004803
2023-07-18T18:55:01.026, ubuntu22-c, 0.004929
2023-07-18T18:55:01.231, ubuntu22-c, 0.004750
2023-07-18T18:55:01.436, ubuntu22-c, 0.004777
2023-07-18T18:55:01.641, ubuntu22-c, 0.004977
2023-07-18T18:55:01.846, ubuntu22-c, 0.004940
2023-07-18T18:55:02.052, ubuntu22-c, 0.004965
2023-07-18T18:55:02.257, ubuntu22-c, 0.004857
2023-07-18T18:55:02.462, ubuntu22-c, 0.004813
2023-07-18T18:55:02.667, ubuntu22-c, 0.004858
2023-07-18T18:55:02.876, ubuntu22-c, 0.008895
2023-07-18T18:55:03.082, ubuntu22-c, 0.005054
2023-07-18T18:55:03.287, ubuntu22-c, 0.004995
2023-07-18T18:55:03.492, ubuntu22-c, 0.005000
2023-07-18T18:55:03.698, ubuntu22-c, 0.005092
2023-07-18T18:55:03.903, ubuntu22-c, 0.005201
2023-07-18T18:55:04.109, ubuntu22-c, 0.004999
2023-07-18T18:55:04.318, ubuntu22-c, 0.008554
2023-07-18T18:55:04.524, ubuntu22-c, 0.005152
2023-07-18T18:55:04.729, ubuntu22-c, 0.004895
2023-07-18T18:55:04.934, ubuntu22-c, 0.004987
2023-07-18T18:55:05.140, ubuntu22-c, 0.004983
2023-07-18T18:55:05.345, ubuntu22-c, 0.004903
2023-07-18T18:55:05.550, ubuntu22-c, 0.004958
2023-07-18T18:55:05.756, ubuntu22-c, 0.004649
2023-07-18T18:55:05.961, ubuntu22-c, 0.004872
2023-07-18T18:55:06.167, ubuntu22-c, 0.005601
2023-07-18T18:55:06.372, ubuntu22-c, 0.004832
2023-07-18T18:55:06.578, ubuntu22-c, 0.005325
2023-07-18T18:55:06.783, ubuntu22-c, 0.004911
2023-07-18T18:55:06.994, ubuntu22-c, 0.010715
2023-07-18T18:55:07.200, ubuntu22-b, 0.005463
2023-07-18T18:55:07.405, ubuntu22-b, 0.005143
2023-07-18T18:55:07.616, ubuntu22-b, 0.010530
2023-07-18T18:55:07.822, ubuntu22-c, 0.005229
2023-07-18T18:55:08.029, ubuntu22-b, 0.006509
2023-07-18T18:55:08.234, ubuntu22-b, 0.005260
2023-07-18T18:55:08.440, ubuntu22-b, 0.005477
2023-07-18T18:55:08.646, ubuntu22-b, 0.004956
2023-07-18T18:55:08.853, ubuntu22-b, 0.007088
2023-07-18T18:55:09.067, ubuntu22-b, 0.013880
2023-07-18T18:55:09.279, ubuntu22-b, 0.011713
2023-07-18T18:55:09.485, ubuntu22-b, 0.005461
2023-07-18T18:55:09.691, ubuntu22-b, 0.005609
2023-07-18T18:55:09.897, ubuntu22-b, 0.004737
2023-07-18T18:55:10.102, ubuntu22-b, 0.005092
2023-07-18T18:55:10.307, ubuntu22-b, 0.004695
2023-07-18T18:55:10.513, ubuntu22-b, 0.005696
2023-07-18T18:55:10.718, ubuntu22-b, 0.004922
2023-07-18T18:55:10.928, ubuntu22-b, 0.009002
2023-07-18T18:55:11.133, ubuntu22-b, 0.005080
2023-07-18T18:55:11.339, ubuntu22-b, 0.005347
2023-07-18T18:55:11.556, ubuntu22-b, 0.012830
2023-07-18T18:55:11.761, ubuntu22-b, 0.004695
2023-07-18T18:55:11.966, ubuntu22-b, 0.004849
2023-07-18T18:55:12.171, ubuntu22-b, 0.004477
2023-07-18T18:55:12.376, ubuntu22-b, 0.004940
2023-07-18T18:55:12.581, ubuntu22-b, 0.004691
2023-07-18T18:55:12.787, ubuntu22-b, 0.005873
2023-07-18T18:55:12.993, ubuntu22-b, 0.005050
2023-07-18T18:55:13.199, ubuntu22-b, 0.005385
2023-07-18T18:55:13.404, ubuntu22-b, 0.004634
2023-07-18T18:55:13.609, ubuntu22-d, 0.005373
2023-07-18T18:55:13.814, ubuntu22-d, 0.004596
2023-07-18T18:55:14.020, ubuntu22-b, 0.005215
2023-07-18T18:55:14.225, ubuntu22-d, 0.004878
2023-07-18T18:55:14.431, ubuntu22-b, 0.005232
2023-07-18T18:55:14.636, ubuntu22-d, 0.005077
2023-07-18T18:55:14.841, ubuntu22-d, 0.004896
2023-07-18T18:55:15.068, , 
2023-07-18T18:55:15.273, ubuntu22-d, 0.005253
2023-07-18T18:55:15.479, ubuntu22-d, 0.005485
2023-07-18T18:55:15.685, ubuntu22-d, 0.005186
2023-07-18T18:55:15.890, ubuntu22-d, 0.005034
2023-07-18T18:55:16.099, ubuntu22-d, 0.008660
2023-07-18T18:55:16.304, ubuntu22-d, 0.004610
2023-07-18T18:55:16.510, ubuntu22-d, 0.005478
2023-07-18T18:55:16.718, ubuntu22-d, 0.007648
2023-07-18T18:55:16.924, ubuntu22-d, 0.005635
2023-07-18T18:55:17.129, ubuntu22-d, 0.004812
2023-07-18T18:55:17.339, ubuntu22-d, 0.008011
2023-07-18T18:55:17.544, ubuntu22-d, 0.004743
2023-07-18T18:55:17.750, ubuntu22-d, 0.004914
2023-07-18T18:55:17.955, ubuntu22-d, 0.004852
2023-07-18T18:55:18.160, ubuntu22-d, 0.005182
2023-07-18T18:55:18.366, ubuntu22-d, 0.005253
2023-07-18T18:55:18.571, ubuntu22-d, 0.004972
2023-07-18T18:55:18.777, ubuntu22-d, 0.005151
2023-07-18T18:55:18.982, ubuntu22-d, 0.004739
2023-07-18T18:55:19.188, ubuntu22-d, 0.004947
2023-07-18T18:55:19.394, ubuntu22-d, 0.005383
2023-07-18T18:55:19.599, ubuntu22-d, 0.004984
2023-07-18T18:55:19.804, ubuntu22-d, 0.004965
2023-07-18T18:55:20.010, ubuntu22-d, 0.005101
2023-07-18T18:55:20.215, ubuntu22-d, 0.005078
2023-07-18T18:55:20.421, ubuntu22-d, 0.005597
2023-07-18T18:55:20.627, ubuntu22-d, 0.005317
2023-07-18T18:55:20.833, ubuntu22-d, 0.005779
2023-07-18T18:55:21.039, ubuntu22-d, 0.005686
2023-07-18T18:55:21.244, ubuntu22-d, 0.005022
2023-07-18T18:55:21.450, ubuntu22-d, 0.004928
2023-07-18T18:55:21.658, ubuntu22-d, 0.007839
2023-07-18T18:55:21.864, ubuntu22-d, 0.005129
2023-07-18T18:55:22.069, ubuntu22-d, 0.005063
2023-07-18T18:55:22.274, ubuntu22-d, 0.005078
2023-07-18T18:55:22.479, ubuntu22-d, 0.004821
2023-07-18T18:55:22.685, ubuntu22-d, 0.005669
2023-07-18T18:55:22.906, ubuntu22-d, 0.020379
2023-07-18T18:55:23.112, ubuntu22-d, 0.005341
2023-07-18T18:55:23.317, ubuntu22-d, 0.005018
2023-07-18T18:55:23.523, ubuntu22-d, 0.004925
2023-07-18T18:55:23.728, ubuntu22-d, 0.004997
2023-07-18T18:55:23.933, ubuntu22-d, 0.004793
2023-07-18T18:55:24.139, ubuntu22-d, 0.005267
2023-07-18T18:55:24.344, ubuntu22-d, 0.005124
2023-07-18T18:55:24.550, ubuntu22-d, 0.004774
2023-07-18T18:55:24.755, ubuntu22-d, 0.005189
2023-07-18T18:55:24.961, ubuntu22-d, 0.005212
2023-07-18T18:55:25.167, ubuntu22-d, 0.006266
2023-07-18T18:55:25.373, ubuntu22-d, 0.005015
2023-07-18T18:55:25.578, ubuntu22-d, 0.004834
2023-07-18T18:55:25.783, ubuntu22-d, 0.004742
2023-07-18T18:55:25.989, ubuntu22-d, 0.005427
2023-07-18T18:55:26.197, ubuntu22-d, 0.007550
2023-07-18T18:55:26.403, ubuntu22-b, 0.005361
2023-07-18T18:55:26.611, ubuntu22-b, 0.007229
2023-07-18T18:55:26.816, ubuntu22-d, 0.005044
2023-07-18T18:55:27.024, ubuntu22-b, 0.007620
2023-07-18T18:55:27.229, ubuntu22-b, 0.004803
2023-07-18T18:55:27.434, ubuntu22-b, 0.004471
2023-07-18T18:55:27.639, ubuntu22-d, 0.004890
2023-07-18T18:55:27.846, ubuntu22-b, 0.005864
2023-07-18T18:55:28.051, ubuntu22-b, 0.005128
2023-07-18T18:55:28.272, ubuntu22-b, 0.020234
2023-07-18T18:55:28.483, ubuntu22-b, 0.011188
2023-07-18T18:55:28.724, ubuntu22-b, 0.039979
2023-07-18T18:55:28.931, ubuntu22-b, 0.007133
2023-07-18T18:55:29.137, ubuntu22-b, 0.005092
2023-07-18T18:55:29.343, ubuntu22-b, 0.006134
2023-07-18T18:55:29.554, ubuntu22-b, 0.010133
2023-07-18T18:55:29.760, ubuntu22-b, 0.005295
2023-07-18T18:55:29.965, ubuntu22-b, 0.004718
2023-07-18T18:55:30.170, ubuntu22-b, 0.004727
2023-07-18T18:55:30.390, ubuntu22-b, 0.012282
2023-07-18T18:55:30.595, ubuntu22-b, 0.005019
2023-07-18T18:55:30.800, ubuntu22-b, 0.004834
2023-07-18T18:55:31.006, ubuntu22-b, 0.005355
2023-07-18T18:55:31.211, ubuntu22-b, 0.004816
2023-07-18T18:55:31.417, ubuntu22-b, 0.005048
2023-07-18T18:55:31.622, ubuntu22-b, 0.004911
2023-07-18T18:55:31.828, ubuntu22-b, 0.005312
2023-07-18T18:55:32.033, ubuntu22-b, 0.004915
2023-07-18T18:55:32.240, ubuntu22-b, 0.006395
2023-07-18T18:55:32.445, ubuntu22-b, 0.004810
2023-07-18T18:55:32.655, ubuntu22-b, 0.008597
2023-07-18T18:55:32.860, ubuntu22-b, 0.004656
2023-07-18T18:55:33.065, ubuntu22-b, 0.004788
2023-07-18T18:55:33.270, ubuntu22-b, 0.004508
2023-07-18T18:55:33.475, ubuntu22-b, 0.004634
2023-07-18T18:55:33.680, ubuntu22-b, 0.004647
2023-07-18T18:55:33.886, ubuntu22-c, 0.005396
2023-07-18T18:55:34.091, ubuntu22-c, 0.004760
2023-07-18T18:55:34.296, ubuntu22-b, 0.004684
2023-07-18T18:55:34.501, ubuntu22-c, 0.004889
2023-07-18T18:55:34.710, ubuntu22-c, 0.007800
2023-07-18T18:55:34.915, ubuntu22-c, 0.004791
2023-07-18T18:55:35.120, ubuntu22-b, 0.004924
2023-07-18T18:55:35.325, ubuntu22-b, 0.004714
2023-07-18T18:55:35.530, ubuntu22-c, 0.004668
2023-07-18T18:55:35.735, , 
2023-07-18T18:55:35.940, ubuntu22-c, 0.004872
2023-07-18T18:55:36.150, ubuntu22-c, 0.009122
2023-07-18T18:55:36.359, ubuntu22-c, 0.008614
2023-07-18T18:55:36.564, ubuntu22-c, 0.004688
2023-07-18T18:55:36.770, ubuntu22-c, 0.005330
2023-07-18T18:55:36.979, ubuntu22-c, 0.007024
2023-07-18T18:55:37.184, ubuntu22-c, 0.004574
2023-07-18T18:55:37.389, ubuntu22-c, 0.004956
2023-07-18T18:55:37.594, ubuntu22-c, 0.004641
2023-07-18T18:55:37.800, ubuntu22-c, 0.004846
2023-07-18T18:55:38.005, ubuntu22-c, 0.005021
2023-07-18T18:55:38.210, ubuntu22-c, 0.004791
2023-07-18T18:55:38.415, ubuntu22-c, 0.004850
2023-07-18T18:55:38.621, ubuntu22-c, 0.004870
2023-07-18T18:55:38.826, ubuntu22-c, 0.005096
2023-07-18T18:55:39.032, ubuntu22-c, 0.005709
2023-07-18T18:55:39.239, ubuntu22-c, 0.006110
2023-07-18T18:55:39.444, ubuntu22-c, 0.004947
2023-07-18T18:55:39.649, ubuntu22-c, 0.004856
2023-07-18T18:55:39.855, ubuntu22-c, 0.004790
2023-07-18T18:55:40.063, ubuntu22-c, 0.007999
2023-07-18T18:55:40.268, ubuntu22-c, 0.005037
2023-07-18T18:55:40.474, ubuntu22-c, 0.005144
2023-07-18T18:55:40.679, ubuntu22-c, 0.005133
2023-07-18T18:55:40.884, ubuntu22-c, 0.004778
2023-07-18T18:55:41.090, ubuntu22-c, 0.004870
2023-07-18T18:55:41.295, ubuntu22-c, 0.004983
2023-07-18T18:55:41.501, ubuntu22-c, 0.005179
2023-07-18T18:55:41.706, ubuntu22-c, 0.005075
2023-07-18T18:55:41.912, ubuntu22-c, 0.005233
2023-07-18T18:55:42.118, ubuntu22-c, 0.005492
2023-07-18T18:55:42.323, ubuntu22-c, 0.004963
2023-07-18T18:55:42.528, ubuntu22-c, 0.004977
2023-07-18T18:55:42.734, ubuntu22-c, 0.005331
2023-07-18T18:55:42.939, ubuntu22-c, 0.004897
2023-07-18T18:55:43.146, ubuntu22-c, 0.005825
2023-07-18T18:55:43.351, ubuntu22-c, 0.005005
2023-07-18T18:55:43.557, ubuntu22-c, 0.005879
2023-07-18T18:55:43.763, ubuntu22-c, 0.004892
2023-07-18T18:55:43.968, ubuntu22-c, 0.004750
2023-07-18T18:55:44.173, ubuntu22-c, 0.004867
2023-07-18T18:55:44.378, ubuntu22-c, 0.004808
2023-07-18T18:55:44.583, ubuntu22-c, 0.004773
2023-07-18T18:55:44.789, ubuntu22-b, 0.005370
2023-07-18T18:55:44.994, ubuntu22-c, 0.004867
2023-07-18T18:55:45.201, ubuntu22-c, 0.005943
2023-07-18T18:55:45.408, ubuntu22-b, 0.006754
2023-07-18T18:55:45.614, ubuntu22-b, 0.005488
2023-07-18T18:55:45.823, ubuntu22-b, 0.009141
2023-07-18T18:55:46.029, ubuntu22-b, 0.005528
2023-07-18T18:55:46.237, ubuntu22-b, 0.007518
2023-07-18T18:55:46.464, ubuntu22-b, 0.026747
2023-07-18T18:55:46.671, ubuntu22-b, 0.006830
2023-07-18T18:55:46.879, ubuntu22-b, 0.007648
2023-07-18T18:55:47.100, ubuntu22-b, 0.019919
2023-07-18T18:55:47.309, ubuntu22-b, 0.009235
2023-07-18T18:55:47.515, ubuntu22-b, 0.005319
2023-07-18T18:55:47.721, ubuntu22-b, 0.006130
2023-07-18T18:55:47.931, ubuntu22-b, 0.008853
2023-07-18T18:55:48.137, ubuntu22-b, 0.005532
2023-07-18T18:55:48.342, ubuntu22-b, 0.005131
2023-07-18T18:55:48.548, ubuntu22-b, 0.005226
2023-07-18T18:55:48.753, ubuntu22-b, 0.005082
2023-07-18T18:55:48.958, ubuntu22-b, 0.004697
2023-07-18T18:55:49.164, ubuntu22-b, 0.005279
2023-07-18T18:55:49.369, ubuntu22-b, 0.004898
2023-07-18T18:55:49.575, ubuntu22-b, 0.005706
2023-07-18T18:55:49.781, ubuntu22-b, 0.004914
2023-07-18T18:55:49.986, ubuntu22-b, 0.005236
2023-07-18T18:55:50.191, ubuntu22-b, 0.004928
2023-07-18T18:55:50.398, ubuntu22-b, 0.005911
2023-07-18T18:55:50.603, ubuntu22-b, 0.005067
2023-07-18T18:55:50.809, ubuntu22-b, 0.005739
2023-07-18T18:55:51.015, ubuntu22-b, 0.004882
2023-07-18T18:55:51.220, ubuntu22-b, 0.004956
2023-07-18T18:55:51.426, ubuntu22-b, 0.005773
2023-07-18T18:55:51.631, ubuntu22-b, 0.004815
2023-07-18T18:55:51.836, ubuntu22-b, 0.004689
2023-07-18T18:55:52.042, ubuntu22-c, 0.005388
2023-07-18T18:55:52.247, ubuntu22-c, 0.004635
2023-07-18T18:55:52.452, ubuntu22-c, 0.004592
2023-07-18T18:55:52.657, ubuntu22-b, 0.004795
2023-07-18T18:55:52.862, ubuntu22-c, 0.004700
2023-07-18T18:55:53.068, ubuntu22-c, 0.005018
2023-07-18T18:55:53.273, ubuntu22-c, 0.005202
2023-07-18T18:55:53.478, ubuntu22-c, 0.004646
2023-07-18T18:55:53.684, ubuntu22-b, 0.004850
2023-07-18T18:55:53.889, ubuntu22-c, 0.004667
2023-07-18T18:55:54.094, ubuntu22-c, 0.004943
2023-07-18T18:55:54.299, ubuntu22-c, 0.004708
2023-07-18T18:55:54.505, ubuntu22-c, 0.005391
2023-07-18T18:55:54.710, ubuntu22-c, 0.004680
2023-07-18T18:55:54.915, ubuntu22-c, 0.004698
2023-07-18T18:55:55.124, ubuntu22-c, 0.008113
2023-07-18T18:55:55.329, ubuntu22-c, 0.004850
2023-07-18T18:55:55.534, ubuntu22-c, 0.004816
2023-07-18T18:55:55.743, ubuntu22-c, 0.008759
2023-07-18T18:55:55.949, ubuntu22-c, 0.005087
2023-07-18T18:55:56.154, ubuntu22-c, 0.005249
2023-07-18T18:55:56.360, ubuntu22-c, 0.004996
2023-07-18T18:55:56.572, ubuntu22-c, 0.010374
2023-07-18T18:55:56.777, ubuntu22-c, 0.004735
2023-07-18T18:55:56.982, ubuntu22-c, 0.004860
2023-07-18T18:55:57.187, ubuntu22-c, 0.004775
2023-07-18T18:55:57.392, ubuntu22-c, 0.004785
2023-07-18T18:55:57.598, ubuntu22-c, 0.005389
2023-07-18T18:55:57.803, ubuntu22-c, 0.005095
2023-07-18T18:55:58.009, ubuntu22-c, 0.005212
2023-07-18T18:55:58.214, ubuntu22-c, 0.004831
2023-07-18T18:55:58.419, ubuntu22-c, 0.005125
2023-07-18T18:55:58.626, ubuntu22-c, 0.006004
2023-07-18T18:55:58.834, ubuntu22-c, 0.007901
2023-07-18T18:55:59.040, ubuntu22-c, 0.005156
2023-07-18T18:55:59.245, ubuntu22-c, 0.005126
2023-07-18T18:55:59.450, ubuntu22-c, 0.004670
2023-07-18T18:55:59.656, ubuntu22-c, 0.004661
2023-07-18T18:55:59.860, ubuntu22-c, 0.004543
2023-07-18T18:56:00.066, ubuntu22-c, 0.004754
2023-07-18T18:56:00.271, ubuntu22-c, 0.004552
2023-07-18T18:56:00.475, ubuntu22-c, 0.004760
2023-07-18T18:56:00.680, ubuntu22-c, 0.004612
2023-07-18T18:56:00.886, ubuntu22-c, 0.004882
2023-07-18T18:56:01.091, ubuntu22-d, 0.005316
2023-07-18T18:56:01.297, ubuntu22-c, 0.004710
2023-07-18T18:56:01.502, ubuntu22-c, 0.004873
2023-07-18T18:56:01.707, ubuntu22-d, 0.004923
2023-07-18T18:56:01.913, ubuntu22-d, 0.005183
2023-07-18T18:56:02.119, ubuntu22-d, 0.005750
2023-07-18T18:56:02.323, , 
2023-07-18T18:56:02.529, ubuntu22-d, 0.006000
2023-07-18T18:56:02.735, ubuntu22-d, 0.005066
2023-07-18T18:56:02.940, ubuntu22-d, 0.005078
2023-07-18T18:56:03.148, ubuntu22-d, 0.007792
2023-07-18T18:56:03.354, ubuntu22-d, 0.005386
2023-07-18T18:56:03.559, ubuntu22-d, 0.004805
2023-07-18T18:56:03.765, ubuntu22-d, 0.004894
2023-07-18T18:56:03.970, ubuntu22-d, 0.005047
2023-07-18T18:56:04.176, ubuntu22-d, 0.004958
2023-07-18T18:56:04.381, ubuntu22-d, 0.004871
2023-07-18T18:56:04.586, ubuntu22-d, 0.005116
2023-07-18T18:56:04.792, ubuntu22-d, 0.004827
2023-07-18T18:56:04.997, ubuntu22-d, 0.005017
2023-07-18T18:56:05.202, ubuntu22-d, 0.004892
2023-07-18T18:56:05.408, ubuntu22-d, 0.005008
2023-07-18T18:56:05.613, ubuntu22-d, 0.004949
2023-07-18T18:56:05.818, ubuntu22-d, 0.004888
2023-07-18T18:56:06.025, ubuntu22-d, 0.005828
2023-07-18T18:56:06.231, ubuntu22-d, 0.006138
2023-07-18T18:56:06.437, ubuntu22-d, 0.005108
2023-07-18T18:56:06.642, ubuntu22-d, 0.004852
2023-07-18T18:56:06.847, ubuntu22-d, 0.005138
2023-07-18T18:56:07.053, ubuntu22-d, 0.005353
2023-07-18T18:56:07.258, ubuntu22-d, 0.004922
2023-07-18T18:56:07.464, ubuntu22-d, 0.004906
2023-07-18T18:56:07.670, ubuntu22-d, 0.006033
2023-07-18T18:56:07.875, ubuntu22-d, 0.004946
2023-07-18T18:56:08.081, ubuntu22-d, 0.004835
2023-07-18T18:56:08.286, ubuntu22-d, 0.005168
2023-07-18T18:56:08.492, ubuntu22-d, 0.005184
2023-07-18T18:56:08.703, ubuntu22-d, 0.010642
2023-07-18T18:56:08.909, ubuntu22-d, 0.005394
2023-07-18T18:56:09.114, ubuntu22-d, 0.005358
2023-07-18T18:56:09.320, ubuntu22-d, 0.005327
2023-07-18T18:56:09.525, ubuntu22-d, 0.005024
2023-07-18T18:56:09.731, ubuntu22-d, 0.005020
2023-07-18T18:56:09.937, ubuntu22-d, 0.005399
2023-07-18T18:56:10.142, ubuntu22-d, 0.005256
2023-07-18T18:56:10.348, ubuntu22-b, 0.005416
2023-07-18T18:56:10.553, ubuntu22-b, 0.004837
2023-07-18T18:56:10.758, ubuntu22-b, 0.004611
2023-07-18T18:56:10.964, ubuntu22-d, 0.005516
2023-07-18T18:56:11.170, ubuntu22-d, 0.005409
2023-07-18T18:56:11.375, ubuntu22-d, 0.004985
2023-07-18T18:56:11.582, ubuntu22-b, 0.006836
2023-07-18T18:56:11.787, ubuntu22-b, 0.004666
2023-07-18T18:56:11.993, ubuntu22-d, 0.005225
2023-07-18T18:56:12.207, ubuntu22-d, 0.013887
2023-07-18T18:56:12.413, ubuntu22-b, 0.005143
2023-07-18T18:56:12.620, ubuntu22-b, 0.006481
2023-07-18T18:56:12.826, ubuntu22-b, 0.006129
2023-07-18T18:56:13.036, ubuntu22-b, 0.009019
2023-07-18T18:56:13.241, ubuntu22-b, 0.004804
2023-07-18T18:56:13.446, ubuntu22-b, 0.005031
2023-07-18T18:56:13.652, ubuntu22-b, 0.004928
2023-07-18T18:56:13.857, ubuntu22-b, 0.004936
2023-07-18T18:56:14.064, ubuntu22-b, 0.007298
2023-07-18T18:56:14.270, ubuntu22-b, 0.004702
2023-07-18T18:56:14.477, ubuntu22-b, 0.006859
2023-07-18T18:56:14.682, ubuntu22-b, 0.004941
2023-07-18T18:56:14.887, ubuntu22-b, 0.004814
2023-07-18T18:56:15.093, ubuntu22-b, 0.005371
2023-07-18T18:56:15.298, ubuntu22-b, 0.004678
2023-07-18T18:56:15.504, ubuntu22-b, 0.005142
2023-07-18T18:56:15.709, ubuntu22-b, 0.004822
2023-07-18T18:56:15.914, ubuntu22-b, 0.004861
2023-07-18T18:56:16.119, ubuntu22-b, 0.004806
2023-07-18T18:56:16.325, ubuntu22-b, 0.005757
2023-07-18T18:56:16.532, ubuntu22-b, 0.005393
2023-07-18T18:56:16.738, ubuntu22-b, 0.005049
2023-07-18T18:56:16.943, ubuntu22-b, 0.005002
2023-07-18T18:56:17.148, ubuntu22-b, 0.004832
2023-07-18T18:56:17.353, ubuntu22-b, 0.004757
2023-07-18T18:56:17.558, ubuntu22-b, 0.004816
2023-07-18T18:56:17.773, ubuntu22-b, 0.014222
2023-07-18T18:56:17.978, ubuntu22-b, 0.004851
2023-07-18T18:56:18.184, ubuntu22-d, 0.005536
2023-07-18T18:56:18.393, ubuntu22-d, 0.008035
2023-07-18T18:56:18.598, ubuntu22-d, 0.004883
2023-07-18T18:56:18.804, ubuntu22-d, 0.005852
2023-07-18T18:56:19.010, ubuntu22-d, 0.005529
2023-07-18T18:56:19.215, ubuntu22-d, 0.004803
2023-07-18T18:56:19.420, ubuntu22-d, 0.004937
2023-07-18T18:56:19.629, ubuntu22-d, 0.008176
2023-07-18T18:56:19.834, ubuntu22-d, 0.004750
2023-07-18T18:56:20.039, ubuntu22-d, 0.004975
2023-07-18T18:56:20.245, ubuntu22-d, 0.005460
2023-07-18T18:56:20.456, ubuntu22-d, 0.009755
2023-07-18T18:56:20.661, ubuntu22-d, 0.004923
2023-07-18T18:56:20.866, ubuntu22-d, 0.004712
2023-07-18T18:56:21.071, ubuntu22-d, 0.004861
2023-07-18T18:56:21.276, ubuntu22-d, 0.004973
2023-07-18T18:56:21.482, ubuntu22-d, 0.004921
2023-07-18T18:56:21.687, ubuntu22-d, 0.004959
2023-07-18T18:56:21.892, ubuntu22-d, 0.005287
2023-07-18T18:56:22.098, ubuntu22-d, 0.004961
2023-07-18T18:56:22.319, ubuntu22-d, 0.020615
2023-07-18T18:56:22.524, ubuntu22-d, 0.005394
2023-07-18T18:56:22.730, ubuntu22-d, 0.005036
2023-07-18T18:56:22.935, ubuntu22-d, 0.004853
2023-07-18T18:56:23.140, ubuntu22-d, 0.004937
2023-07-18T18:56:23.345, ubuntu22-d, 0.004879
2023-07-18T18:56:23.551, ubuntu22-d, 0.004843
2023-07-18T18:56:23.757, ubuntu22-d, 0.005773
2023-07-18T18:56:23.962, ubuntu22-d, 0.005052
2023-07-18T18:56:24.167, ubuntu22-d, 0.005061
2023-07-18T18:56:24.373, ubuntu22-d, 0.005229
2023-07-18T18:56:24.578, ubuntu22-d, 0.004706
2023-07-18T18:56:24.786, ubuntu22-d, 0.007695
2023-07-18T18:56:24.992, ubuntu22-d, 0.005154
2023-07-18T18:56:25.197, ubuntu22-d, 0.004941
2023-07-18T18:56:25.403, ubuntu22-d, 0.005233
2023-07-18T18:56:25.608, ubuntu22-d, 0.005019
2023-07-18T18:56:25.814, ubuntu22-d, 0.005240
2023-07-18T18:56:26.019, ubuntu22-d, 0.005221
2023-07-18T18:56:26.226, ubuntu22-d, 0.006221
2023-07-18T18:56:26.431, ubuntu22-d, 0.004838
2023-07-18T18:56:26.639, ubuntu22-b, 0.008141
2023-07-18T18:56:26.845, ubuntu22-b, 0.004989
2023-07-18T18:56:27.050, ubuntu22-b, 0.005205
2023-07-18T18:56:27.256, ubuntu22-d, 0.005324
2023-07-18T18:56:27.462, ubuntu22-b, 0.004985
2023-07-18T18:56:27.667, ubuntu22-b, 0.004896
2023-07-18T18:56:27.875, ubuntu22-b, 0.007405
2023-07-18T18:56:28.080, ubuntu22-b, 0.004757
2023-07-18T18:56:28.285, ubuntu22-b, 0.004989
2023-07-18T18:56:28.490, ubuntu22-b, 0.004718
2023-07-18T18:56:28.696, ubuntu22-b, 0.005170
2023-07-18T18:56:28.901, ubuntu22-b, 0.005077
2023-07-18T18:56:29.107, ubuntu22-b, 0.005408
2023-07-18T18:56:29.312, ubuntu22-b, 0.004964
2023-07-18T18:56:29.518, ubuntu22-b, 0.004974
2023-07-18T18:56:29.723, ubuntu22-b, 0.004748
2023-07-18T18:56:29.928, ubuntu22-b, 0.004856
2023-07-18T18:56:30.134, ubuntu22-b, 0.005085
2023-07-18T18:56:30.339, ubuntu22-b, 0.005324
2023-07-18T18:56:30.545, ubuntu22-b, 0.004967
2023-07-18T18:56:30.750, ubuntu22-b, 0.005050
2023-07-18T18:56:30.956, ubuntu22-b, 0.005157
2023-07-18T18:56:31.161, ubuntu22-b, 0.004977
2023-07-18T18:56:31.366, ubuntu22-b, 0.005053
2023-07-18T18:56:31.574, ubuntu22-b, 0.005171
2023-07-18T18:56:31.779, ubuntu22-b, 0.005106
2023-07-18T18:56:31.985, ubuntu22-b, 0.004952
2023-07-18T18:56:32.191, ubuntu22-b, 0.005919
2023-07-18T18:56:32.397, ubuntu22-b, 0.005383
2023-07-18T18:56:32.602, ubuntu22-b, 0.005069
2023-07-18T18:56:32.807, ubuntu22-b, 0.004812
2023-07-18T18:56:33.013, ubuntu22-b, 0.005410
2023-07-18T18:56:33.220, ubuntu22-b, 0.005954
2023-07-18T18:56:33.425, ubuntu22-b, 0.004998
2023-07-18T18:56:33.630, ubuntu22-b, 0.004876
2023-07-18T18:56:33.836, ubuntu22-d, 0.005532
2023-07-18T18:56:34.042, ubuntu22-b, 0.005539
2023-07-18T18:56:34.247, ubuntu22-b, 0.004924
2023-07-18T18:56:34.452, ubuntu22-d, 0.004586
2023-07-18T18:56:34.657, ubuntu22-d, 0.004930
2023-07-18T18:56:34.863, ubuntu22-b, 0.005502
2023-07-18T18:56:35.088, , 
2023-07-18T18:56:35.294, ubuntu22-d, 0.005218
2023-07-18T18:56:35.499, ubuntu22-d, 0.004857
2023-07-18T18:56:35.705, ubuntu22-d, 0.005236
2023-07-18T18:56:35.910, ubuntu22-d, 0.004954
2023-07-18T18:56:36.115, ubuntu22-d, 0.004843
2023-07-18T18:56:36.321, ubuntu22-d, 0.004949
2023-07-18T18:56:36.526, ubuntu22-d, 0.004965
2023-07-18T18:56:36.731, ubuntu22-d, 0.005090
2023-07-18T18:56:36.937, ubuntu22-d, 0.005346
2023-07-18T18:56:37.143, ubuntu22-d, 0.005161
2023-07-18T18:56:37.348, ubuntu22-d, 0.005084
2023-07-18T18:56:37.554, ubuntu22-d, 0.005506
2023-07-18T18:56:37.760, ubuntu22-d, 0.005504
2023-07-18T18:56:37.967, ubuntu22-d, 0.007361
2023-07-18T18:56:38.173, ubuntu22-d, 0.005226
2023-07-18T18:56:38.378, ubuntu22-d, 0.005137
2023-07-18T18:56:38.584, ubuntu22-d, 0.005222
2023-07-18T18:56:38.790, ubuntu22-d, 0.005407
2023-07-18T18:56:38.996, ubuntu22-d, 0.005524
2023-07-18T18:56:39.202, ubuntu22-d, 0.005651
2023-07-18T18:56:39.407, ubuntu22-d, 0.004891
2023-07-18T18:56:39.612, ubuntu22-d, 0.004860
2023-07-18T18:56:39.818, ubuntu22-d, 0.005128
2023-07-18T18:56:40.023, ubuntu22-d, 0.005075
2023-07-18T18:56:40.233, ubuntu22-d, 0.009839
2023-07-18T18:56:40.439, ubuntu22-d, 0.004968
2023-07-18T18:56:40.644, ubuntu22-d, 0.005278
2023-07-18T18:56:40.849, ubuntu22-d, 0.004635
2023-07-18T18:56:41.055, ubuntu22-d, 0.005087
2023-07-18T18:56:41.260, ubuntu22-d, 0.005039
2023-07-18T18:56:41.467, ubuntu22-c, 0.006572
2023-07-18T18:56:41.673, ubuntu22-d, 0.005198
2023-07-18T18:56:41.878, ubuntu22-d, 0.004881
2023-07-18T18:56:42.083, ubuntu22-d, 0.004738
2023-07-18T18:56:42.288, ubuntu22-d, 0.004498
2023-07-18T18:56:42.494, ubuntu22-d, 0.005284
2023-07-18T18:56:42.741, , 
2023-07-18T18:56:42.947, ubuntu22-c, 0.005635
2023-07-18T18:56:43.153, ubuntu22-c, 0.005277
2023-07-18T18:56:43.358, ubuntu22-c, 0.005195
2023-07-18T18:56:43.564, ubuntu22-c, 0.005230
2023-07-18T18:56:43.769, ubuntu22-c, 0.005170
2023-07-18T18:56:43.975, ubuntu22-c, 0.005038
2023-07-18T18:56:44.180, ubuntu22-c, 0.005001
2023-07-18T18:56:44.386, ubuntu22-c, 0.005604
2023-07-18T18:56:44.592, ubuntu22-c, 0.005243
2023-07-18T18:56:44.797, ubuntu22-c, 0.005153
2023-07-18T18:56:45.003, ubuntu22-c, 0.005045
2023-07-18T18:56:45.208, ubuntu22-c, 0.005111
2023-07-18T18:56:45.414, ubuntu22-c, 0.005395
2023-07-18T18:56:45.619, ubuntu22-c, 0.004968
2023-07-18T18:56:45.825, ubuntu22-c, 0.005007
2023-07-18T18:56:46.030, ubuntu22-c, 0.005257
2023-07-18T18:56:46.236, ubuntu22-c, 0.005031
2023-07-18T18:56:46.447, ubuntu22-c, 0.011030
2023-07-18T18:56:46.653, ubuntu22-c, 0.005177
2023-07-18T18:56:46.861, ubuntu22-c, 0.007809
2023-07-18T18:56:47.067, ubuntu22-c, 0.005170
2023-07-18T18:56:47.273, ubuntu22-c, 0.005953
2023-07-18T18:56:47.479, ubuntu22-c, 0.004956
2023-07-18T18:56:47.684, ubuntu22-c, 0.005471
2023-07-18T18:56:47.890, ubuntu22-c, 0.005125
2023-07-18T18:56:48.095, ubuntu22-c, 0.005303
2023-07-18T18:56:48.301, ubuntu22-c, 0.004922
2023-07-18T18:56:48.506, ubuntu22-c, 0.004913
2023-07-18T18:56:48.713, ubuntu22-c, 0.006296
2023-07-18T18:56:48.918, ubuntu22-c, 0.005228
2023-07-18T18:56:49.124, ubuntu22-c, 0.005224
2023-07-18T18:56:49.330, ubuntu22-c, 0.005851
2023-07-18T18:56:49.536, ubuntu22-c, 0.005183
2023-07-18T18:56:49.742, ubuntu22-c, 0.005218
2023-07-18T18:56:49.947, ubuntu22-c, 0.005541
2023-07-18T18:56:50.153, ubuntu22-c, 0.005101
2023-07-18T18:56:50.358, ubuntu22-c, 0.004658
2023-07-18T18:56:50.564, ubuntu22-d, 0.005533
2023-07-18T18:56:50.769, ubuntu22-c, 0.005036
2023-07-18T18:56:50.974, ubuntu22-c, 0.004683
2023-07-18T18:56:51.179, ubuntu22-c, 0.004725
2023-07-18T18:56:51.384, , 
2023-07-18T18:56:51.589, ubuntu22-d, 0.005223
2023-07-18T18:56:51.795, ubuntu22-d, 0.005156
2023-07-18T18:56:52.001, ubuntu22-d, 0.005818
2023-07-18T18:56:52.207, ubuntu22-d, 0.005145
2023-07-18T18:56:52.412, ubuntu22-d, 0.005096
2023-07-18T18:56:52.617, ubuntu22-d, 0.005037
2023-07-18T18:56:52.823, ubuntu22-d, 0.005186
2023-07-18T18:56:53.028, ubuntu22-d, 0.005050
2023-07-18T18:56:53.234, ubuntu22-d, 0.005208
2023-07-18T18:56:53.439, ubuntu22-d, 0.004881
2023-07-18T18:56:53.645, ubuntu22-d, 0.005013
2023-07-18T18:56:53.850, ubuntu22-d, 0.005426
2023-07-18T18:56:54.056, ubuntu22-d, 0.005016
2023-07-18T18:56:54.262, ubuntu22-d, 0.004777
2023-07-18T18:56:54.468, ubuntu22-d, 0.005795
2023-07-18T18:56:54.673, ubuntu22-d, 0.004863
2023-07-18T18:56:54.879, ubuntu22-d, 0.005572
2023-07-18T18:56:55.085, ubuntu22-d, 0.005862
2023-07-18T18:56:55.291, ubuntu22-d, 0.005196
2023-07-18T18:56:55.496, ubuntu22-d, 0.004909
2023-07-18T18:56:55.702, ubuntu22-d, 0.004796
2023-07-18T18:56:55.907, ubuntu22-d, 0.004699
2023-07-18T18:56:56.112, ubuntu22-d, 0.004733
2023-07-18T18:56:56.317, ubuntu22-d, 0.005130
2023-07-18T18:56:56.523, ubuntu22-d, 0.005279
2023-07-18T18:56:56.728, ubuntu22-d, 0.005150
2023-07-18T18:56:56.935, ubuntu22-d, 0.005362
2023-07-18T18:56:57.140, ubuntu22-d, 0.005268
2023-07-18T18:56:57.346, ubuntu22-d, 0.005003
2023-07-18T18:56:57.551, ubuntu22-d, 0.005296
2023-07-18T18:56:57.757, ubuntu22-d, 0.005530
2023-07-18T18:56:57.963, ubuntu22-d, 0.005064
2023-07-18T18:56:58.168, ubuntu22-d, 0.005025
2023-07-18T18:56:58.374, ubuntu22-d, 0.005522
2023-07-18T18:56:58.580, ubuntu22-d, 0.005245
2023-07-18T18:56:58.786, ubuntu22-d, 0.005477
2023-07-18T18:56:58.992, ubuntu22-d, 0.005936
2023-07-18T18:56:59.197, ubuntu22-d, 0.005086
2023-07-18T18:56:59.403, ubuntu22-d, 0.005477
2023-07-18T18:56:59.612, ubuntu22-d, 0.007601
2023-07-18T18:56:59.818, ubuntu22-b, 0.005656
2023-07-18T18:57:00.023, ubuntu22-b, 0.005392
2023-07-18T18:57:00.232, ubuntu22-d, 0.008474
2023-07-18T18:57:00.438, ubuntu22-b, 0.005014
2023-07-18T18:57:00.643, ubuntu22-d, 0.005267
2023-07-18T18:57:00.849, ubuntu22-d, 0.005341
2023-07-18T18:57:01.055, ubuntu22-b, 0.005352
2023-07-18T18:57:01.262, ubuntu22-b, 0.006480
2023-07-18T18:57:01.468, ubuntu22-b, 0.005302
2023-07-18T18:57:01.675, ubuntu22-b, 0.007577
2023-07-18T18:57:01.884, ubuntu22-b, 0.007673
2023-07-18T18:57:02.091, ubuntu22-b, 0.007208
2023-07-18T18:57:02.299, ubuntu22-b, 0.007481
2023-07-18T18:57:02.506, ubuntu22-b, 0.006687
2023-07-18T18:57:02.712, ubuntu22-b, 0.005499
2023-07-18T18:57:02.918, ubuntu22-b, 0.005392
2023-07-18T18:57:03.124, ubuntu22-b, 0.005469
2023-07-18T18:57:03.329, ubuntu22-b, 0.005278
2023-07-18T18:57:03.535, ubuntu22-b, 0.005115
2023-07-18T18:57:03.741, ubuntu22-b, 0.005364
2023-07-18T18:57:03.950, ubuntu22-b, 0.008658
2023-07-18T18:57:04.156, ubuntu22-b, 0.006006
2023-07-18T18:57:04.362, ubuntu22-b, 0.005410
2023-07-18T18:57:04.568, ubuntu22-b, 0.005128
2023-07-18T18:57:04.773, ubuntu22-b, 0.005232
2023-07-18T18:57:04.979, ubuntu22-b, 0.004990
2023-07-18T18:57:05.184, ubuntu22-b, 0.005250
2023-07-18T18:57:05.390, ubuntu22-b, 0.005270
2023-07-18T18:57:05.596, ubuntu22-b, 0.005686
2023-07-18T18:57:05.802, ubuntu22-b, 0.005008
2023-07-18T18:57:06.015, ubuntu22-b, 0.013315
2023-07-18T18:57:06.222, ubuntu22-b, 0.005784
2023-07-18T18:57:06.429, ubuntu22-b, 0.006697
2023-07-18T18:57:06.635, ubuntu22-b, 0.005120
2023-07-18T18:57:06.842, ubuntu22-c, 0.006545
2023-07-18T18:57:07.048, ubuntu22-b, 0.005371
2023-07-18T18:57:07.253, ubuntu22-c, 0.005345
2023-07-18T18:57:07.459, ubuntu22-b, 0.004878
2023-07-18T18:57:07.664, ubuntu22-b, 0.005402
2023-07-18T18:57:07.872, ubuntu22-b, 0.007000
2023-07-18T18:57:08.078, ubuntu22-c, 0.005533
2023-07-18T18:57:08.283, ubuntu22-c, 0.005421
2023-07-18T18:57:08.489, ubuntu22-c, 0.005423
2023-07-18T18:57:08.695, ubuntu22-c, 0.005411
2023-07-18T18:57:08.911, ubuntu22-c, 0.015666
2023-07-18T18:57:09.119, ubuntu22-c, 0.007905
2023-07-18T18:57:09.325, ubuntu22-c, 0.005349
2023-07-18T18:57:09.531, ubuntu22-c, 0.005063
2023-07-18T18:57:09.736, ubuntu22-c, 0.005265
2023-07-18T18:57:09.942, ubuntu22-c, 0.005317
2023-07-18T18:57:10.148, ubuntu22-c, 0.005047
2023-07-18T18:57:10.353, ubuntu22-c, 0.005286
2023-07-18T18:57:10.559, ubuntu22-c, 0.005131
2023-07-18T18:57:10.764, ubuntu22-c, 0.005104
2023-07-18T18:57:10.970, ubuntu22-c, 0.005340
2023-07-18T18:57:11.175, ubuntu22-c, 0.005145
2023-07-18T18:57:11.381, ubuntu22-c, 0.005160
2023-07-18T18:57:11.587, ubuntu22-c, 0.005319
2023-07-18T18:57:11.792, ubuntu22-c, 0.005028
2023-07-18T18:57:11.998, ubuntu22-c, 0.005305
2023-07-18T18:57:12.204, ubuntu22-c, 0.005322
2023-07-18T18:57:12.409, ubuntu22-c, 0.005267
2023-07-18T18:57:12.615, ubuntu22-c, 0.005008
2023-07-18T18:57:12.820, ubuntu22-c, 0.004991
2023-07-18T18:57:13.026, ubuntu22-c, 0.005656
2023-07-18T18:57:13.232, ubuntu22-c, 0.005582
2023-07-18T18:57:13.438, ubuntu22-c, 0.005512
2023-07-18T18:57:13.644, ubuntu22-c, 0.005442
2023-07-18T18:57:13.849, ubuntu22-c, 0.005094
2023-07-18T18:57:14.059, ubuntu22-c, 0.008891
2023-07-18T18:57:14.265, ubuntu22-c, 0.005424
2023-07-18T18:57:14.470, ubuntu22-c, 0.005018
2023-07-18T18:57:14.676, ubuntu22-c, 0.005291
2023-07-18T18:57:14.881, ubuntu22-c, 0.005251
2023-07-18T18:57:15.087, ubuntu22-c, 0.005252
2023-07-18T18:57:15.293, ubuntu22-c, 0.005303
2023-07-18T18:57:15.498, ubuntu22-c, 0.005161
2023-07-18T18:57:15.704, ubuntu22-c, 0.005116
2023-07-18T18:57:15.910, ubuntu22-c, 0.006128
2023-07-18T18:57:16.116, ubuntu22-c, 0.005331
2023-07-18T18:57:16.322, ubuntu22-c, 0.005386
2023-07-18T18:57:16.528, ubuntu22-c, 0.005555
2023-07-18T18:57:16.734, ubuntu22-c, 0.005495
2023-07-18T18:57:16.940, ubuntu22-c, 0.005526
2023-07-18T18:57:17.152, ubuntu22-b, 0.011835
2023-07-18T18:57:17.358, ubuntu22-c, 0.005563
2023-07-18T18:57:17.564, ubuntu22-c, 0.005648
2023-07-18T18:57:17.772, ubuntu22-b, 0.007467
2023-07-18T18:57:17.977, ubuntu22-b, 0.005168
2023-07-18T18:57:18.182, , 
2023-07-18T18:57:18.388, ubuntu22-b, 0.005842
2023-07-18T18:57:18.594, ubuntu22-b, 0.005913
2023-07-18T18:57:18.808, ubuntu22-b, 0.013343
2023-07-18T18:57:19.020, ubuntu22-b, 0.011652
2023-07-18T18:57:19.228, ubuntu22-b, 0.007344
2023-07-18T18:57:19.434, ubuntu22-b, 0.006323
2023-07-18T18:57:19.640, ubuntu22-b, 0.005085
2023-07-18T18:57:19.846, ubuntu22-b, 0.005448
2023-07-18T18:57:20.052, ubuntu22-b, 0.005378
2023-07-18T18:57:20.257, ubuntu22-b, 0.005278
2023-07-18T18:57:20.463, ubuntu22-b, 0.005042
2023-07-18T18:57:20.669, ubuntu22-b, 0.005328
2023-07-18T18:57:20.874, ubuntu22-b, 0.005196
2023-07-18T18:57:21.081, ubuntu22-b, 0.005185
2023-07-18T18:57:21.287, ubuntu22-b, 0.005349
2023-07-18T18:57:21.495, ubuntu22-b, 0.007785
2023-07-18T18:57:21.703, ubuntu22-b, 0.007332
2023-07-18T18:57:21.909, ubuntu22-b, 0.005521
2023-07-18T18:57:22.115, ubuntu22-b, 0.005360
2023-07-18T18:57:22.321, ubuntu22-b, 0.005408
2023-07-18T18:57:22.526, ubuntu22-b, 0.005152
2023-07-18T18:57:22.733, ubuntu22-b, 0.006163
2023-07-18T18:57:22.938, ubuntu22-b, 0.005229
2023-07-18T18:57:23.145, ubuntu22-b, 0.005929
2023-07-18T18:57:23.351, ubuntu22-b, 0.005462
2023-07-18T18:57:23.556, ubuntu22-b, 0.005217
2023-07-18T18:57:23.762, ubuntu22-b, 0.005426
2023-07-18T18:57:23.968, ubuntu22-b, 0.005423
2023-07-18T18:57:24.174, ubuntu22-b, 0.005612
2023-07-18T18:57:24.380, ubuntu22-c, 0.005815
2023-07-18T18:57:24.585, ubuntu22-c, 0.004946
2023-07-18T18:57:24.791, ubuntu22-b, 0.005343
2023-07-18T18:57:24.998, ubuntu22-c, 0.005996
2023-07-18T18:57:25.203, ubuntu22-c, 0.004966
2023-07-18T18:57:25.410, ubuntu22-b, 0.006199
2023-07-18T18:57:25.615, ubuntu22-b, 0.005065
2023-07-18T18:57:25.821, ubuntu22-c, 0.005200
2023-07-18T18:57:26.026, ubuntu22-c, 0.005154
2023-07-18T18:57:26.232, ubuntu22-c, 0.005528
2023-07-18T18:57:26.438, ubuntu22-c, 0.005243
2023-07-18T18:57:26.643, ubuntu22-c, 0.005138
2023-07-18T18:57:26.849, ubuntu22-c, 0.005378
2023-07-18T18:57:27.055, ubuntu22-c, 0.005667
2023-07-18T18:57:27.261, ubuntu22-c, 0.005533
2023-07-18T18:57:27.467, ubuntu22-c, 0.005291
2023-07-18T18:57:27.672, ubuntu22-c, 0.005075
2023-07-18T18:57:27.878, ubuntu22-c, 0.005224
2023-07-18T18:57:28.084, ubuntu22-c, 0.005295
2023-07-18T18:57:28.289, ubuntu22-c, 0.005111
2023-07-18T18:57:28.495, ubuntu22-c, 0.005166
2023-07-18T18:57:28.701, ubuntu22-c, 0.005420
2023-07-18T18:57:28.906, ubuntu22-c, 0.005211
2023-07-18T18:57:29.112, ubuntu22-c, 0.005791
2023-07-18T18:57:29.319, ubuntu22-c, 0.005814
2023-07-18T18:57:29.524, ubuntu22-c, 0.005235
2023-07-18T18:57:29.731, ubuntu22-c, 0.006511
2023-07-18T18:57:29.937, ubuntu22-c, 0.005209
2023-07-18T18:57:30.155, ubuntu22-c, 0.017659
2023-07-18T18:57:30.360, ubuntu22-c, 0.005059
2023-07-18T18:57:30.566, ubuntu22-c, 0.005772
2023-07-18T18:57:30.772, ubuntu22-c, 0.005358
2023-07-18T18:57:30.978, ubuntu22-c, 0.005203
2023-07-18T18:57:31.183, ubuntu22-c, 0.005214
2023-07-18T18:57:31.389, ubuntu22-c, 0.005109
2023-07-18T18:57:31.595, ubuntu22-c, 0.006021
2023-07-18T18:57:31.801, ubuntu22-c, 0.005080
2023-07-18T18:57:32.007, ubuntu22-c, 0.005878
2023-07-18T18:57:32.212, ubuntu22-c, 0.005079
2023-07-18T18:57:32.417, ubuntu22-c, 0.004807
2023-07-18T18:57:32.623, ubuntu22-c, 0.005544
2023-07-18T18:57:32.830, ubuntu22-c, 0.006054
2023-07-18T18:57:33.035, ubuntu22-c, 0.004725
2023-07-18T18:57:33.240, ubuntu22-c, 0.004983
2023-07-18T18:57:33.446, ubuntu22-c, 0.005180
2023-07-18T18:57:33.652, ubuntu22-c, 0.005940
2023-07-18T18:57:33.858, ubuntu22-c, 0.004909
2023-07-18T18:57:34.063, ubuntu22-c, 0.004854
2023-07-18T18:57:34.268, ubuntu22-c, 0.004835
2023-07-18T18:57:34.474, ubuntu22-c, 0.005131
2023-07-18T18:57:34.679, ubuntu22-c, 0.005194
2023-07-18T18:57:34.885, ubuntu22-c, 0.005312
2023-07-18T18:57:35.090, ubuntu22-c, 0.005100
2023-07-18T18:57:35.295, ubuntu22-c, 0.004910
2023-07-18T18:57:35.501, ubuntu22-c, 0.005183
2023-07-18T18:57:35.707, ubuntu22-c, 0.005049
2023-07-18T18:57:35.913, ubuntu22-b, 0.005614
2023-07-18T18:57:36.118, ubuntu22-b, 0.004719
2023-07-18T18:57:36.323, ubuntu22-c, 0.005413
2023-07-18T18:57:36.529, ubuntu22-c, 0.005056
2023-07-18T18:57:36.743, ubuntu22-c, 0.013262
2023-07-18T18:57:36.949, ubuntu22-b, 0.005282
2023-07-18T18:57:37.154, ubuntu22-b, 0.005082
2023-07-18T18:57:37.361, ubuntu22-c, 0.006454
2023-07-18T18:57:37.570, ubuntu22-b, 0.008589
2023-07-18T18:57:37.779, ubuntu22-b, 0.009151
2023-07-18T18:57:37.987, ubuntu22-b, 0.007605
2023-07-18T18:57:38.196, ubuntu22-b, 0.007867
2023-07-18T18:57:38.420, ubuntu22-b, 0.023749
2023-07-18T18:57:38.628, ubuntu22-b, 0.007420
2023-07-18T18:57:38.836, ubuntu22-b, 0.007575
2023-07-18T18:57:39.041, ubuntu22-b, 0.005243
2023-07-18T18:57:39.247, ubuntu22-b, 0.005563
2023-07-18T18:57:39.453, ubuntu22-b, 0.005798
2023-07-18T18:57:39.659, ubuntu22-b, 0.005139
2023-07-18T18:57:39.868, ubuntu22-b, 0.008659
2023-07-18T18:57:40.075, ubuntu22-b, 0.006516
2023-07-18T18:57:40.281, ubuntu22-b, 0.006113
2023-07-18T18:57:40.487, ubuntu22-b, 0.005148
2023-07-18T18:57:40.693, ubuntu22-b, 0.005707
2023-07-18T18:57:40.899, ubuntu22-b, 0.005155
2023-07-18T18:57:41.107, ubuntu22-b, 0.008300
2023-07-18T18:57:41.314, ubuntu22-b, 0.005905
2023-07-18T18:57:41.521, ubuntu22-b, 0.006428
2023-07-18T18:57:41.727, ubuntu22-b, 0.005577
2023-07-18T18:57:41.932, ubuntu22-b, 0.005323
2023-07-18T18:57:42.138, ubuntu22-b, 0.005279
2023-07-18T18:57:42.344, ubuntu22-b, 0.005392
2023-07-18T18:57:42.549, ubuntu22-b, 0.005342
2023-07-18T18:57:42.758, ubuntu22-b, 0.008302
2023-07-18T18:57:42.964, ubuntu22-b, 0.005073
2023-07-18T18:57:43.169, ubuntu22-b, 0.005002
2023-07-18T18:57:43.375, ubuntu22-b, 0.005328
2023-07-18T18:57:43.580, ubuntu22-b, 0.005224
2023-07-18T18:57:43.787, ubuntu22-c, 0.005931
2023-07-18T18:57:43.993, ubuntu22-b, 0.006088
2023-07-18T18:57:44.199, ubuntu22-b, 0.005134
2023-07-18T18:57:44.404, ubuntu22-c, 0.005150
2023-07-18T18:57:44.610, ubuntu22-c, 0.005285
2023-07-18T18:57:44.816, ubuntu22-b, 0.005698
2023-07-18T18:57:45.023, ubuntu22-b, 0.006051
2023-07-18T18:57:45.229, ubuntu22-c, 0.005534
2023-07-18T18:57:45.434, ubuntu22-c, 0.005273
2023-07-18T18:57:45.640, ubuntu22-c, 0.005203
2023-07-18T18:57:45.847, ubuntu22-c, 0.007061
2023-07-18T18:57:46.053, ubuntu22-c, 0.005124
2023-07-18T18:57:46.259, ubuntu22-c, 0.005826
2023-07-18T18:57:46.465, ubuntu22-c, 0.005471
2023-07-18T18:57:46.671, ubuntu22-c, 0.005600
2023-07-18T18:57:46.877, ubuntu22-c, 0.005103
2023-07-18T18:57:47.093, ubuntu22-c, 0.015840
2023-07-18T18:57:47.298, ubuntu22-c, 0.005276
2023-07-18T18:57:47.514, ubuntu22-c, 0.014717
2023-07-18T18:57:47.720, ubuntu22-c, 0.005730
2023-07-18T18:57:47.925, ubuntu22-c, 0.005127
2023-07-18T18:57:48.131, ubuntu22-c, 0.005071
2023-07-18T18:57:48.336, ubuntu22-c, 0.005046
2023-07-18T18:57:48.542, ubuntu22-c, 0.005055
2023-07-18T18:57:48.747, ubuntu22-c, 0.005159
2023-07-18T18:57:48.956, ubuntu22-c, 0.007901
2023-07-18T18:57:49.164, ubuntu22-c, 0.007606
2023-07-18T18:57:49.369, ubuntu22-c, 0.005156
2023-07-18T18:57:49.575, ubuntu22-c, 0.005680
2023-07-18T18:57:49.783, ubuntu22-c, 0.007477
2023-07-18T18:57:49.988, ubuntu22-c, 0.004733
2023-07-18T18:57:50.193, ubuntu22-c, 0.004507
2023-07-18T18:57:50.398, ubuntu22-c, 0.004680
2023-07-18T18:57:50.603, ubuntu22-c, 0.004703
2023-07-18T18:57:50.809, ubuntu22-c, 0.004715
2023-07-18T18:57:51.014, ubuntu22-c, 0.004897
2023-07-18T18:57:51.219, ubuntu22-c, 0.004642
2023-07-18T18:57:51.424, ubuntu22-c, 0.004672
2023-07-18T18:57:51.629, ubuntu22-c, 0.005032
2023-07-18T18:57:51.837, ubuntu22-c, 0.007517
2023-07-18T18:57:52.043, ubuntu22-c, 0.004755
2023-07-18T18:57:52.248, ubuntu22-c, 0.004966
2023-07-18T18:57:52.453, ubuntu22-c, 0.004956
2023-07-18T18:57:52.658, ubuntu22-c, 0.004714
2023-07-18T18:57:52.864, ubuntu22-c, 0.004802
2023-07-18T18:57:53.069, ubuntu22-c, 0.004811
2023-07-18T18:57:53.274, ubuntu22-c, 0.004868
2023-07-18T18:57:53.481, ubuntu22-c, 0.006082
2023-07-18T18:57:53.686, ubuntu22-c, 0.005046
2023-07-18T18:57:53.892, ubuntu22-c, 0.005756
2023-07-18T18:57:54.098, ubuntu22-c, 0.005431
2023-07-18T18:57:54.304, ubuntu22-c, 0.005258
2023-07-18T18:57:54.509, ubuntu22-c, 0.005206
2023-07-18T18:57:54.715, ubuntu22-b, 0.005392
2023-07-18T18:57:54.921, ubuntu22-b, 0.004896
2023-07-18T18:57:55.126, ubuntu22-c, 0.004925
2023-07-18T18:57:55.331, ubuntu22-c, 0.004842
2023-07-18T18:57:55.539, ubuntu22-b, 0.006995
2023-07-18T18:57:55.744, ubuntu22-b, 0.005140
2023-07-18T18:57:55.964, ubuntu22-b, 0.019146
2023-07-18T18:57:56.180, ubuntu22-b, 0.015309
2023-07-18T18:57:56.458, ubuntu22-b, 0.077426
2023-07-18T18:57:56.672, ubuntu22-b, 0.013919
2023-07-18T18:57:56.880, ubuntu22-b, 0.007452
2023-07-18T18:57:57.085, ubuntu22-b, 0.005334
2023-07-18T18:57:57.291, ubuntu22-b, 0.004897
2023-07-18T18:57:57.496, ubuntu22-b, 0.005209
2023-07-18T18:57:57.706, ubuntu22-b, 0.009499
2023-07-18T18:57:57.911, ubuntu22-b, 0.004739
2023-07-18T18:57:58.117, ubuntu22-b, 0.004999
2023-07-18T18:57:58.322, ubuntu22-b, 0.004808
2023-07-18T18:57:58.527, ubuntu22-b, 0.004836
2023-07-18T18:57:58.732, ubuntu22-b, 0.004861
2023-07-18T18:57:58.938, ubuntu22-b, 0.005265
2023-07-18T18:57:59.149, ubuntu22-b, 0.010268
2023-07-18T18:57:59.355, ubuntu22-b, 0.006408
2023-07-18T18:57:59.561, ubuntu22-b, 0.005264
2023-07-18T18:57:59.767, ubuntu22-b, 0.005376
2023-07-18T18:57:59.972, ubuntu22-b, 0.004885
2023-07-18T18:58:00.178, ubuntu22-b, 0.005918
2023-07-18T18:58:00.384, ubuntu22-b, 0.005305
2023-07-18T18:58:00.594, ubuntu22-b, 0.009392
2023-07-18T18:58:00.800, ubuntu22-b, 0.005154
2023-07-18T18:58:01.006, ubuntu22-b, 0.005469
2023-07-18T18:58:01.211, ubuntu22-b, 0.005008
2023-07-18T18:58:01.417, ubuntu22-b, 0.005106
2023-07-18T18:58:01.622, ubuntu22-b, 0.005074
2023-07-18T18:58:01.828, ubuntu22-b, 0.005005
2023-07-18T18:58:02.033, ubuntu22-b, 0.004856
2023-07-18T18:58:02.238, ubuntu22-b, 0.004919
2023-07-18T18:58:02.443, ubuntu22-b, 0.004819
2023-07-18T18:58:02.649, ubuntu22-c, 0.005337
2023-07-18T18:58:02.854, ubuntu22-c, 0.004738
2023-07-18T18:58:03.060, ubuntu22-b, 0.005166
2023-07-18T18:58:03.265, ubuntu22-b, 0.004869
2023-07-18T18:58:03.474, ubuntu22-b, 0.008855
2023-07-18T18:58:03.681, ubuntu22-c, 0.005954
2023-07-18T18:58:03.886, ubuntu22-c, 0.004919
2023-07-18T18:58:04.091, ubuntu22-c, 0.004962
2023-07-18T18:58:04.298, ubuntu22-c, 0.006325
2023-07-18T18:58:04.503, ubuntu22-c, 0.005020
2023-07-18T18:58:04.709, ubuntu22-c, 0.004883
2023-07-18T18:58:04.914, ubuntu22-c, 0.005249
2023-07-18T18:58:05.120, ubuntu22-c, 0.005738
2023-07-18T18:58:05.325, ubuntu22-c, 0.004888
2023-07-18T18:58:05.531, ubuntu22-c, 0.004948
2023-07-18T18:58:05.736, ubuntu22-c, 0.004728
2023-07-18T18:58:05.941, ubuntu22-c, 0.005152
2023-07-18T18:58:06.146, ubuntu22-c, 0.004801
2023-07-18T18:58:06.352, ubuntu22-c, 0.005109
2023-07-18T18:58:06.557, ubuntu22-c, 0.004695
2023-07-18T18:58:06.762, ubuntu22-c, 0.004826
2023-07-18T18:58:06.967, ubuntu22-c, 0.004831
2023-07-18T18:58:07.176, ubuntu22-c, 0.007597
2023-07-18T18:58:07.381, ubuntu22-c, 0.004766
2023-07-18T18:58:07.586, ubuntu22-c, 0.005022
2023-07-18T18:58:07.792, ubuntu22-c, 0.005048
2023-07-18T18:58:07.997, ubuntu22-c, 0.004886
2023-07-18T18:58:08.202, ubuntu22-c, 0.004971
2023-07-18T18:58:08.408, ubuntu22-c, 0.005148
2023-07-18T18:58:08.613, ubuntu22-c, 0.005439
2023-07-18T18:58:08.819, ubuntu22-c, 0.004921
2023-07-18T18:58:09.027, ubuntu22-c, 0.008440
2023-07-18T18:58:09.233, ubuntu22-c, 0.004992
2023-07-18T18:58:09.440, ubuntu22-c, 0.007082
2023-07-18T18:58:09.646, ubuntu22-c, 0.005037
2023-07-18T18:58:09.851, ubuntu22-c, 0.005337
2023-07-18T18:58:10.057, ubuntu22-c, 0.004829
2023-07-18T18:58:10.262, ubuntu22-c, 0.004942
2023-07-18T18:58:10.467, ubuntu22-c, 0.004777
2023-07-18T18:58:10.672, ubuntu22-c, 0.004834
2023-07-18T18:58:10.878, ubuntu22-c, 0.004983
2023-07-18T18:58:11.083, ubuntu22-c, 0.005167
2023-07-18T18:58:11.288, ubuntu22-c, 0.004712
2023-07-18T18:58:11.500, ubuntu22-c, 0.010660
2023-07-18T18:58:11.709, ubuntu22-c, 0.008440
2023-07-18T18:58:11.914, ubuntu22-c, 0.005251
2023-07-18T18:58:12.120, ubuntu22-c, 0.005171
2023-07-18T18:58:12.325, ubuntu22-c, 0.004935
2023-07-18T18:58:12.530, ubuntu22-c, 0.004997
2023-07-18T18:58:12.736, ubuntu22-c, 0.004927
2023-07-18T18:58:12.941, ubuntu22-c, 0.005012
2023-07-18T18:58:13.147, ubuntu22-c, 0.005064
2023-07-18T18:58:13.352, ubuntu22-c, 0.005036
2023-07-18T18:58:13.558, ubuntu22-c, 0.005230
2023-07-18T18:58:13.763, ubuntu22-c, 0.005229
2023-07-18T18:58:13.969, ubuntu22-c, 0.005043
2023-07-18T18:58:14.174, ubuntu22-b, 0.005433
2023-07-18T18:58:14.380, ubuntu22-b, 0.004883
2023-07-18T18:58:14.585, ubuntu22-c, 0.005336
2023-07-18T18:58:14.791, ubuntu22-c, 0.004705
2023-07-18T18:58:14.995, , 
2023-07-18T18:58:15.200, ubuntu22-b, 0.004954
2023-07-18T18:58:15.405, ubuntu22-b, 0.005245
2023-07-18T18:58:15.611, ubuntu22-b, 0.005119
2023-07-18T18:58:15.828, ubuntu22-b, 0.016473
2023-07-18T18:58:16.033, ubuntu22-b, 0.004934
2023-07-18T18:58:16.238, ubuntu22-b, 0.004639
2023-07-18T18:58:16.452, ubuntu22-b, 0.013050
2023-07-18T18:58:16.660, ubuntu22-b, 0.008410
2023-07-18T18:58:16.866, ubuntu22-b, 0.004999
2023-07-18T18:58:17.071, ubuntu22-b, 0.004793
2023-07-18T18:58:17.276, ubuntu22-b, 0.004769
2023-07-18T18:58:17.481, ubuntu22-b, 0.004785
2023-07-18T18:58:17.688, ubuntu22-b, 0.006005
2023-07-18T18:58:17.893, ubuntu22-b, 0.004904
2023-07-18T18:58:18.098, ubuntu22-b, 0.004664
2023-07-18T18:58:18.306, ubuntu22-b, 0.007614
2023-07-18T18:58:18.511, ubuntu22-b, 0.004813
2023-07-18T18:58:18.718, ubuntu22-b, 0.006356
2023-07-18T18:58:18.924, ubuntu22-b, 0.004979
2023-07-18T18:58:19.129, ubuntu22-b, 0.004913
2023-07-18T18:58:19.334, ubuntu22-b, 0.004827
2023-07-18T18:58:19.540, ubuntu22-b, 0.005644
2023-07-18T18:58:19.745, ubuntu22-b, 0.005152
2023-07-18T18:58:19.954, ubuntu22-b, 0.004854
2023-07-18T18:58:20.159, ubuntu22-b, 0.004952
2023-07-18T18:58:20.367, ubuntu22-b, 0.007565
2023-07-18T18:58:20.573, ubuntu22-b, 0.004949
2023-07-18T18:58:20.779, ubuntu22-d, 0.005399
2023-07-18T18:58:20.984, ubuntu22-b, 0.004827
2023-07-18T18:58:21.189, ubuntu22-b, 0.004602
2023-07-18T18:58:21.393, ubuntu22-b, 0.004562
2023-07-18T18:58:21.599, ubuntu22-d, 0.004967
2023-07-18T18:58:21.805, ubuntu22-d, 0.005373
2023-07-18T18:58:22.011, ubuntu22-d, 0.005875
2023-07-18T18:58:22.217, ubuntu22-d, 0.005333
2023-07-18T18:58:22.422, ubuntu22-d, 0.005149
2023-07-18T18:58:22.628, ubuntu22-d, 0.006087
2023-07-18T18:58:22.834, ubuntu22-d, 0.005051
2023-07-18T18:58:23.039, ubuntu22-d, 0.005141
2023-07-18T18:58:23.246, ubuntu22-d, 0.005919
2023-07-18T18:58:23.451, ubuntu22-d, 0.004608
2023-07-18T18:58:23.656, ubuntu22-d, 0.005096
2023-07-18T18:58:23.861, ubuntu22-d, 0.004820
2023-07-18T18:58:24.067, ubuntu22-d, 0.005061
2023-07-18T18:58:24.272, ubuntu22-d, 0.005046
2023-07-18T18:58:24.477, ubuntu22-d, 0.004787
2023-07-18T18:58:24.682, ubuntu22-d, 0.004641
2023-07-18T18:58:24.888, ubuntu22-d, 0.005173
2023-07-18T18:58:25.094, ubuntu22-d, 0.006137
2023-07-18T18:58:25.300, ubuntu22-d, 0.004968
2023-07-18T18:58:25.505, ubuntu22-d, 0.004858
2023-07-18T18:58:25.710, ubuntu22-d, 0.004948
2023-07-18T18:58:25.915, ubuntu22-d, 0.005069
2023-07-18T18:58:26.121, ubuntu22-d, 0.005102
2023-07-18T18:58:26.326, ubuntu22-d, 0.004878
2023-07-18T18:58:26.531, ubuntu22-d, 0.004636
2023-07-18T18:58:26.736, ubuntu22-d, 0.004839
2023-07-18T18:58:26.941, ubuntu22-d, 0.004841
2023-07-18T18:58:27.147, ubuntu22-d, 0.005035
2023-07-18T18:58:27.352, ubuntu22-d, 0.004932
2023-07-18T18:58:27.557, ubuntu22-d, 0.004947
2023-07-18T18:58:27.763, ubuntu22-d, 0.005027
2023-07-18T18:58:27.968, ubuntu22-d, 0.005192
2023-07-18T18:58:28.174, ubuntu22-d, 0.005124
2023-07-18T18:58:28.380, ubuntu22-d, 0.005332
2023-07-18T18:58:28.585, ubuntu22-d, 0.004758
2023-07-18T18:58:28.790, ubuntu22-d, 0.005157
2023-07-18T18:58:28.995, ubuntu22-d, 0.004771
2023-07-18T18:58:29.201, ubuntu22-d, 0.005043
2023-07-18T18:58:29.406, ubuntu22-d, 0.005210
2023-07-18T18:58:29.612, ubuntu22-d, 0.004890
2023-07-18T18:58:29.817, ubuntu22-b, 0.005197
2023-07-18T18:58:30.022, ubuntu22-b, 0.004743
2023-07-18T18:58:30.227, ubuntu22-b, 0.004730
2023-07-18T18:58:30.433, ubuntu22-d, 0.005699
2023-07-18T18:58:30.639, ubuntu22-b, 0.004975
2023-07-18T18:58:30.845, ubuntu22-d, 0.005993
2023-07-18T18:58:31.050, ubuntu22-d, 0.004881
2023-07-18T18:58:31.256, ubuntu22-d, 0.004829
2023-07-18T18:58:31.464, ubuntu22-b, 0.007736
2023-07-18T18:58:31.669, ubuntu22-b, 0.004612
2023-07-18T18:58:31.874, ubuntu22-b, 0.004814
2023-07-18T18:58:32.080, ubuntu22-b, 0.005063
2023-07-18T18:58:32.285, ubuntu22-b, 0.004661
2023-07-18T18:58:32.490, ubuntu22-b, 0.004682
2023-07-18T18:58:32.695, ubuntu22-b, 0.004948
2023-07-18T18:58:32.904, ubuntu22-b, 0.007685
2023-07-18T18:58:33.109, ubuntu22-b, 0.004761
2023-07-18T18:58:33.315, ubuntu22-b, 0.005443
2023-07-18T18:58:33.519, ubuntu22-b, 0.004423
2023-07-18T18:58:33.724, ubuntu22-b, 0.004755
2023-07-18T18:58:33.929, ubuntu22-b, 0.004715
2023-07-18T18:58:34.135, ubuntu22-b, 0.005492
2023-07-18T18:58:34.340, ubuntu22-b, 0.004799
2023-07-18T18:58:34.546, ubuntu22-b, 0.004959
2023-07-18T18:58:34.751, ubuntu22-b, 0.004620
2023-07-18T18:58:34.955, ubuntu22-b, 0.004381
2023-07-18T18:58:35.161, ubuntu22-b, 0.004751
2023-07-18T18:58:35.366, ubuntu22-b, 0.004973
2023-07-18T18:58:35.581, ubuntu22-b, 0.009216
2023-07-18T18:58:35.787, ubuntu22-b, 0.004879
2023-07-18T18:58:35.993, ubuntu22-b, 0.005380
2023-07-18T18:58:36.198, ubuntu22-b, 0.004735
2023-07-18T18:58:36.403, ubuntu22-b, 0.004835
2023-07-18T18:58:36.611, ubuntu22-b, 0.007291
2023-07-18T18:58:36.816, ubuntu22-b, 0.004799
2023-07-18T18:58:37.021, ubuntu22-b, 0.005090
2023-07-18T18:58:37.226, ubuntu22-b, 0.004734
2023-07-18T18:58:37.432, ubuntu22-b, 0.004812
2023-07-18T18:58:37.652, ubuntu22-b, 0.019544
2023-07-18T18:58:37.857, ubuntu22-b, 0.004862
2023-07-18T18:58:38.062, ubuntu22-b, 0.004844
2023-07-18T18:58:38.267, ubuntu22-b, 0.004549
2023-07-18T18:58:38.473, ubuntu22-b, 0.004859
2023-07-18T18:58:38.679, ubuntu22-c, 0.005477
2023-07-18T18:58:38.884, ubuntu22-b, 0.004924
2023-07-18T18:58:39.089, ubuntu22-b, 0.004864
2023-07-18T18:58:39.295, ubuntu22-b, 0.004937
2023-07-18T18:58:39.502, ubuntu22-c, 0.007395
2023-07-18T18:58:39.708, ubuntu22-c, 0.004956
2023-07-18T18:58:39.923, ubuntu22-c, 0.015018
2023-07-18T18:58:40.130, ubuntu22-c, 0.006067
2023-07-18T18:58:40.336, ubuntu22-c, 0.006073
2023-07-18T18:58:40.542, ubuntu22-c, 0.005635
2023-07-18T18:58:40.748, ubuntu22-c, 0.005337
2023-07-18T18:58:40.954, ubuntu22-c, 0.005171
2023-07-18T18:58:41.159, ubuntu22-c, 0.004674
2023-07-18T18:58:41.364, ubuntu22-c, 0.004931
2023-07-18T18:58:41.570, ubuntu22-c, 0.005358
2023-07-18T18:58:41.775, ubuntu22-c, 0.005045
2023-07-18T18:58:41.981, ubuntu22-c, 0.005652
2023-07-18T18:58:42.187, ubuntu22-c, 0.005121
2023-07-18T18:58:42.392, ubuntu22-c, 0.004907
2023-07-18T18:58:42.598, ubuntu22-c, 0.004992
2023-07-18T18:58:42.803, ubuntu22-c, 0.005100
2023-07-18T18:58:43.009, ubuntu22-c, 0.005172
2023-07-18T18:58:43.214, ubuntu22-c, 0.004932
2023-07-18T18:58:43.419, ubuntu22-c, 0.004903
2023-07-18T18:58:43.626, ubuntu22-c, 0.006300
2023-07-18T18:58:43.831, ubuntu22-c, 0.005471
2023-07-18T18:58:44.038, ubuntu22-c, 0.006057
2023-07-18T18:58:44.243, ubuntu22-c, 0.004949
2023-07-18T18:58:44.448, ubuntu22-c, 0.004559
2023-07-18T18:58:44.654, ubuntu22-c, 0.005128
2023-07-18T18:58:44.859, ubuntu22-c, 0.004764
2023-07-18T18:58:45.064, ubuntu22-c, 0.005016
2023-07-18T18:58:45.269, ubuntu22-c, 0.004644
2023-07-18T18:58:45.475, ubuntu22-c, 0.004827
2023-07-18T18:58:45.680, ubuntu22-c, 0.004661
2023-07-18T18:58:45.885, ubuntu22-c, 0.004637
2023-07-18T18:58:46.090, ubuntu22-c, 0.005055
2023-07-18T18:58:46.297, ubuntu22-d, 0.006587
2023-07-18T18:58:46.502, ubuntu22-c, 0.004871
2023-07-18T18:58:46.711, ubuntu22-d, 0.005893
2023-07-18T18:58:46.916, ubuntu22-d, 0.005072
2023-07-18T18:58:47.122, ubuntu22-d, 0.005242
2023-07-18T18:58:47.328, ubuntu22-d, 0.004733
2023-07-18T18:58:47.533, ubuntu22-d, 0.005268
2023-07-18T18:58:47.739, ubuntu22-d, 0.005021
2023-07-18T18:58:47.945, ubuntu22-d, 0.005968
2023-07-18T18:58:48.151, ubuntu22-d, 0.005279
2023-07-18T18:58:48.356, ubuntu22-d, 0.004892
2023-07-18T18:58:48.561, ubuntu22-d, 0.004821
2023-07-18T18:58:48.771, ubuntu22-d, 0.009752
2023-07-18T18:58:48.977, ubuntu22-d, 0.005333
2023-07-18T18:58:49.184, ubuntu22-d, 0.006304
2023-07-18T18:58:49.390, ubuntu22-d, 0.005397
2023-07-18T18:58:49.595, ubuntu22-d, 0.005064
2023-07-18T18:58:49.801, ubuntu22-d, 0.005333
2023-07-18T18:58:50.007, ubuntu22-d, 0.005126
2023-07-18T18:58:50.212, ubuntu22-d, 0.004949
2023-07-18T18:58:50.417, ubuntu22-d, 0.005405
2023-07-18T18:58:50.623, ubuntu22-d, 0.005165
2023-07-18T18:58:50.831, ubuntu22-d, 0.007682
2023-07-18T18:58:51.038, ubuntu22-d, 0.006051
2023-07-18T18:58:51.244, ubuntu22-d, 0.005641
2023-07-18T18:58:51.449, ubuntu22-d, 0.005202
2023-07-18T18:58:51.655, ubuntu22-d, 0.005359
2023-07-18T18:58:51.861, ubuntu22-d, 0.005140
2023-07-18T18:58:52.066, ubuntu22-d, 0.005243
2023-07-18T18:58:52.274, ubuntu22-d, 0.005167
2023-07-18T18:58:52.480, ubuntu22-d, 0.005085
2023-07-18T18:58:52.686, ubuntu22-d, 0.005598
2023-07-18T18:58:52.891, ubuntu22-d, 0.005247
2023-07-18T18:58:53.097, ubuntu22-d, 0.005379
2023-07-18T18:58:53.303, ubuntu22-d, 0.005414
2023-07-18T18:58:53.508, ubuntu22-d, 0.005273
2023-07-18T18:58:53.715, ubuntu22-d, 0.005828
2023-07-18T18:58:53.920, ubuntu22-d, 0.005294
2023-07-18T18:58:54.126, ubuntu22-d, 0.005612
2023-07-18T18:58:54.333, ubuntu22-d, 0.005866
2023-07-18T18:58:54.538, ubuntu22-d, 0.005152
2023-07-18T18:58:54.744, ubuntu22-d, 0.005289
2023-07-18T18:58:54.950, ubuntu22-d, 0.005248
2023-07-18T18:58:55.156, ubuntu22-d, 0.005650
2023-07-18T18:58:55.362, ubuntu22-d, 0.005538
2023-07-18T18:58:55.567, ubuntu22-d, 0.005323
2023-07-18T18:58:55.773, ubuntu22-d, 0.005627
2023-07-18T18:58:55.979, ubuntu22-d, 0.005310
2023-07-18T18:58:56.185, ubuntu22-d, 0.006029
2023-07-18T18:58:56.391, ubuntu22-d, 0.005248
2023-07-18T18:58:56.597, ubuntu22-d, 0.005500
2023-07-18T18:58:56.803, ubuntu22-d, 0.005449
2023-07-18T18:58:57.008, ubuntu22-b, 0.005180
2023-07-18T18:58:57.214, ubuntu22-d, 0.005039
2023-07-18T18:58:57.419, ubuntu22-d, 0.004770
2023-07-18T18:58:57.628, ubuntu22-d, 0.008337
2023-07-18T18:58:57.834, ubuntu22-d, 0.005233
2023-07-18T18:58:58.040, , 
2023-07-18T18:58:58.247, ubuntu22-b, 0.006257
2023-07-18T18:58:58.455, ubuntu22-b, 0.007795
2023-07-18T18:58:58.668, ubuntu22-b, 0.012279
2023-07-18T18:58:58.876, ubuntu22-b, 0.007471
2023-07-18T18:58:59.092, ubuntu22-b, 0.015929
2023-07-18T18:58:59.302, ubuntu22-b, 0.009905
2023-07-18T18:58:59.507, ubuntu22-b, 0.004828
2023-07-18T18:58:59.713, ubuntu22-b, 0.004800
2023-07-18T18:58:59.918, ubuntu22-b, 0.004757
2023-07-18T18:59:00.123, ubuntu22-b, 0.004664
2023-07-18T18:59:00.328, ubuntu22-b, 0.005075
2023-07-18T18:59:00.534, ubuntu22-b, 0.005680
2023-07-18T18:59:00.740, ubuntu22-b, 0.004858
2023-07-18T18:59:00.945, ubuntu22-b, 0.004854
2023-07-18T18:59:01.151, ubuntu22-b, 0.005820
2023-07-18T18:59:01.357, ubuntu22-b, 0.004823
2023-07-18T18:59:01.562, ubuntu22-b, 0.004945
2023-07-18T18:59:01.781, ubuntu22-b, 0.018441
2023-07-18T18:59:01.986, ubuntu22-b, 0.004879
2023-07-18T18:59:02.191, ubuntu22-b, 0.004613
2023-07-18T18:59:02.397, ubuntu22-b, 0.004970
2023-07-18T18:59:02.601, ubuntu22-b, 0.004404
2023-07-18T18:59:02.806, ubuntu22-b, 0.004529
2023-07-18T18:59:03.011, ubuntu22-b, 0.004618
2023-07-18T18:59:03.217, ubuntu22-b, 0.005457
2023-07-18T18:59:03.423, ubuntu22-b, 0.004707
2023-07-18T18:59:03.632, ubuntu22-b, 0.008602
2023-07-18T18:59:03.836, ubuntu22-b, 0.004586
2023-07-18T18:59:04.046, ubuntu22-b, 0.008577
2023-07-18T18:59:04.251, ubuntu22-b, 0.004680
2023-07-18T18:59:04.457, ubuntu22-d, 0.005364
2023-07-18T18:59:04.662, ubuntu22-d, 0.004830
2023-07-18T18:59:04.867, ubuntu22-b, 0.005285
2023-07-18T18:59:05.073, ubuntu22-b, 0.004996
2023-07-18T18:59:05.278, ubuntu22-b, 0.004748
2023-07-18T18:59:05.483, ubuntu22-b, 0.004912
2023-07-18T18:59:05.689, ubuntu22-d, 0.005065
2023-07-18T18:59:05.894, ubuntu22-d, 0.005022
2023-07-18T18:59:06.103, , 
2023-07-18T18:59:06.309, ubuntu22-d, 0.005260
2023-07-18T18:59:06.514, ubuntu22-d, 0.005027
2023-07-18T18:59:06.720, ubuntu22-d, 0.005086
2023-07-18T18:59:06.925, ubuntu22-d, 0.004857
2023-07-18T18:59:07.131, ubuntu22-d, 0.005382
2023-07-18T18:59:07.336, ubuntu22-d, 0.005008
2023-07-18T18:59:07.542, ubuntu22-d, 0.004910
2023-07-18T18:59:07.747, ubuntu22-d, 0.004935
2023-07-18T18:59:07.952, ubuntu22-d, 0.004794
2023-07-18T18:59:08.158, ubuntu22-d, 0.004875
2023-07-18T18:59:08.363, ubuntu22-d, 0.005040
2023-07-18T18:59:08.568, ubuntu22-d, 0.004756
2023-07-18T18:59:08.774, ubuntu22-d, 0.004822
2023-07-18T18:59:08.980, ubuntu22-d, 0.005644
2023-07-18T18:59:09.185, ubuntu22-d, 0.004906
2023-07-18T18:59:09.391, ubuntu22-d, 0.005062
2023-07-18T18:59:09.596, ubuntu22-d, 0.004958
2023-07-18T18:59:09.811, ubuntu22-d, 0.014671
2023-07-18T18:59:10.017, ubuntu22-d, 0.005265
2023-07-18T18:59:10.222, ubuntu22-d, 0.004640
2023-07-18T18:59:10.431, ubuntu22-d, 0.007755
2023-07-18T18:59:10.636, ubuntu22-d, 0.005303
2023-07-18T18:59:10.842, ubuntu22-d, 0.005083
2023-07-18T18:59:11.048, ubuntu22-d, 0.005905
2023-07-18T18:59:11.253, ubuntu22-d, 0.004853
2023-07-18T18:59:11.459, ubuntu22-d, 0.005051
2023-07-18T18:59:11.664, ubuntu22-d, 0.004861
2023-07-18T18:59:11.870, ubuntu22-d, 0.005133
2023-07-18T18:59:12.075, ubuntu22-d, 0.004904
2023-07-18T18:59:12.280, ubuntu22-d, 0.004788
2023-07-18T18:59:12.485, ubuntu22-d, 0.004942
2023-07-18T18:59:12.691, ubuntu22-d, 0.004771
2023-07-18T18:59:12.897, ubuntu22-d, 0.005570
2023-07-18T18:59:13.102, ubuntu22-d, 0.004843
2023-07-18T18:59:13.307, ubuntu22-d, 0.004992
2023-07-18T18:59:13.512, ubuntu22-d, 0.004682
2023-07-18T18:59:13.717, ubuntu22-d, 0.004824
2023-07-18T18:59:13.922, ubuntu22-d, 0.004699
2023-07-18T18:59:14.128, ubuntu22-d, 0.005058
2023-07-18T18:59:14.335, ubuntu22-d, 0.006568
2023-07-18T18:59:14.540, ubuntu22-d, 0.004794
2023-07-18T18:59:14.745, ubuntu22-d, 0.004707
2023-07-18T18:59:14.950, ubuntu22-d, 0.004769
2023-07-18T18:59:15.156, ubuntu22-d, 0.005268
2023-07-18T18:59:15.362, ubuntu22-b, 0.005651
2023-07-18T18:59:15.567, ubuntu22-b, 0.005031
2023-07-18T18:59:15.773, ubuntu22-d, 0.005193
2023-07-18T18:59:15.978, ubuntu22-d, 0.005075
2023-07-18T18:59:16.184, ubuntu22-b, 0.005296
2023-07-18T18:59:16.390, ubuntu22-b, 0.005490
2023-07-18T18:59:16.596, ubuntu22-b, 0.005545
2023-07-18T18:59:16.820, ubuntu22-b, 0.023978
2023-07-18T18:59:17.027, ubuntu22-b, 0.007050
2023-07-18T18:59:17.242, ubuntu22-b, 0.014022
2023-07-18T18:59:17.461, ubuntu22-b, 0.018592
2023-07-18T18:59:17.668, ubuntu22-b, 0.006538
2023-07-18T18:59:17.873, ubuntu22-b, 0.005261
2023-07-18T18:59:18.080, ubuntu22-b, 0.006447
2023-07-18T18:59:18.285, ubuntu22-b, 0.004844
2023-07-18T18:59:18.495, ubuntu22-b, 0.009520
2023-07-18T18:59:18.700, ubuntu22-b, 0.004582
2023-07-18T18:59:18.905, ubuntu22-b, 0.004775
2023-07-18T18:59:19.110, ubuntu22-b, 0.004673
2023-07-18T18:59:19.315, ubuntu22-b, 0.004735
2023-07-18T18:59:19.520, ubuntu22-b, 0.004744
2023-07-18T18:59:19.726, ubuntu22-b, 0.004815
2023-07-18T18:59:19.931, ubuntu22-b, 0.004664
2023-07-18T18:59:20.136, ubuntu22-b, 0.004741
2023-07-18T18:59:20.341, ubuntu22-b, 0.004969
2023-07-18T18:59:20.550, ubuntu22-b, 0.008584
2023-07-18T18:59:20.756, ubuntu22-b, 0.005654
2023-07-18T18:59:20.961, ubuntu22-b, 0.004712
2023-07-18T18:59:21.166, ubuntu22-b, 0.004775
2023-07-18T18:59:21.375, ubuntu22-b, 0.008681
2023-07-18T18:59:21.581, ubuntu22-b, 0.004692
2023-07-18T18:59:21.786, ubuntu22-b, 0.004831
2023-07-18T18:59:21.991, ubuntu22-b, 0.004549
2023-07-18T18:59:22.196, ubuntu22-b, 0.004777
2023-07-18T18:59:22.401, ubuntu22-b, 0.004758
2023-07-18T18:59:22.606, ubuntu22-b, 0.004575
2023-07-18T18:59:22.811, ubuntu22-b, 0.004685
2023-07-18T18:59:23.017, ubuntu22-b, 0.005355
2023-07-18T18:59:23.222, ubuntu22-d, 0.005267
2023-07-18T18:59:23.428, ubuntu22-d, 0.005363
2023-07-18T18:59:23.634, ubuntu22-d, 0.005167
2023-07-18T18:59:23.839, ubuntu22-d, 0.004627
2023-07-18T18:59:24.044, ubuntu22-d, 0.004784
2023-07-18T18:59:24.248, , 
2023-07-18T18:59:24.454, ubuntu22-d, 0.004949
2023-07-18T18:59:24.660, ubuntu22-d, 0.005968
2023-07-18T18:59:24.865, ubuntu22-d, 0.004785
2023-07-18T18:59:25.070, ubuntu22-d, 0.004790
2023-07-18T18:59:25.276, ubuntu22-d, 0.005030
2023-07-18T18:59:25.482, ubuntu22-d, 0.005299
2023-07-18T18:59:25.687, ubuntu22-d, 0.005002
2023-07-18T18:59:25.892, ubuntu22-d, 0.005278
2023-07-18T18:59:26.098, ubuntu22-d, 0.005026
2023-07-18T18:59:26.303, ubuntu22-d, 0.004712
2023-07-18T18:59:26.508, ubuntu22-d, 0.005046
2023-07-18T18:59:26.713, ubuntu22-d, 0.005075
2023-07-18T18:59:26.920, ubuntu22-d, 0.006377
2023-07-18T18:59:27.126, ubuntu22-d, 0.005412
2023-07-18T18:59:27.331, ubuntu22-d, 0.004763
2023-07-18T18:59:27.536, ubuntu22-d, 0.004767
2023-07-18T18:59:27.742, ubuntu22-d, 0.005221
2023-07-18T18:59:27.947, ubuntu22-d, 0.005185
2023-07-18T18:59:28.153, ubuntu22-d, 0.005700
2023-07-18T18:59:28.359, ubuntu22-d, 0.004809
2023-07-18T18:59:28.564, ubuntu22-d, 0.004910
2023-07-18T18:59:28.769, ubuntu22-d, 0.005252
2023-07-18T18:59:28.975, ubuntu22-d, 0.005305
2023-07-18T18:59:29.181, ubuntu22-d, 0.005326
2023-07-18T18:59:29.386, ubuntu22-d, 0.005114
2023-07-18T18:59:29.592, ubuntu22-d, 0.005543
2023-07-18T18:59:29.798, ubuntu22-d, 0.005727
2023-07-18T18:59:30.005, ubuntu22-d, 0.006536
2023-07-18T18:59:30.211, ubuntu22-d, 0.005098
2023-07-18T18:59:30.417, ubuntu22-d, 0.005984
2023-07-18T18:59:30.623, ubuntu22-d, 0.005679
2023-07-18T18:59:30.829, ubuntu22-d, 0.005249
2023-07-18T18:59:31.035, ubuntu22-d, 0.005264
2023-07-18T18:59:31.240, ubuntu22-d, 0.004775
2023-07-18T18:59:31.446, ubuntu22-d, 0.005622
2023-07-18T18:59:31.651, ubuntu22-d, 0.005061
2023-07-18T18:59:31.857, ubuntu22-d, 0.005817
2023-07-18T18:59:32.063, ubuntu22-d, 0.005405
2023-07-18T18:59:32.269, ubuntu22-d, 0.005602
2023-07-18T18:59:32.475, ubuntu22-d, 0.005289
2023-07-18T18:59:32.680, ubuntu22-d, 0.005014
2023-07-18T18:59:32.885, ubuntu22-d, 0.004840
2023-07-18T18:59:33.091, ubuntu22-b, 0.005855
2023-07-18T18:59:33.297, ubuntu22-b, 0.004700
2023-07-18T18:59:33.502, ubuntu22-d, 0.004750
2023-07-18T18:59:33.707, ubuntu22-b, 0.004729
2023-07-18T18:59:33.912, ubuntu22-b, 0.004807
2023-07-18T18:59:34.117, ubuntu22-d, 0.004977
2023-07-18T18:59:34.323, ubuntu22-d, 0.005288
2023-07-18T18:59:34.532, ubuntu22-b, 0.008594
2023-07-18T18:59:34.740, ubuntu22-b, 0.006972
2023-07-18T18:59:34.948, ubuntu22-b, 0.007700
2023-07-18T18:59:35.156, ubuntu22-b, 0.007554
2023-07-18T18:59:35.460, ubuntu22-b, 0.103992
2023-07-18T18:59:35.665, ubuntu22-b, 0.004925
2023-07-18T18:59:35.870, ubuntu22-b, 0.004831
2023-07-18T18:59:36.076, ubuntu22-b, 0.005083
2023-07-18T18:59:36.281, ubuntu22-b, 0.004783
2023-07-18T18:59:36.490, ubuntu22-b, 0.008581
2023-07-18T18:59:36.699, ubuntu22-b, 0.007906
2023-07-18T18:59:36.904, ubuntu22-b, 0.005016
2023-07-18T18:59:37.110, ubuntu22-b, 0.005234
2023-07-18T18:59:37.315, ubuntu22-b, 0.004837
2023-07-18T18:59:37.520, ubuntu22-b, 0.004759
2023-07-18T18:59:37.731, ubuntu22-b, 0.010793
2023-07-18T18:59:37.936, ubuntu22-b, 0.004797
2023-07-18T18:59:38.142, ubuntu22-b, 0.005154
2023-07-18T18:59:38.347, ubuntu22-b, 0.004743
2023-07-18T18:59:38.552, ubuntu22-b, 0.004745
2023-07-18T18:59:38.766, ubuntu22-b, 0.013288
2023-07-18T18:59:38.973, ubuntu22-b, 0.005901
2023-07-18T18:59:39.178, ubuntu22-b, 0.004795
2023-07-18T18:59:39.385, ubuntu22-b, 0.006538
2023-07-18T18:59:39.592, ubuntu22-b, 0.006028
2023-07-18T18:59:39.797, ubuntu22-b, 0.005208
2023-07-18T18:59:40.003, ubuntu22-b, 0.005093
2023-07-18T18:59:40.208, ubuntu22-b, 0.004705
2023-07-18T18:59:40.413, ubuntu22-b, 0.004870
2023-07-18T18:59:40.619, ubuntu22-d, 0.005230
2023-07-18T18:59:40.824, ubuntu22-d, 0.004809
2023-07-18T18:59:41.030, ubuntu22-d, 0.005288
2023-07-18T18:59:41.235, ubuntu22-b, 0.004872
2023-07-18T18:59:41.440, ubuntu22-d, 0.004831
2023-07-18T18:59:41.646, ubuntu22-d, 0.004836
2023-07-18T18:59:41.851, ubuntu22-b, 0.005005
2023-07-18T18:59:42.056, ubuntu22-b, 0.004934
2023-07-18T18:59:42.288, , 
2023-07-18T18:59:42.494, ubuntu22-d, 0.004946
2023-07-18T18:59:42.702, ubuntu22-d, 0.007362
2023-07-18T18:59:42.907, ubuntu22-d, 0.004807
2023-07-18T18:59:43.112, ubuntu22-d, 0.004894
2023-07-18T18:59:43.318, ubuntu22-d, 0.005078
2023-07-18T18:59:43.523, ubuntu22-d, 0.004833
2023-07-18T18:59:43.728, ubuntu22-d, 0.004880
2023-07-18T18:59:43.934, ubuntu22-d, 0.005045
2023-07-18T18:59:44.139, ubuntu22-d, 0.005016
2023-07-18T18:59:44.345, ubuntu22-d, 0.005092
2023-07-18T18:59:44.550, ubuntu22-d, 0.004678
2023-07-18T18:59:44.755, ubuntu22-d, 0.004804
2023-07-18T18:59:44.960, ubuntu22-d, 0.005075
2023-07-18T18:59:45.166, ubuntu22-d, 0.004807
2023-07-18T18:59:45.371, ubuntu22-d, 0.004822
2023-07-18T18:59:45.576, ubuntu22-d, 0.004909
2023-07-18T18:59:45.781, ubuntu22-d, 0.004902
2023-07-18T18:59:45.987, ubuntu22-d, 0.004780
2023-07-18T18:59:46.193, ubuntu22-d, 0.005855
2023-07-18T18:59:46.398, ubuntu22-d, 0.004977
2023-07-18T18:59:46.603, ubuntu22-d, 0.004963
2023-07-18T18:59:46.809, ubuntu22-d, 0.004745
2023-07-18T18:59:47.015, ubuntu22-d, 0.005826
2023-07-18T18:59:47.221, ubuntu22-d, 0.005264
2023-07-18T18:59:47.426, ubuntu22-d, 0.005434
2023-07-18T18:59:47.632, ubuntu22-d, 0.005163
2023-07-18T18:59:47.839, ubuntu22-d, 0.006193
2023-07-18T18:59:48.044, ubuntu22-d, 0.005243
2023-07-18T18:59:48.250, ubuntu22-d, 0.005144
2023-07-18T18:59:48.455, ubuntu22-d, 0.005095
2023-07-18T18:59:48.661, ubuntu22-d, 0.005044
2023-07-18T18:59:48.866, ubuntu22-d, 0.004916
2023-07-18T18:59:49.072, ubuntu22-c, 0.005344
2023-07-18T18:59:49.277, ubuntu22-c, 0.004759
2023-07-18T18:59:49.482, ubuntu22-d, 0.004780
2023-07-18T18:59:49.687, ubuntu22-d, 0.004724
2023-07-18T18:59:49.892, ubuntu22-c, 0.004578
2023-07-18T18:59:50.098, ubuntu22-c, 0.004797
2023-07-18T18:59:50.303, ubuntu22-c, 0.004742
2023-07-18T18:59:50.510, ubuntu22-c, 0.006708
2023-07-18T18:59:50.713, , 
2023-07-18T18:59:50.919, ubuntu22-c, 0.005157
2023-07-18T18:59:51.124, ubuntu22-c, 0.004973
2023-07-18T18:59:51.329, ubuntu22-c, 0.004896
2023-07-18T18:59:51.534, ubuntu22-c, 0.004782
2023-07-18T18:59:51.740, ubuntu22-c, 0.004927
2023-07-18T18:59:51.945, ubuntu22-c, 0.005124
2023-07-18T18:59:52.150, ubuntu22-c, 0.004774
2023-07-18T18:59:52.355, ubuntu22-c, 0.004720
2023-07-18T18:59:52.561, ubuntu22-c, 0.004833
2023-07-18T18:59:52.766, ubuntu22-c, 0.004946
2023-07-18T18:59:52.971, ubuntu22-c, 0.004577
2023-07-18T18:59:53.176, ubuntu22-c, 0.004896
2023-07-18T18:59:53.381, ubuntu22-c, 0.004920
2023-07-18T18:59:53.587, ubuntu22-c, 0.004849
2023-07-18T18:59:53.792, ubuntu22-c, 0.005037
2023-07-18T18:59:53.998, ubuntu22-c, 0.005184
2023-07-18T18:59:54.203, ubuntu22-c, 0.005067
2023-07-18T18:59:54.408, ubuntu22-c, 0.004783
2023-07-18T18:59:54.614, ubuntu22-c, 0.004946
2023-07-18T18:59:54.819, ubuntu22-c, 0.004754
2023-07-18T18:59:55.024, ubuntu22-c, 0.005141
2023-07-18T18:59:55.230, ubuntu22-c, 0.004915
2023-07-18T18:59:55.435, ubuntu22-c, 0.004785
2023-07-18T18:59:55.640, ubuntu22-c, 0.004811
2023-07-18T18:59:55.845, ubuntu22-c, 0.005002
2023-07-18T18:59:56.051, ubuntu22-c, 0.005687
2023-07-18T18:59:56.257, ubuntu22-c, 0.004946
2023-07-18T18:59:56.463, ubuntu22-c, 0.005879
2023-07-18T18:59:56.670, ubuntu22-c, 0.006974
2023-07-18T18:59:56.876, ubuntu22-c, 0.005246
2023-07-18T18:59:57.082, ubuntu22-c, 0.005296
2023-07-18T18:59:57.287, ubuntu22-c, 0.005353
2023-07-18T18:59:57.493, ubuntu22-c, 0.005387
2023-07-18T18:59:57.699, ubuntu22-c, 0.005257
2023-07-18T18:59:57.904, ubuntu22-c, 0.005105
2023-07-18T18:59:58.110, ubuntu22-c, 0.005725
2023-07-18T18:59:58.316, ubuntu22-c, 0.005265
2023-07-18T18:59:58.522, ubuntu22-c, 0.005221
2023-07-18T18:59:58.727, ubuntu22-c, 0.005349
2023-07-18T18:59:58.933, ubuntu22-c, 0.005313
2023-07-18T18:59:59.139, ubuntu22-c, 0.005445
2023-07-18T18:59:59.345, ubuntu22-c, 0.005218
2023-07-18T18:59:59.550, ubuntu22-c, 0.005379
2023-07-18T18:59:59.756, ubuntu22-c, 0.005068
2023-07-18T18:59:59.961, ubuntu22-c, 0.005309
2023-07-18T19:00:00.167, ubuntu22-c, 0.005247
2023-07-18T19:00:00.373, ubuntu22-c, 0.005226
2023-07-18T19:00:00.581, ubuntu22-b, 0.007893
2023-07-18T19:00:00.787, ubuntu22-b, 0.005384
2023-07-18T19:00:00.992, ubuntu22-c, 0.005257
2023-07-18T19:00:01.198, ubuntu22-c, 0.004992
2023-07-18T19:00:01.404, ubuntu22-b, 0.005312
2023-07-18T19:00:01.610, ubuntu22-c, 0.006348
2023-07-18T19:00:01.817, ubuntu22-b, 0.006707
2023-07-18T19:00:02.023, ubuntu22-b, 0.005672
2023-07-18T19:00:02.229, ubuntu22-b, 0.005228
2023-07-18T19:00:02.435, ubuntu22-b, 0.005459
2023-07-18T19:00:02.641, ubuntu22-b, 0.005399
2023-07-18T19:00:02.864, ubuntu22-b, 0.022937
2023-07-18T19:00:03.072, ubuntu22-b, 0.007330
2023-07-18T19:00:03.278, ubuntu22-b, 0.005893
2023-07-18T19:00:03.484, ubuntu22-b, 0.005050
2023-07-18T19:00:03.689, ubuntu22-b, 0.005015
2023-07-18T19:00:03.894, ubuntu22-b, 0.005036
2023-07-18T19:00:04.101, ubuntu22-b, 0.005737
2023-07-18T19:00:04.306, ubuntu22-b, 0.005249
2023-07-18T19:00:04.514, ubuntu22-b, 0.007328
2023-07-18T19:00:04.728, ubuntu22-b, 0.013295
2023-07-18T19:00:04.934, ubuntu22-b, 0.005360
2023-07-18T19:00:05.139, ubuntu22-b, 0.005347
2023-07-18T19:00:05.345, ubuntu22-b, 0.005433
2023-07-18T19:00:05.550, ubuntu22-b, 0.005116
2023-07-18T19:00:05.757, ubuntu22-b, 0.005662
2023-07-18T19:00:05.962, ubuntu22-b, 0.005306
2023-07-18T19:00:06.168, ubuntu22-b, 0.005408
2023-07-18T19:00:06.375, ubuntu22-b, 0.006159
2023-07-18T19:00:06.581, ubuntu22-b, 0.006310
2023-07-18T19:00:06.788, ubuntu22-b, 0.006012
2023-07-18T19:00:06.999, ubuntu22-b, 0.010985
2023-07-18T19:00:07.205, ubuntu22-b, 0.005102
2023-07-18T19:00:07.410, ubuntu22-b, 0.005090
2023-07-18T19:00:07.616, ubuntu22-b, 0.005609
2023-07-18T19:00:07.822, ubuntu22-b, 0.005303
2023-07-18T19:00:08.028, ubuntu22-d, 0.006055
2023-07-18T19:00:08.234, ubuntu22-d, 0.005422
2023-07-18T19:00:08.440, ubuntu22-b, 0.005223
2023-07-18T19:00:08.645, ubuntu22-d, 0.005218
2023-07-18T19:00:08.854, ubuntu22-d, 0.005137
2023-07-18T19:00:09.060, ubuntu22-d, 0.005248
2023-07-18T19:00:09.270, , 
2023-07-18T19:00:09.476, ubuntu22-d, 0.005964
2023-07-18T19:00:09.682, ubuntu22-d, 0.005628
2023-07-18T19:00:09.888, ubuntu22-d, 0.005150
2023-07-18T19:00:10.094, ubuntu22-d, 0.005668
2023-07-18T19:00:10.299, ubuntu22-d, 0.005099
2023-07-18T19:00:10.505, ubuntu22-d, 0.005468
2023-07-18T19:00:10.711, ubuntu22-d, 0.005406
2023-07-18T19:00:10.918, ubuntu22-d, 0.006445
2023-07-18T19:00:11.123, ubuntu22-d, 0.005189
2023-07-18T19:00:11.329, ubuntu22-d, 0.005109
2023-07-18T19:00:11.544, ubuntu22-d, 0.015131
2023-07-18T19:00:11.750, ubuntu22-d, 0.005326
2023-07-18T19:00:11.959, ubuntu22-d, 0.008051
2023-07-18T19:00:12.165, ubuntu22-d, 0.005282
2023-07-18T19:00:12.371, ubuntu22-d, 0.005849
2023-07-18T19:00:12.577, ubuntu22-d, 0.005365
2023-07-18T19:00:12.782, ubuntu22-d, 0.005216
2023-07-18T19:00:12.988, ubuntu22-d, 0.005628
2023-07-18T19:00:13.194, ubuntu22-d, 0.005669
2023-07-18T19:00:13.400, ubuntu22-d, 0.005455
2023-07-18T19:00:13.606, ubuntu22-d, 0.005386
2023-07-18T19:00:13.812, ubuntu22-d, 0.005382
2023-07-18T19:00:14.017, ubuntu22-d, 0.005334
2023-07-18T19:00:14.223, ubuntu22-d, 0.005213
2023-07-18T19:00:14.429, ubuntu22-d, 0.005475
2023-07-18T19:00:14.634, ubuntu22-d, 0.004987
2023-07-18T19:00:14.839, ubuntu22-d, 0.004926
2023-07-18T19:00:15.047, ubuntu22-d, 0.006978
2023-07-18T19:00:15.252, ubuntu22-d, 0.004868
2023-07-18T19:00:15.457, ubuntu22-d, 0.005181
2023-07-18T19:00:15.663, ubuntu22-d, 0.004684
2023-07-18T19:00:15.872, ubuntu22-d, 0.008761
2023-07-18T19:00:16.077, ubuntu22-d, 0.004950
2023-07-18T19:00:16.283, ubuntu22-c, 0.005416
2023-07-18T19:00:16.489, ubuntu22-c, 0.005093
2023-07-18T19:00:16.699, ubuntu22-d, 0.009797
2023-07-18T19:00:16.905, ubuntu22-c, 0.005671
2023-07-18T19:00:17.114, ubuntu22-c, 0.005025
2023-07-18T19:00:17.318, , 
2023-07-18T19:00:17.524, ubuntu22-c, 0.005779
2023-07-18T19:00:17.730, ubuntu22-c, 0.005398
2023-07-18T19:00:17.936, ubuntu22-c, 0.005436
2023-07-18T19:00:18.142, ubuntu22-c, 0.005744
2023-07-18T19:00:18.348, ubuntu22-c, 0.005100
2023-07-18T19:00:18.554, ubuntu22-c, 0.005707
2023-07-18T19:00:18.759, ubuntu22-c, 0.004987
2023-07-18T19:00:18.967, ubuntu22-c, 0.007077
2023-07-18T19:00:19.176, ubuntu22-c, 0.008463
2023-07-18T19:00:19.381, ubuntu22-c, 0.005030
2023-07-18T19:00:19.586, ubuntu22-c, 0.004890
2023-07-18T19:00:19.792, ubuntu22-c, 0.004801
2023-07-18T19:00:20.007, ubuntu22-c, 0.014298
2023-07-18T19:00:20.214, ubuntu22-c, 0.006939
2023-07-18T19:00:20.420, ubuntu22-c, 0.005084
2023-07-18T19:00:20.625, ubuntu22-c, 0.005128
2023-07-18T19:00:20.830, ubuntu22-c, 0.004843
2023-07-18T19:00:21.036, ubuntu22-c, 0.004832
2023-07-18T19:00:21.241, ubuntu22-c, 0.004849
2023-07-18T19:00:21.446, ubuntu22-c, 0.004705
2023-07-18T19:00:21.651, ubuntu22-c, 0.004641
2023-07-18T19:00:21.856, ubuntu22-c, 0.004738
2023-07-18T19:00:22.061, ubuntu22-c, 0.004631
2023-07-18T19:00:22.266, ubuntu22-c, 0.004572
2023-07-18T19:00:22.471, ubuntu22-c, 0.004557
2023-07-18T19:00:22.677, ubuntu22-c, 0.006060
2023-07-18T19:00:22.884, ubuntu22-c, 0.005834
2023-07-18T19:00:23.089, ubuntu22-d, 0.005256
2023-07-18T19:00:23.296, ubuntu22-d, 0.006099
2023-07-18T19:00:23.501, ubuntu22-d, 0.004844
2023-07-18T19:00:23.707, ubuntu22-c, 0.004856
2023-07-18T19:00:23.913, ubuntu22-d, 0.006121
2023-07-18T19:00:24.119, ubuntu22-c, 0.005385
2023-07-18T19:00:24.325, ubuntu22-d, 0.005283
2023-07-18T19:00:24.530, ubuntu22-d, 0.005067
2023-07-18T19:00:24.735, ubuntu22-d, 0.004934
2023-07-18T19:00:24.941, ubuntu22-d, 0.005180
2023-07-18T19:00:25.147, ubuntu22-d, 0.005391
2023-07-18T19:00:25.352, ubuntu22-d, 0.004884
2023-07-18T19:00:25.558, ubuntu22-d, 0.004873
2023-07-18T19:00:25.763, ubuntu22-d, 0.004755
2023-07-18T19:00:25.970, ubuntu22-d, 0.007148
2023-07-18T19:00:26.203, ubuntu22-d, 0.032212
2023-07-18T19:00:26.408, ubuntu22-d, 0.005147
2023-07-18T19:00:26.617, ubuntu22-d, 0.008337
2023-07-18T19:00:26.823, ubuntu22-d, 0.004905
2023-07-18T19:00:27.028, ubuntu22-d, 0.005229
2023-07-18T19:00:27.234, ubuntu22-d, 0.005169
2023-07-18T19:00:27.440, ubuntu22-d, 0.005215
2023-07-18T19:00:27.645, ubuntu22-d, 0.005015
2023-07-18T19:00:27.850, ubuntu22-d, 0.004872
2023-07-18T19:00:28.056, ubuntu22-d, 0.005140
2023-07-18T19:00:28.261, ubuntu22-d, 0.005023
2023-07-18T19:00:28.467, ubuntu22-d, 0.004830
2023-07-18T19:00:28.672, ubuntu22-d, 0.004865
2023-07-18T19:00:28.882, ubuntu22-d, 0.009640
2023-07-18T19:00:29.088, ubuntu22-d, 0.005822
2023-07-18T19:00:29.294, ubuntu22-d, 0.005157
2023-07-18T19:00:29.500, ubuntu22-d, 0.005765
2023-07-18T19:00:29.706, ubuntu22-d, 0.005375
2023-07-18T19:00:29.912, ubuntu22-d, 0.005595
2023-07-18T19:00:30.118, ubuntu22-d, 0.005710
2023-07-18T19:00:30.325, ubuntu22-d, 0.006295
2023-07-18T19:00:30.531, ubuntu22-d, 0.005577
2023-07-18T19:00:30.736, ubuntu22-d, 0.005456
2023-07-18T19:00:30.943, ubuntu22-d, 0.005769
2023-07-18T19:00:31.149, ubuntu22-d, 0.005747
2023-07-18T19:00:31.355, ubuntu22-d, 0.005518
2023-07-18T19:00:31.561, ubuntu22-d, 0.005776
2023-07-18T19:00:31.767, ubuntu22-d, 0.005544
2023-07-18T19:00:31.973, ubuntu22-d, 0.005140
2023-07-18T19:00:32.179, ubuntu22-d, 0.005338
2023-07-18T19:00:32.384, ubuntu22-d, 0.005490
2023-07-18T19:00:32.591, ubuntu22-d, 0.005766
2023-07-18T19:00:32.796, ubuntu22-d, 0.005191
2023-07-18T19:00:33.003, ubuntu22-d, 0.006774
2023-07-18T19:00:33.215, ubuntu22-d, 0.010804
2023-07-18T19:00:33.421, ubuntu22-d, 0.006104
2023-07-18T19:00:33.627, ubuntu22-d, 0.005404
2023-07-18T19:00:33.833, ubuntu22-d, 0.005681
2023-07-18T19:00:34.040, ubuntu22-d, 0.005857
2023-07-18T19:00:34.246, ubuntu22-d, 0.005789
2023-07-18T19:00:34.452, ubuntu22-d, 0.005382
2023-07-18T19:00:34.658, ubuntu22-d, 0.005392
2023-07-18T19:00:34.863, ubuntu22-d, 0.005346
2023-07-18T19:00:35.070, ubuntu22-d, 0.006303
2023-07-18T19:00:35.276, ubuntu22-d, 0.005268
2023-07-18T19:00:35.481, ubuntu22-d, 0.005196
2023-07-18T19:00:35.687, ubuntu22-d, 0.005131
2023-07-18T19:00:35.893, ubuntu22-b, 0.005385
2023-07-18T19:00:36.098, ubuntu22-d, 0.005242
2023-07-18T19:00:36.304, ubuntu22-b, 0.005404
2023-07-18T19:00:36.510, ubuntu22-d, 0.005364
2023-07-18T19:00:36.716, ubuntu22-b, 0.005364
2023-07-18T19:00:36.921, ubuntu22-b, 0.005293
2023-07-18T19:00:37.127, ubuntu22-b, 0.005162
2023-07-18T19:00:37.331, , 
2023-07-18T19:00:37.537, ubuntu22-b, 0.005115
2023-07-18T19:00:37.744, ubuntu22-b, 0.006711
2023-07-18T19:00:37.952, ubuntu22-b, 0.007470
2023-07-18T19:00:38.157, ubuntu22-b, 0.005276
2023-07-18T19:00:38.363, ubuntu22-b, 0.005225
2023-07-18T19:00:38.568, ubuntu22-b, 0.005074
2023-07-18T19:00:38.774, ubuntu22-b, 0.005079
2023-07-18T19:00:38.979, ubuntu22-b, 0.004909
2023-07-18T19:00:39.185, ubuntu22-b, 0.005258
2023-07-18T19:00:39.393, ubuntu22-b, 0.007600
2023-07-18T19:00:39.600, ubuntu22-b, 0.007372
2023-07-18T19:00:39.806, ubuntu22-b, 0.004798
2023-07-18T19:00:40.011, ubuntu22-b, 0.004983
2023-07-18T19:00:40.216, ubuntu22-b, 0.004695
2023-07-18T19:00:40.422, ubuntu22-b, 0.005130
2023-07-18T19:00:40.628, ubuntu22-b, 0.005453
2023-07-18T19:00:40.833, ubuntu22-b, 0.004904
2023-07-18T19:00:41.038, ubuntu22-b, 0.004704
2023-07-18T19:00:41.243, ubuntu22-b, 0.004702
2023-07-18T19:00:41.448, ubuntu22-b, 0.004594
2023-07-18T19:00:41.654, ubuntu22-b, 0.005098
2023-07-18T19:00:41.859, ubuntu22-b, 0.004640
2023-07-18T19:00:42.067, ubuntu22-d, 0.007707
2023-07-18T19:00:42.272, ubuntu22-d, 0.004646
2023-07-18T19:00:42.477, ubuntu22-b, 0.004519
2023-07-18T19:00:42.682, ubuntu22-d, 0.004747
2023-07-18T19:00:42.887, ubuntu22-d, 0.004862
2023-07-18T19:00:43.092, ubuntu22-d, 0.004714
2023-07-18T19:00:43.298, ubuntu22-b, 0.004910
2023-07-18T19:00:43.503, ubuntu22-b, 0.005063
2023-07-18T19:00:43.711, ubuntu22-b, 0.007292
2023-07-18T19:00:43.917, ubuntu22-d, 0.005387
2023-07-18T19:00:44.122, ubuntu22-d, 0.005349
2023-07-18T19:00:44.328, ubuntu22-d, 0.005305
2023-07-18T19:00:44.534, ubuntu22-d, 0.005286
2023-07-18T19:00:44.739, ubuntu22-d, 0.005065
2023-07-18T19:00:44.949, ubuntu22-d, 0.009198
2023-07-18T19:00:45.155, ubuntu22-d, 0.005592
2023-07-18T19:00:45.361, ubuntu22-d, 0.005828
2023-07-18T19:00:45.567, ubuntu22-d, 0.005056
2023-07-18T19:00:45.772, ubuntu22-d, 0.005420
2023-07-18T19:00:45.978, ubuntu22-d, 0.005251
2023-07-18T19:00:46.184, ubuntu22-d, 0.005387
2023-07-18T19:00:46.393, ubuntu22-d, 0.008851
2023-07-18T19:00:46.599, ubuntu22-d, 0.005193
2023-07-18T19:00:46.806, ubuntu22-d, 0.006325
2023-07-18T19:00:47.012, ubuntu22-d, 0.005172
2023-07-18T19:00:47.219, ubuntu22-d, 0.006957
2023-07-18T19:00:47.425, ubuntu22-d, 0.005597
2023-07-18T19:00:47.632, ubuntu22-d, 0.006199
2023-07-18T19:00:47.837, ubuntu22-d, 0.005132
2023-07-18T19:00:48.043, ubuntu22-d, 0.005076
2023-07-18T19:00:48.248, ubuntu22-d, 0.005044
2023-07-18T19:00:48.454, ubuntu22-d, 0.005118
2023-07-18T19:00:48.659, ubuntu22-d, 0.005155
2023-07-18T19:00:48.865, ubuntu22-d, 0.004931
2023-07-18T19:00:49.071, ubuntu22-d, 0.005791
2023-07-18T19:00:49.276, ubuntu22-d, 0.004949
2023-07-18T19:00:49.482, ubuntu22-d, 0.005014
2023-07-18T19:00:49.687, ubuntu22-d, 0.004860
2023-07-18T19:00:49.893, ubuntu22-d, 0.005319
2023-07-18T19:00:50.098, ubuntu22-d, 0.005295
2023-07-18T19:00:50.307, ubuntu22-d, 0.008547
2023-07-18T19:00:50.518, ubuntu22-d, 0.010026
2023-07-18T19:00:50.724, ubuntu22-d, 0.005283
2023-07-18T19:00:50.930, ubuntu22-c, 0.005673
2023-07-18T19:00:51.136, ubuntu22-d, 0.005470
2023-07-18T19:00:51.344, ubuntu22-c, 0.008364
2023-07-18T19:00:51.550, ubuntu22-d, 0.005489
2023-07-18T19:00:51.756, ubuntu22-d, 0.005504
2023-07-18T19:00:51.962, ubuntu22-c, 0.005190
2023-07-18T19:00:52.169, ubuntu22-c, 0.007305
2023-07-18T19:00:52.377, ubuntu22-c, 0.007337
2023-07-18T19:00:52.582, ubuntu22-c, 0.004968
2023-07-18T19:00:52.788, ubuntu22-c, 0.005117
2023-07-18T19:00:52.993, ubuntu22-c, 0.005090
2023-07-18T19:00:53.199, ubuntu22-c, 0.005335
2023-07-18T19:00:53.405, ubuntu22-c, 0.005305
2023-07-18T19:00:53.611, ubuntu22-c, 0.006165
2023-07-18T19:00:53.817, ubuntu22-c, 0.004977
2023-07-18T19:00:54.022, ubuntu22-c, 0.005207
2023-07-18T19:00:54.228, ubuntu22-c, 0.005216
2023-07-18T19:00:54.434, ubuntu22-c, 0.005255
2023-07-18T19:00:54.639, ubuntu22-c, 0.005106
2023-07-18T19:00:54.845, ubuntu22-c, 0.005385
2023-07-18T19:00:55.050, ubuntu22-c, 0.005380
2023-07-18T19:00:55.256, ubuntu22-c, 0.005126
2023-07-18T19:00:55.462, ubuntu22-c, 0.005323
2023-07-18T19:00:55.667, ubuntu22-c, 0.004914
2023-07-18T19:00:55.873, ubuntu22-c, 0.006011
2023-07-18T19:00:56.079, ubuntu22-c, 0.005161
2023-07-18T19:00:56.284, ubuntu22-c, 0.005095
2023-07-18T19:00:56.490, ubuntu22-c, 0.005124
2023-07-18T19:00:56.695, ubuntu22-c, 0.005270
2023-07-18T19:00:56.901, ubuntu22-c, 0.005588
2023-07-18T19:00:57.107, ubuntu22-c, 0.005084
2023-07-18T19:00:57.313, ubuntu22-d, 0.005572
2023-07-18T19:00:57.518, ubuntu22-d, 0.005031
2023-07-18T19:00:57.724, ubuntu22-c, 0.005279
2023-07-18T19:00:57.934, ubuntu22-c, 0.009238
2023-07-18T19:00:58.140, ubuntu22-d, 0.006082
2023-07-18T19:00:58.346, ubuntu22-d, 0.005174
2023-07-18T19:00:58.551, ubuntu22-d, 0.004805
2023-07-18T19:00:58.762, ubuntu22-d, 0.010520
2023-07-18T19:00:58.968, ubuntu22-d, 0.005594
2023-07-18T19:00:59.173, ubuntu22-d, 0.005370
2023-07-18T19:00:59.379, ubuntu22-d, 0.004818
2023-07-18T19:00:59.585, ubuntu22-d, 0.005612
2023-07-18T19:00:59.790, ubuntu22-d, 0.005081
2023-07-18T19:00:59.995, ubuntu22-d, 0.005103
2023-07-18T19:01:00.201, ubuntu22-d, 0.004989
2023-07-18T19:01:00.407, ubuntu22-d, 0.005033
2023-07-18T19:01:00.612, ubuntu22-d, 0.005169
2023-07-18T19:01:00.818, ubuntu22-d, 0.005119
2023-07-18T19:01:01.024, ubuntu22-d, 0.005962
2023-07-18T19:01:01.230, ubuntu22-d, 0.005239
2023-07-18T19:01:01.435, ubuntu22-d, 0.004895
2023-07-18T19:01:01.641, ubuntu22-d, 0.005497
2023-07-18T19:01:01.846, ubuntu22-d, 0.004830
2023-07-18T19:01:02.052, ubuntu22-d, 0.005009
2023-07-18T19:01:02.257, ubuntu22-d, 0.004978
2023-07-18T19:01:02.462, ubuntu22-d, 0.004676
2023-07-18T19:01:02.667, ubuntu22-d, 0.004797
2023-07-18T19:01:02.872, ubuntu22-d, 0.004709
2023-07-18T19:01:03.078, ubuntu22-d, 0.004837
2023-07-18T19:01:03.283, ubuntu22-d, 0.004651
2023-07-18T19:01:03.488, ubuntu22-d, 0.005066
2023-07-18T19:01:03.693, ubuntu22-d, 0.004963
2023-07-18T19:01:03.898, ubuntu22-d, 0.004708
2023-07-18T19:01:04.104, ubuntu22-d, 0.004949
2023-07-18T19:01:04.309, ubuntu22-d, 0.004810
2023-07-18T19:01:04.514, ubuntu22-d, 0.004767
2023-07-18T19:01:04.719, ubuntu22-d, 0.004675
2023-07-18T19:01:04.925, ubuntu22-d, 0.004935
2023-07-18T19:01:05.130, ubuntu22-d, 0.004812
2023-07-18T19:01:05.335, ubuntu22-d, 0.004614
2023-07-18T19:01:05.540, ubuntu22-d, 0.004731
2023-07-18T19:01:05.745, ubuntu22-d, 0.004834
2023-07-18T19:01:05.954, ubuntu22-d, 0.008214
2023-07-18T19:01:06.160, ubuntu22-d, 0.005160
2023-07-18T19:01:06.365, ubuntu22-d, 0.005121
2023-07-18T19:01:06.570, ubuntu22-d, 0.004725
2023-07-18T19:01:06.778, ubuntu22-d, 0.005225
2023-07-18T19:01:06.984, ubuntu22-d, 0.005039
2023-07-18T19:01:07.189, ubuntu22-d, 0.005043
2023-07-18T19:01:07.394, ubuntu22-d, 0.004839
2023-07-18T19:01:07.599, ubuntu22-d, 0.004944
2023-07-18T19:01:07.806, ubuntu22-d, 0.005874
2023-07-18T19:01:08.011, ubuntu22-d, 0.005065
2023-07-18T19:01:08.217, ubuntu22-d, 0.004973
2023-07-18T19:01:08.423, ubuntu22-b, 0.005565
2023-07-18T19:01:08.628, ubuntu22-b, 0.004769
2023-07-18T19:01:08.833, ubuntu22-d, 0.005046
2023-07-18T19:01:09.039, ubuntu22-b, 0.004981
2023-07-18T19:01:09.243, , 
2023-07-18T19:01:09.448, ubuntu22-b, 0.005055
2023-07-18T19:01:09.654, ubuntu22-b, 0.005448
2023-07-18T19:01:09.860, ubuntu22-b, 0.004998
2023-07-18T19:01:10.065, ubuntu22-b, 0.004827
2023-07-18T19:01:10.276, ubuntu22-b, 0.010433
2023-07-18T19:01:10.484, ubuntu22-b, 0.007470
2023-07-18T19:01:10.689, ubuntu22-b, 0.004757
2023-07-18T19:01:10.897, ubuntu22-b, 0.007977
2023-07-18T19:01:11.103, ubuntu22-b, 0.005198
2023-07-18T19:01:11.308, ubuntu22-b, 0.005301
2023-07-18T19:01:11.514, ubuntu22-b, 0.005126
2023-07-18T19:01:11.719, ubuntu22-b, 0.004750
2023-07-18T19:01:11.925, ubuntu22-b, 0.005377
2023-07-18T19:01:12.134, ubuntu22-b, 0.008393
2023-07-18T19:01:12.339, ubuntu22-b, 0.004877
2023-07-18T19:01:12.544, ubuntu22-b, 0.004973
2023-07-18T19:01:12.750, ubuntu22-b, 0.005692
2023-07-18T19:01:12.956, ubuntu22-b, 0.004815
2023-07-18T19:01:13.161, ubuntu22-b, 0.004865
2023-07-18T19:01:13.367, ubuntu22-b, 0.005438
2023-07-18T19:01:13.573, ubuntu22-b, 0.005703
2023-07-18T19:01:13.778, ubuntu22-b, 0.004722
2023-07-18T19:01:13.984, ubuntu22-b, 0.004910
2023-07-18T19:01:14.189, ubuntu22-b, 0.004786
2023-07-18T19:01:14.394, ubuntu22-b, 0.004884
2023-07-18T19:01:14.600, ubuntu22-c, 0.005284
2023-07-18T19:01:14.805, ubuntu22-c, 0.004905
2023-07-18T19:01:15.011, ubuntu22-c, 0.004937
2023-07-18T19:01:15.216, ubuntu22-b, 0.004890
2023-07-18T19:01:15.421, ubuntu22-c, 0.005022
2023-07-18T19:01:15.627, ubuntu22-c, 0.004922
2023-07-18T19:01:15.832, ubuntu22-c, 0.004635
2023-07-18T19:01:16.037, ubuntu22-c, 0.004827
2023-07-18T19:01:16.264, , 
2023-07-18T19:01:16.469, ubuntu22-c, 0.005101
2023-07-18T19:01:16.675, ubuntu22-c, 0.005456
2023-07-18T19:01:16.882, ubuntu22-c, 0.006056
2023-07-18T19:01:17.090, ubuntu22-c, 0.007220
2023-07-18T19:01:17.297, ubuntu22-c, 0.005702
2023-07-18T19:01:17.503, ubuntu22-c, 0.006043
2023-07-18T19:01:17.710, ubuntu22-c, 0.006190
2023-07-18T19:01:17.916, ubuntu22-c, 0.006145
2023-07-18T19:01:18.122, ubuntu22-c, 0.005275
2023-07-18T19:01:18.328, ubuntu22-c, 0.005257
2023-07-18T19:01:18.533, ubuntu22-c, 0.005014
2023-07-18T19:01:18.739, ubuntu22-c, 0.005662
2023-07-18T19:01:18.946, ubuntu22-c, 0.006223
2023-07-18T19:01:19.151, ubuntu22-c, 0.005218
2023-07-18T19:01:19.356, ubuntu22-c, 0.004905
2023-07-18T19:01:19.562, ubuntu22-c, 0.004884
2023-07-18T19:01:19.767, ubuntu22-c, 0.005097
2023-07-18T19:01:19.973, ubuntu22-c, 0.004971
2023-07-18T19:01:20.178, ubuntu22-c, 0.005102
2023-07-18T19:01:20.384, ubuntu22-c, 0.005090
2023-07-18T19:01:20.589, ubuntu22-c, 0.004970
2023-07-18T19:01:20.794, ubuntu22-c, 0.004799
2023-07-18T19:01:21.003, ubuntu22-c, 0.007910
2023-07-18T19:01:21.208, ubuntu22-c, 0.004814
2023-07-18T19:01:21.413, ubuntu22-c, 0.004921
2023-07-18T19:01:21.620, ubuntu22-c, 0.006582
2023-07-18T19:01:21.825, ubuntu22-c, 0.004815
2023-07-18T19:01:22.031, ubuntu22-c, 0.004847
2023-07-18T19:01:22.236, ubuntu22-c, 0.005272
2023-07-18T19:01:22.447, ubuntu22-c, 0.005921
2023-07-18T19:01:22.652, ubuntu22-c, 0.004864
2023-07-18T19:01:22.858, ubuntu22-c, 0.004859
2023-07-18T19:01:23.063, ubuntu22-c, 0.004851
2023-07-18T19:01:23.268, ubuntu22-c, 0.004705
2023-07-18T19:01:23.473, ubuntu22-c, 0.005173
2023-07-18T19:01:23.679, ubuntu22-c, 0.005065
2023-07-18T19:01:23.884, ubuntu22-c, 0.004894
2023-07-18T19:01:24.090, ubuntu22-c, 0.005133
2023-07-18T19:01:24.295, ubuntu22-c, 0.004791
2023-07-18T19:01:24.500, ubuntu22-c, 0.004861
2023-07-18T19:01:24.705, ubuntu22-c, 0.004896
2023-07-18T19:01:24.910, ubuntu22-c, 0.004796
2023-07-18T19:01:25.116, ubuntu22-b, 0.005536
2023-07-18T19:01:25.322, ubuntu22-c, 0.004976
2023-07-18T19:01:25.527, ubuntu22-b, 0.004742
2023-07-18T19:01:25.732, ubuntu22-c, 0.005096
2023-07-18T19:01:25.938, ubuntu22-c, 0.005303
2023-07-18T19:01:26.143, ubuntu22-b, 0.005188
2023-07-18T19:01:26.352, ubuntu22-b, 0.008066
2023-07-18T19:01:26.563, ubuntu22-b, 0.010965
2023-07-18T19:01:26.768, ubuntu22-b, 0.004997
2023-07-18T19:01:26.974, ubuntu22-b, 0.004868
2023-07-18T19:01:27.179, ubuntu22-b, 0.005019
2023-07-18T19:01:27.384, ubuntu22-b, 0.004821
2023-07-18T19:01:27.589, ubuntu22-b, 0.004734
2023-07-18T19:01:27.795, ubuntu22-b, 0.005074
2023-07-18T19:01:28.000, ubuntu22-b, 0.005053
2023-07-18T19:01:28.206, ubuntu22-b, 0.005018
2023-07-18T19:01:28.411, ubuntu22-b, 0.004870
2023-07-18T19:01:28.625, ubuntu22-b, 0.013569
2023-07-18T19:01:28.830, ubuntu22-b, 0.004928
2023-07-18T19:01:29.035, ubuntu22-b, 0.004966
2023-07-18T19:01:29.241, ubuntu22-b, 0.005132
2023-07-18T19:01:29.446, ubuntu22-b, 0.005382
2023-07-18T19:01:29.654, ubuntu22-b, 0.007370
2023-07-18T19:01:29.865, ubuntu22-b, 0.010457
2023-07-18T19:01:30.071, ubuntu22-b, 0.005154
2023-07-18T19:01:30.276, ubuntu22-b, 0.004733
2023-07-18T19:01:30.482, ubuntu22-b, 0.005481
2023-07-18T19:01:30.687, ubuntu22-b, 0.004720
2023-07-18T19:01:30.892, ubuntu22-b, 0.004774
2023-07-18T19:01:31.097, ubuntu22-b, 0.005208
2023-07-18T19:01:31.303, ubuntu22-b, 0.004950
2023-07-18T19:01:31.508, ubuntu22-b, 0.005008
2023-07-18T19:01:31.714, ubuntu22-b, 0.005231
2023-07-18T19:01:31.919, ubuntu22-b, 0.005047
2023-07-18T19:01:32.124, ubuntu22-b, 0.004973
2023-07-18T19:01:32.330, ubuntu22-d, 0.005322
2023-07-18T19:01:32.535, ubuntu22-d, 0.004789
2023-07-18T19:01:32.740, ubuntu22-d, 0.004864
2023-07-18T19:01:32.946, ubuntu22-d, 0.005029
2023-07-18T19:01:33.150, , 
2023-07-18T19:01:33.355, ubuntu22-d, 0.005051
2023-07-18T19:01:33.561, ubuntu22-d, 0.004994
2023-07-18T19:01:33.766, ubuntu22-d, 0.004687
2023-07-18T19:01:33.971, ubuntu22-d, 0.004794
2023-07-18T19:01:34.176, ubuntu22-d, 0.004904
2023-07-18T19:01:34.382, ubuntu22-d, 0.005023
2023-07-18T19:01:34.587, ubuntu22-d, 0.004725
2023-07-18T19:01:34.792, ubuntu22-d, 0.004772
2023-07-18T19:01:34.997, ubuntu22-d, 0.005018
2023-07-18T19:01:35.204, ubuntu22-d, 0.006865
2023-07-18T19:01:35.415, ubuntu22-d, 0.010134
2023-07-18T19:01:35.620, ubuntu22-d, 0.004768
2023-07-18T19:01:35.825, ubuntu22-d, 0.004927
2023-07-18T19:01:36.030, ubuntu22-d, 0.004854
2023-07-18T19:01:36.238, ubuntu22-d, 0.007607
2023-07-18T19:01:36.444, ubuntu22-d, 0.004807
2023-07-18T19:01:36.649, ubuntu22-d, 0.005071
2023-07-18T19:01:36.855, ubuntu22-d, 0.005585
2023-07-18T19:01:37.061, ubuntu22-d, 0.005105
2023-07-18T19:01:37.266, ubuntu22-d, 0.005009
2023-07-18T19:01:37.473, ubuntu22-d, 0.006325
2023-07-18T19:01:37.678, ubuntu22-d, 0.005104
2023-07-18T19:01:37.883, ubuntu22-d, 0.004959
2023-07-18T19:01:38.094, ubuntu22-d, 0.009481
2023-07-18T19:01:38.299, ubuntu22-d, 0.005305
2023-07-18T19:01:38.505, ubuntu22-d, 0.004923
2023-07-18T19:01:38.717, ubuntu22-d, 0.011220
2023-07-18T19:01:38.922, ubuntu22-d, 0.004843
2023-07-18T19:01:39.128, ubuntu22-d, 0.004961
2023-07-18T19:01:39.333, ubuntu22-d, 0.005233
2023-07-18T19:01:39.539, ubuntu22-d, 0.004944
2023-07-18T19:01:39.744, ubuntu22-d, 0.005234
2023-07-18T19:01:39.950, ubuntu22-d, 0.004915
2023-07-18T19:01:40.155, ubuntu22-d, 0.005021
2023-07-18T19:01:40.360, ubuntu22-d, 0.004974
2023-07-18T19:01:40.566, ubuntu22-d, 0.004963
2023-07-18T19:01:40.772, ubuntu22-d, 0.006068
2023-07-18T19:01:40.977, ubuntu22-d, 0.004841
2023-07-18T19:01:41.183, ubuntu22-d, 0.005182
2023-07-18T19:01:41.388, ubuntu22-d, 0.004877
2023-07-18T19:01:41.593, ubuntu22-d, 0.004908
2023-07-18T19:01:41.798, ubuntu22-d, 0.004628
2023-07-18T19:01:42.004, ubuntu22-d, 0.005640
2023-07-18T19:01:42.210, ubuntu22-b, 0.005521
2023-07-18T19:01:42.416, ubuntu22-d, 0.004750
2023-07-18T19:01:42.621, ubuntu22-d, 0.004654
2023-07-18T19:01:42.826, ubuntu22-b, 0.004796
2023-07-18T19:01:43.031, ubuntu22-d, 0.004830
2023-07-18T19:01:43.236, ubuntu22-b, 0.004975
2023-07-18T19:01:43.442, ubuntu22-b, 0.004873
2023-07-18T19:01:43.664, ubuntu22-b, 0.021754
2023-07-18T19:01:43.896, ubuntu22-b, 0.031300
2023-07-18T19:01:44.116, ubuntu22-b, 0.020081
2023-07-18T19:01:44.324, ubuntu22-b, 0.007420
2023-07-18T19:01:44.532, ubuntu22-b, 0.007698
2023-07-18T19:01:44.740, ubuntu22-b, 0.007828
2023-07-18T19:01:44.945, ubuntu22-b, 0.004939
2023-07-18T19:01:45.150, ubuntu22-b, 0.004934
2023-07-18T19:01:45.356, ubuntu22-b, 0.005039
2023-07-18T19:01:45.561, ubuntu22-b, 0.004651
2023-07-18T19:01:45.766, ubuntu22-b, 0.004501
2023-07-18T19:01:45.971, ubuntu22-b, 0.005295
2023-07-18T19:01:46.177, ubuntu22-b, 0.004981
2023-07-18T19:01:46.382, ubuntu22-b, 0.004740
2023-07-18T19:01:46.599, ubuntu22-b, 0.016723
2023-07-18T19:01:46.804, ubuntu22-b, 0.005182
2023-07-18T19:01:47.014, ubuntu22-b, 0.008976
2023-07-18T19:01:47.220, ubuntu22-b, 0.005015
2023-07-18T19:01:47.426, ubuntu22-b, 0.005457
2023-07-18T19:01:47.634, ubuntu22-b, 0.007551
2023-07-18T19:01:47.839, ubuntu22-b, 0.005154
2023-07-18T19:01:48.045, ubuntu22-b, 0.005175
2023-07-18T19:01:48.250, ubuntu22-b, 0.005101
2023-07-18T19:01:48.456, ubuntu22-b, 0.005107
2023-07-18T19:01:48.662, ubuntu22-b, 0.005423
2023-07-18T19:01:48.868, ubuntu22-b, 0.005961
2023-07-18T19:01:49.075, ubuntu22-b, 0.005796
2023-07-18T19:01:49.281, ubuntu22-b, 0.005874
2023-07-18T19:01:49.487, ubuntu22-b, 0.005234
2023-07-18T19:01:49.693, ubuntu22-b, 0.005234
2023-07-18T19:01:49.898, ubuntu22-b, 0.005037
2023-07-18T19:01:50.104, ubuntu22-b, 0.005251
2023-07-18T19:01:50.310, ubuntu22-b, 0.006026
2023-07-18T19:01:50.516, ubuntu22-b, 0.005279
2023-07-18T19:01:50.722, ubuntu22-b, 0.005135
2023-07-18T19:01:50.927, ubuntu22-b, 0.005035
2023-07-18T19:01:51.133, ubuntu22-b, 0.005322
2023-07-18T19:01:51.344, ubuntu22-b, 0.009606
2023-07-18T19:01:51.549, ubuntu22-b, 0.005069
2023-07-18T19:01:51.755, ubuntu22-c, 0.005468
2023-07-18T19:01:51.961, ubuntu22-c, 0.005125
2023-07-18T19:01:52.166, ubuntu22-b, 0.005389
2023-07-18T19:01:52.372, ubuntu22-b, 0.005625
2023-07-18T19:01:52.578, ubuntu22-b, 0.005595
2023-07-18T19:01:52.784, ubuntu22-b, 0.005463
2023-07-18T19:01:52.989, ubuntu22-b, 0.004701
2023-07-18T19:01:53.195, ubuntu22-c, 0.005395
2023-07-18T19:01:53.405, ubuntu22-c, 0.009493
2023-07-18T19:01:53.610, ubuntu22-c, 0.004987
2023-07-18T19:01:53.816, ubuntu22-c, 0.005107
2023-07-18T19:01:54.021, ubuntu22-c, 0.004668
2023-07-18T19:01:54.227, ubuntu22-c, 0.005823
2023-07-18T19:01:54.433, ubuntu22-c, 0.004980
2023-07-18T19:01:54.638, ubuntu22-c, 0.004957
2023-07-18T19:01:54.844, ubuntu22-c, 0.006061
2023-07-18T19:01:55.050, ubuntu22-c, 0.005239
2023-07-18T19:01:55.255, ubuntu22-c, 0.004637
2023-07-18T19:01:55.461, ubuntu22-c, 0.005156
2023-07-18T19:01:55.666, ubuntu22-c, 0.004775
2023-07-18T19:01:55.871, ubuntu22-c, 0.004679
2023-07-18T19:01:56.076, ubuntu22-c, 0.005320
2023-07-18T19:01:56.282, ubuntu22-c, 0.004806
2023-07-18T19:01:56.487, ubuntu22-c, 0.004714
2023-07-18T19:01:56.696, ubuntu22-c, 0.008655
2023-07-18T19:01:56.901, ubuntu22-c, 0.004797
2023-07-18T19:01:57.106, ubuntu22-c, 0.004879
2023-07-18T19:01:57.311, ubuntu22-c, 0.004744
2023-07-18T19:01:57.516, ubuntu22-c, 0.004776
2023-07-18T19:01:57.722, ubuntu22-c, 0.005050
2023-07-18T19:01:57.936, ubuntu22-c, 0.014125
2023-07-18T19:01:58.142, ubuntu22-c, 0.005120
2023-07-18T19:01:58.347, ubuntu22-c, 0.004848
2023-07-18T19:01:58.552, ubuntu22-c, 0.004832
2023-07-18T19:01:58.758, ubuntu22-c, 0.005044
2023-07-18T19:01:58.963, ubuntu22-c, 0.005053
2023-07-18T19:01:59.168, ubuntu22-c, 0.004806
2023-07-18T19:01:59.373, ubuntu22-c, 0.004928
2023-07-18T19:01:59.578, ubuntu22-c, 0.004585
2023-07-18T19:01:59.784, ubuntu22-c, 0.004905
2023-07-18T19:01:59.989, ubuntu22-c, 0.004625
2023-07-18T19:02:00.194, ubuntu22-c, 0.004647
2023-07-18T19:02:00.407, ubuntu22-d, 0.013419
2023-07-18T19:02:00.613, ubuntu22-c, 0.004688
2023-07-18T19:02:00.818, ubuntu22-c, 0.004650
2023-07-18T19:02:01.023, ubuntu22-d, 0.004873
2023-07-18T19:02:01.228, ubuntu22-c, 0.004912
2023-07-18T19:02:01.434, ubuntu22-d, 0.005167
2023-07-18T19:02:01.639, ubuntu22-d, 0.005001
2023-07-18T19:02:01.844, ubuntu22-d, 0.004790
2023-07-18T19:02:02.049, ubuntu22-d, 0.004918
2023-07-18T19:02:02.255, ubuntu22-d, 0.004960
2023-07-18T19:02:02.462, ubuntu22-d, 0.006699
2023-07-18T19:02:02.668, ubuntu22-d, 0.005548
2023-07-18T19:02:02.873, ubuntu22-d, 0.005028
2023-07-18T19:02:03.078, ubuntu22-d, 0.004827
2023-07-18T19:02:03.284, ubuntu22-d, 0.004835
2023-07-18T19:02:03.489, ubuntu22-d, 0.004845
2023-07-18T19:02:03.694, ubuntu22-d, 0.004919
2023-07-18T19:02:03.903, ubuntu22-d, 0.008915
2023-07-18T19:02:04.109, ubuntu22-d, 0.004830
2023-07-18T19:02:04.317, ubuntu22-d, 0.007692
2023-07-18T19:02:04.523, ubuntu22-d, 0.005188
2023-07-18T19:02:04.728, ubuntu22-d, 0.005068
2023-07-18T19:02:04.934, ubuntu22-d, 0.005067
2023-07-18T19:02:05.139, ubuntu22-d, 0.004814
2023-07-18T19:02:05.344, ubuntu22-d, 0.004890
2023-07-18T19:02:05.550, ubuntu22-d, 0.005565
2023-07-18T19:02:05.756, ubuntu22-d, 0.004935
2023-07-18T19:02:05.961, ubuntu22-d, 0.004988
2023-07-18T19:02:06.169, ubuntu22-d, 0.007930
2023-07-18T19:02:06.375, ubuntu22-d, 0.004983
2023-07-18T19:02:06.581, ubuntu22-d, 0.005659
2023-07-18T19:02:06.787, ubuntu22-d, 0.005203
2023-07-18T19:02:06.992, ubuntu22-d, 0.005023
2023-07-18T19:02:07.202, ubuntu22-d, 0.009031
2023-07-18T19:02:07.407, ubuntu22-d, 0.004765
2023-07-18T19:02:07.613, ubuntu22-c, 0.005631
2023-07-18T19:02:07.818, ubuntu22-d, 0.004909
2023-07-18T19:02:08.023, ubuntu22-c, 0.004922
2023-07-18T19:02:08.228, ubuntu22-d, 0.005044
2023-07-18T19:02:08.434, ubuntu22-d, 0.005206
2023-07-18T19:02:08.640, ubuntu22-d, 0.005637
2023-07-18T19:02:08.848, ubuntu22-d, 0.007571
2023-07-18T19:02:09.060, ubuntu22-c, 0.011088
2023-07-18T19:02:09.267, ubuntu22-c, 0.006573
2023-07-18T19:02:09.473, ubuntu22-c, 0.006023
2023-07-18T19:02:09.678, ubuntu22-c, 0.004840
2023-07-18T19:02:09.884, ubuntu22-c, 0.004894
2023-07-18T19:02:10.089, ubuntu22-c, 0.005138
2023-07-18T19:02:10.294, ubuntu22-c, 0.004861
2023-07-18T19:02:10.500, ubuntu22-c, 0.004795
2023-07-18T19:02:10.705, ubuntu22-c, 0.004729
2023-07-18T19:02:10.910, ubuntu22-c, 0.004727
2023-07-18T19:02:11.115, ubuntu22-c, 0.004743
2023-07-18T19:02:11.330, ubuntu22-c, 0.014305
2023-07-18T19:02:11.536, ubuntu22-c, 0.005963
2023-07-18T19:02:11.741, ubuntu22-c, 0.004990
2023-07-18T19:02:11.947, ubuntu22-c, 0.004944
2023-07-18T19:02:12.152, ubuntu22-c, 0.005111
2023-07-18T19:02:12.357, ubuntu22-c, 0.004911
2023-07-18T19:02:12.563, ubuntu22-c, 0.004821
2023-07-18T19:02:12.768, ubuntu22-c, 0.004878
2023-07-18T19:02:12.973, ubuntu22-c, 0.004991
2023-07-18T19:02:13.179, ubuntu22-c, 0.005015
2023-07-18T19:02:13.384, ubuntu22-c, 0.005067
2023-07-18T19:02:13.589, ubuntu22-c, 0.004938
2023-07-18T19:02:13.796, ubuntu22-c, 0.005788
2023-07-18T19:02:14.001, ubuntu22-c, 0.005330
2023-07-18T19:02:14.208, ubuntu22-c, 0.006005
2023-07-18T19:02:14.413, ubuntu22-c, 0.005018
2023-07-18T19:02:14.619, ubuntu22-c, 0.004927
2023-07-18T19:02:14.824, ubuntu22-c, 0.004884
2023-07-18T19:02:15.029, ubuntu22-c, 0.004964
2023-07-18T19:02:15.234, ubuntu22-c, 0.004750
2023-07-18T19:02:15.440, ubuntu22-c, 0.004997
2023-07-18T19:02:15.645, ubuntu22-c, 0.004684
2023-07-18T19:02:15.850, ubuntu22-c, 0.005100
2023-07-18T19:02:16.055, ubuntu22-c, 0.004943
2023-07-18T19:02:16.261, ubuntu22-c, 0.004842
2023-07-18T19:02:16.466, ubuntu22-c, 0.004956
2023-07-18T19:02:16.673, ubuntu22-c, 0.006343
2023-07-18T19:02:16.878, ubuntu22-c, 0.004949
2023-07-18T19:02:17.083, ubuntu22-c, 0.005005
2023-07-18T19:02:17.288, ubuntu22-c, 0.004896
2023-07-18T19:02:17.498, ubuntu22-c, 0.009195
2023-07-18T19:02:17.710, ubuntu22-b, 0.011705
2023-07-18T19:02:17.916, ubuntu22-b, 0.004895
2023-07-18T19:02:18.121, ubuntu22-c, 0.004767
2023-07-18T19:02:18.326, ubuntu22-c, 0.004767
2023-07-18T19:02:18.531, ubuntu22-c, 0.004681
2023-07-18T19:02:18.737, ubuntu22-b, 0.005958
2023-07-18T19:02:18.943, ubuntu22-b, 0.005119
2023-07-18T19:02:19.149, ubuntu22-b, 0.005433
2023-07-18T19:02:19.354, ubuntu22-b, 0.005087
2023-07-18T19:02:19.559, ubuntu22-b, 0.004979
2023-07-18T19:02:19.770, ubuntu22-b, 0.009992
2023-07-18T19:02:19.979, ubuntu22-b, 0.008565
2023-07-18T19:02:20.192, ubuntu22-b, 0.012404
2023-07-18T19:02:20.399, ubuntu22-b, 0.007058
2023-07-18T19:02:20.606, ubuntu22-b, 0.006876
2023-07-18T19:02:20.814, ubuntu22-b, 0.004960
2023-07-18T19:02:21.020, ubuntu22-b, 0.004776
2023-07-18T19:02:21.225, ubuntu22-b, 0.005289
2023-07-18T19:02:21.434, ubuntu22-b, 0.008497
2023-07-18T19:02:21.639, ubuntu22-b, 0.004915
2023-07-18T19:02:21.847, ubuntu22-b, 0.007520
2023-07-18T19:02:22.053, ubuntu22-b, 0.005123
2023-07-18T19:02:22.258, ubuntu22-b, 0.004755
2023-07-18T19:02:22.464, ubuntu22-b, 0.006192
2023-07-18T19:02:22.670, ubuntu22-b, 0.004981
2023-07-18T19:02:22.875, ubuntu22-b, 0.004740
2023-07-18T19:02:23.080, ubuntu22-b, 0.004688
2023-07-18T19:02:23.285, ubuntu22-b, 0.005062
2023-07-18T19:02:23.496, ubuntu22-b, 0.010238
2023-07-18T19:02:23.701, ubuntu22-b, 0.004995
2023-07-18T19:02:23.907, ubuntu22-b, 0.004721
2023-07-18T19:02:24.112, ubuntu22-b, 0.004820
2023-07-18T19:02:24.317, ubuntu22-b, 0.004966
2023-07-18T19:02:24.522, ubuntu22-b, 0.004687
2023-07-18T19:02:24.728, ubuntu22-b, 0.005234
2023-07-18T19:02:24.933, ubuntu22-b, 0.004809
2023-07-18T19:02:25.139, ubuntu22-b, 0.004863
2023-07-18T19:02:25.344, ubuntu22-d, 0.005119
2023-07-18T19:02:25.550, ubuntu22-b, 0.005198
2023-07-18T19:02:25.755, ubuntu22-b, 0.005052
2023-07-18T19:02:25.960, ubuntu22-d, 0.004786
2023-07-18T19:02:26.166, ubuntu22-b, 0.005053
2023-07-18T19:02:26.375, ubuntu22-d, 0.008220
2023-07-18T19:02:26.581, ubuntu22-b, 0.006176
2023-07-18T19:02:26.787, ubuntu22-d, 0.005018
2023-07-18T19:02:27.008, , 
2023-07-18T19:02:27.213, ubuntu22-d, 0.005300
2023-07-18T19:02:27.419, ubuntu22-d, 0.005154
2023-07-18T19:02:27.624, ubuntu22-d, 0.004953
2023-07-18T19:02:27.830, ubuntu22-d, 0.005166
2023-07-18T19:02:28.035, ubuntu22-d, 0.004948
2023-07-18T19:02:28.241, ubuntu22-d, 0.005032
2023-07-18T19:02:28.448, ubuntu22-d, 0.006845
2023-07-18T19:02:28.653, ubuntu22-d, 0.005031
2023-07-18T19:02:28.858, ubuntu22-d, 0.004663
2023-07-18T19:02:29.064, ubuntu22-d, 0.005661
2023-07-18T19:02:29.270, ubuntu22-d, 0.004816
2023-07-18T19:02:29.476, ubuntu22-d, 0.005880
2023-07-18T19:02:29.682, ubuntu22-d, 0.005306
2023-07-18T19:02:29.887, ubuntu22-d, 0.004746
2023-07-18T19:02:30.092, ubuntu22-d, 0.004735
2023-07-18T19:02:30.298, ubuntu22-d, 0.005289
2023-07-18T19:02:30.504, ubuntu22-d, 0.006230
2023-07-18T19:02:30.714, ubuntu22-d, 0.009044
2023-07-18T19:02:30.920, ubuntu22-d, 0.005512
2023-07-18T19:02:31.126, ubuntu22-d, 0.005679
2023-07-18T19:02:31.332, ubuntu22-d, 0.006291
2023-07-18T19:02:31.543, ubuntu22-d, 0.009742
2023-07-18T19:02:31.748, ubuntu22-d, 0.004843
2023-07-18T19:02:31.954, ubuntu22-d, 0.004916
2023-07-18T19:02:32.159, ubuntu22-d, 0.004785
2023-07-18T19:02:32.364, ubuntu22-d, 0.004903
2023-07-18T19:02:32.569, ubuntu22-d, 0.004751
2023-07-18T19:02:32.774, ubuntu22-d, 0.004934
2023-07-18T19:02:32.979, ubuntu22-d, 0.004616
2023-07-18T19:02:33.185, ubuntu22-c, 0.005062
2023-07-18T19:02:33.390, ubuntu22-d, 0.004788
2023-07-18T19:02:33.595, ubuntu22-c, 0.004581
2023-07-18T19:02:33.800, ubuntu22-d, 0.004620
2023-07-18T19:02:34.005, ubuntu22-d, 0.004781
2023-07-18T19:02:34.210, ubuntu22-c, 0.004663
2023-07-18T19:02:34.415, ubuntu22-c, 0.004761
2023-07-18T19:02:34.621, ubuntu22-c, 0.005269
2023-07-18T19:02:34.828, ubuntu22-c, 0.006352
2023-07-18T19:02:35.048, ubuntu22-c, 0.020105
2023-07-18T19:02:35.260, ubuntu22-c, 0.011644
2023-07-18T19:02:35.468, ubuntu22-c, 0.007362
2023-07-18T19:02:35.673, ubuntu22-c, 0.005018
2023-07-18T19:02:35.879, ubuntu22-c, 0.004876
2023-07-18T19:02:36.084, ubuntu22-c, 0.004918
2023-07-18T19:02:36.289, ubuntu22-c, 0.004637
2023-07-18T19:02:36.494, ubuntu22-c, 0.004952
2023-07-18T19:02:36.703, ubuntu22-c, 0.008823
2023-07-18T19:02:36.908, ubuntu22-c, 0.004694
2023-07-18T19:02:37.123, ubuntu22-c, 0.011274
2023-07-18T19:02:37.328, ubuntu22-c, 0.004837
2023-07-18T19:02:37.534, ubuntu22-c, 0.004861
2023-07-18T19:02:37.739, ubuntu22-c, 0.004713
2023-07-18T19:02:37.944, ubuntu22-c, 0.005018
2023-07-18T19:02:38.149, ubuntu22-c, 0.004865
2023-07-18T19:02:38.354, ubuntu22-c, 0.004716
2023-07-18T19:02:38.560, ubuntu22-c, 0.004853
2023-07-18T19:02:38.765, ubuntu22-c, 0.004684
2023-07-18T19:02:38.970, ubuntu22-c, 0.004710
2023-07-18T19:02:39.176, ubuntu22-c, 0.005892
2023-07-18T19:02:39.381, ubuntu22-c, 0.004881
2023-07-18T19:02:39.586, ubuntu22-c, 0.004737
2023-07-18T19:02:39.791, ubuntu22-c, 0.004588
2023-07-18T19:02:39.996, ubuntu22-c, 0.004662
2023-07-18T19:02:40.201, ubuntu22-c, 0.004787
2023-07-18T19:02:40.406, ubuntu22-c, 0.004714
2023-07-18T19:02:40.612, ubuntu22-d, 0.005249
2023-07-18T19:02:40.817, ubuntu22-d, 0.004856
2023-07-18T19:02:41.022, ubuntu22-d, 0.004771
2023-07-18T19:02:41.228, ubuntu22-d, 0.004967
2023-07-18T19:02:41.433, ubuntu22-c, 0.004673
2023-07-18T19:02:41.642, ubuntu22-d, 0.008844
2023-07-18T19:02:41.847, ubuntu22-d, 0.004913
2023-07-18T19:02:42.053, ubuntu22-c, 0.004807
2023-07-18T19:02:42.268, , 
2023-07-18T19:02:42.475, ubuntu22-d, 0.006010
2023-07-18T19:02:42.680, ubuntu22-d, 0.004831
2023-07-18T19:02:42.885, ubuntu22-d, 0.005090
2023-07-18T19:02:43.091, ubuntu22-d, 0.004899
2023-07-18T19:02:43.296, ubuntu22-d, 0.005050
2023-07-18T19:02:43.502, ubuntu22-d, 0.005156
2023-07-18T19:02:43.708, ubuntu22-d, 0.005908
2023-07-18T19:02:43.914, ubuntu22-d, 0.005496
2023-07-18T19:02:44.119, ubuntu22-d, 0.004894
2023-07-18T19:02:44.324, ubuntu22-d, 0.004873
2023-07-18T19:02:44.529, ubuntu22-d, 0.004729
2023-07-18T19:02:44.735, ubuntu22-d, 0.004844
2023-07-18T19:02:44.940, ubuntu22-d, 0.005064
2023-07-18T19:02:45.147, ubuntu22-d, 0.006413
2023-07-18T19:02:45.352, ubuntu22-d, 0.004616
2023-07-18T19:02:45.557, ubuntu22-d, 0.005227
2023-07-18T19:02:45.762, ubuntu22-d, 0.004762
2023-07-18T19:02:45.971, ubuntu22-d, 0.007845
2023-07-18T19:02:46.182, ubuntu22-d, 0.010905
2023-07-18T19:02:46.388, ubuntu22-d, 0.005445
2023-07-18T19:02:46.593, ubuntu22-d, 0.005037
2023-07-18T19:02:46.799, ubuntu22-d, 0.004982
2023-07-18T19:02:47.004, ubuntu22-d, 0.005246
2023-07-18T19:02:47.210, ubuntu22-d, 0.005458
2023-07-18T19:02:47.415, ubuntu22-d, 0.004842
2023-07-18T19:02:47.621, ubuntu22-d, 0.005020
2023-07-18T19:02:47.826, ubuntu22-d, 0.005227
2023-07-18T19:02:48.038, ubuntu22-c, 0.011086
2023-07-18T19:02:48.243, ubuntu22-c, 0.004795
2023-07-18T19:02:48.449, ubuntu22-c, 0.005440
2023-07-18T19:02:48.655, ubuntu22-c, 0.004909
2023-07-18T19:02:48.860, ubuntu22-c, 0.004851
2023-07-18T19:02:49.069, ubuntu22-c, 0.008811
2023-07-18T19:02:49.273, , 
2023-07-18T19:02:49.479, ubuntu22-c, 0.005074
2023-07-18T19:02:49.684, ubuntu22-c, 0.004879
2023-07-18T19:02:49.892, ubuntu22-c, 0.007759
2023-07-18T19:02:50.098, ubuntu22-c, 0.005408
2023-07-18T19:02:50.304, ubuntu22-c, 0.005687
2023-07-18T19:02:50.509, ubuntu22-c, 0.005062
2023-07-18T19:02:50.715, ubuntu22-c, 0.005062
2023-07-18T19:02:50.920, ubuntu22-c, 0.004733
2023-07-18T19:02:51.125, ubuntu22-c, 0.004796
2023-07-18T19:02:51.330, ubuntu22-c, 0.004822
2023-07-18T19:02:51.536, ubuntu22-c, 0.004992
2023-07-18T19:02:51.741, ubuntu22-c, 0.004930
2023-07-18T19:02:51.946, ubuntu22-c, 0.004798
2023-07-18T19:02:52.151, ubuntu22-c, 0.004803
2023-07-18T19:02:52.359, ubuntu22-c, 0.007397
2023-07-18T19:02:52.565, ubuntu22-c, 0.004936
2023-07-18T19:02:52.770, ubuntu22-c, 0.005040
2023-07-18T19:02:52.976, ubuntu22-c, 0.005385
2023-07-18T19:02:53.182, ubuntu22-c, 0.005749
2023-07-18T19:02:53.387, ubuntu22-c, 0.004980
2023-07-18T19:02:53.593, ubuntu22-c, 0.005021
2023-07-18T19:02:53.798, ubuntu22-c, 0.004822
2023-07-18T19:02:54.004, ubuntu22-c, 0.005918
2023-07-18T19:02:54.210, ubuntu22-c, 0.005253
2023-07-18T19:02:54.416, ubuntu22-c, 0.005880
2023-07-18T19:02:54.622, ubuntu22-c, 0.005231
2023-07-18T19:02:54.827, ubuntu22-c, 0.005175
2023-07-18T19:02:55.036, ubuntu22-c, 0.008277
2023-07-18T19:02:55.241, ubuntu22-c, 0.005033
2023-07-18T19:02:55.447, ubuntu22-c, 0.005002
2023-07-18T19:02:55.652, ubuntu22-c, 0.005017
2023-07-18T19:02:55.858, ubuntu22-d, 0.005237
2023-07-18T19:02:56.063, ubuntu22-c, 0.005122
2023-07-18T19:02:56.268, ubuntu22-c, 0.004840
2023-07-18T19:02:56.474, ubuntu22-c, 0.005245
2023-07-18T19:02:56.680, ubuntu22-c, 0.005141
2023-07-18T19:02:56.888, ubuntu22-c, 0.007710
2023-07-18T19:02:57.094, ubuntu22-c, 0.005287
2023-07-18T19:02:57.299, ubuntu22-d, 0.004750
2023-07-18T19:02:57.505, ubuntu22-d, 0.006199
2023-07-18T19:02:57.711, ubuntu22-d, 0.005562
2023-07-18T19:02:57.917, ubuntu22-d, 0.005218
2023-07-18T19:02:58.122, ubuntu22-d, 0.005250
2023-07-18T19:02:58.331, ubuntu22-d, 0.007964
2023-07-18T19:02:58.536, ubuntu22-d, 0.005410
2023-07-18T19:02:58.742, ubuntu22-d, 0.005308
2023-07-18T19:02:58.948, ubuntu22-d, 0.005340
2023-07-18T19:02:59.154, ubuntu22-d, 0.005414
2023-07-18T19:02:59.359, ubuntu22-d, 0.004947
2023-07-18T19:02:59.565, ubuntu22-d, 0.005234
2023-07-18T19:02:59.771, ubuntu22-d, 0.005724
2023-07-18T19:02:59.976, ubuntu22-d, 0.005158
2023-07-18T19:03:00.182, ubuntu22-d, 0.005655
2023-07-18T19:03:00.388, ubuntu22-d, 0.005536
2023-07-18T19:03:00.594, ubuntu22-d, 0.005528
2023-07-18T19:03:00.800, ubuntu22-d, 0.005749
2023-07-18T19:03:01.006, ubuntu22-d, 0.005417
2023-07-18T19:03:01.211, ubuntu22-d, 0.004737
2023-07-18T19:03:01.417, ubuntu22-d, 0.004965
2023-07-18T19:03:01.623, ubuntu22-d, 0.005749
2023-07-18T19:03:01.828, ubuntu22-d, 0.005275
2023-07-18T19:03:02.034, ubuntu22-d, 0.005335
2023-07-18T19:03:02.240, ubuntu22-d, 0.005353
2023-07-18T19:03:02.446, ubuntu22-d, 0.005408
2023-07-18T19:03:02.651, ubuntu22-d, 0.004641
2023-07-18T19:03:02.856, ubuntu22-d, 0.005390
2023-07-18T19:03:03.062, ubuntu22-d, 0.005422
2023-07-18T19:03:03.268, ubuntu22-d, 0.005239
2023-07-18T19:03:03.474, ubuntu22-d, 0.005296
2023-07-18T19:03:03.679, ubuntu22-d, 0.005466
2023-07-18T19:03:03.885, ubuntu22-d, 0.005412
2023-07-18T19:03:04.091, ubuntu22-d, 0.005495
2023-07-18T19:03:04.297, ubuntu22-d, 0.005328
2023-07-18T19:03:04.502, ubuntu22-d, 0.005232
2023-07-18T19:03:04.707, ubuntu22-d, 0.004754
2023-07-18T19:03:04.913, ubuntu22-d, 0.005475
2023-07-18T19:03:05.119, ubuntu22-d, 0.005135
2023-07-18T19:03:05.324, ubuntu22-d, 0.005235
2023-07-18T19:03:05.530, ubuntu22-d, 0.005197
2023-07-18T19:03:05.739, ubuntu22-d, 0.008572
2023-07-18T19:03:05.945, ubuntu22-d, 0.005013
2023-07-18T19:03:06.154, ubuntu22-d, 0.008717
2023-07-18T19:03:06.359, ubuntu22-d, 0.004902
2023-07-18T19:03:06.564, ubuntu22-d, 0.004951
2023-07-18T19:03:06.770, ubuntu22-d, 0.005083
2023-07-18T19:03:06.978, ubuntu22-d, 0.007727
2023-07-18T19:03:07.183, , 
2023-07-18T19:03:07.389, ubuntu22-b, 0.005136
2023-07-18T19:03:07.594, ubuntu22-b, 0.004836
2023-07-18T19:03:07.802, ubuntu22-b, 0.008237
2023-07-18T19:03:08.008, ubuntu22-b, 0.004887
2023-07-18T19:03:08.224, ubuntu22-b, 0.015684
2023-07-18T19:03:08.439, ubuntu22-b, 0.014712
2023-07-18T19:03:08.644, ubuntu22-b, 0.005041
2023-07-18T19:03:08.849, ubuntu22-b, 0.004666
2023-07-18T19:03:09.055, ubuntu22-b, 0.005003
2023-07-18T19:03:09.260, ubuntu22-b, 0.004637
2023-07-18T19:03:09.465, ubuntu22-b, 0.004896
2023-07-18T19:03:09.671, ubuntu22-b, 0.005175
2023-07-18T19:03:09.876, ubuntu22-b, 0.004805
2023-07-18T19:03:10.081, ubuntu22-b, 0.004741
2023-07-18T19:03:10.286, ubuntu22-b, 0.004850
2023-07-18T19:03:10.492, ubuntu22-b, 0.005033
2023-07-18T19:03:10.697, ubuntu22-b, 0.004968
2023-07-18T19:03:10.904, ubuntu22-b, 0.005996
2023-07-18T19:03:11.109, ubuntu22-b, 0.004730
2023-07-18T19:03:11.314, ubuntu22-b, 0.005112
2023-07-18T19:03:11.522, ubuntu22-b, 0.008154
2023-07-18T19:03:11.727, ubuntu22-b, 0.004606
2023-07-18T19:03:11.933, ubuntu22-b, 0.005189
2023-07-18T19:03:12.138, ubuntu22-b, 0.005399
2023-07-18T19:03:12.344, ubuntu22-b, 0.005063
2023-07-18T19:03:12.550, ubuntu22-b, 0.005824
2023-07-18T19:03:12.756, ubuntu22-b, 0.004784
2023-07-18T19:03:12.961, ubuntu22-b, 0.004762
2023-07-18T19:03:13.166, ubuntu22-b, 0.004843
2023-07-18T19:03:13.371, ubuntu22-b, 0.004703
2023-07-18T19:03:13.576, ubuntu22-b, 0.004475
2023-07-18T19:03:13.781, ubuntu22-b, 0.004359
2023-07-18T19:03:13.986, ubuntu22-b, 0.004908
2023-07-18T19:03:14.192, ubuntu22-b, 0.005592
2023-07-18T19:03:14.397, ubuntu22-b, 0.004571
2023-07-18T19:03:14.603, ubuntu22-c, 0.005102
2023-07-18T19:03:14.808, ubuntu22-c, 0.004586
2023-07-18T19:03:15.013, ubuntu22-c, 0.005414
2023-07-18T19:03:15.228, ubuntu22-c, 0.014746
2023-07-18T19:03:15.433, ubuntu22-c, 0.004637
2023-07-18T19:03:15.638, ubuntu22-c, 0.004543
2023-07-18T19:03:15.844, ubuntu22-c, 0.004830
2023-07-18T19:03:16.049, ubuntu22-c, 0.004854
2023-07-18T19:03:16.255, ubuntu22-c, 0.005593
2023-07-18T19:03:16.460, ubuntu22-c, 0.004750
2023-07-18T19:03:16.665, ubuntu22-c, 0.004749
2023-07-18T19:03:16.870, ubuntu22-c, 0.004853
2023-07-18T19:03:17.076, ubuntu22-c, 0.004806
2023-07-18T19:03:17.281, ubuntu22-c, 0.004930
2023-07-18T19:03:17.487, ubuntu22-c, 0.005774
2023-07-18T19:03:17.693, ubuntu22-c, 0.005022
2023-07-18T19:03:17.898, ubuntu22-c, 0.005101
2023-07-18T19:03:18.104, ubuntu22-c, 0.005391
2023-07-18T19:03:18.309, ubuntu22-c, 0.005062
2023-07-18T19:03:18.514, ubuntu22-c, 0.004876
2023-07-18T19:03:18.722, ubuntu22-c, 0.007364
2023-07-18T19:03:18.931, ubuntu22-c, 0.007902
2023-07-18T19:03:19.136, ubuntu22-c, 0.005293
2023-07-18T19:03:19.342, ubuntu22-c, 0.005139
2023-07-18T19:03:19.548, ubuntu22-c, 0.005274
2023-07-18T19:03:19.753, ubuntu22-c, 0.005221
2023-07-18T19:03:19.959, ubuntu22-c, 0.005204
2023-07-18T19:03:20.165, ubuntu22-c, 0.005768
2023-07-18T19:03:20.371, ubuntu22-c, 0.005148
2023-07-18T19:03:20.578, ubuntu22-c, 0.006699
2023-07-18T19:03:20.783, ubuntu22-c, 0.004868
2023-07-18T19:03:20.989, ubuntu22-c, 0.005377
2023-07-18T19:03:21.197, ubuntu22-c, 0.007704
2023-07-18T19:03:21.403, ubuntu22-c, 0.005241
2023-07-18T19:03:21.609, ubuntu22-c, 0.006310
2023-07-18T19:03:21.815, ubuntu22-c, 0.005239
2023-07-18T19:03:22.021, ubuntu22-c, 0.005458
2023-07-18T19:03:22.227, ubuntu22-c, 0.005415
2023-07-18T19:03:22.432, ubuntu22-c, 0.005237
2023-07-18T19:03:22.638, ubuntu22-c, 0.005287
2023-07-18T19:03:22.844, ubuntu22-c, 0.005756
2023-07-18T19:03:23.050, ubuntu22-c, 0.005337
2023-07-18T19:03:23.256, ubuntu22-c, 0.005176
2023-07-18T19:03:23.462, ubuntu22-c, 0.006159
2023-07-18T19:03:23.668, ubuntu22-c, 0.005527
2023-07-18T19:03:23.874, ubuntu22-c, 0.005363
2023-07-18T19:03:24.080, ubuntu22-c, 0.005325
2023-07-18T19:03:24.285, ubuntu22-c, 0.005231
2023-07-18T19:03:24.491, ubuntu22-c, 0.005047
2023-07-18T19:03:24.696, ubuntu22-c, 0.005098
2023-07-18T19:03:24.902, ubuntu22-c, 0.004941
2023-07-18T19:03:25.108, ubuntu22-c, 0.005388
2023-07-18T19:03:25.313, ubuntu22-b, 0.005144
2023-07-18T19:03:25.518, ubuntu22-b, 0.004564
2023-07-18T19:03:25.723, ubuntu22-b, 0.004482
2023-07-18T19:03:25.928, ubuntu22-c, 0.004761
2023-07-18T19:03:26.134, ubuntu22-c, 0.004997
2023-07-18T19:03:26.339, ubuntu22-b, 0.004949
2023-07-18T19:03:26.548, ubuntu22-b, 0.008264
2023-07-18T19:03:26.760, ubuntu22-b, 0.011926
2023-07-18T19:03:26.976, ubuntu22-b, 0.015700
2023-07-18T19:03:27.196, ubuntu22-b, 0.019662
2023-07-18T19:03:27.421, ubuntu22-b, 0.024905
2023-07-18T19:03:27.651, ubuntu22-b, 0.029676
2023-07-18T19:03:27.857, ubuntu22-b, 0.005201
2023-07-18T19:03:28.062, ubuntu22-b, 0.004942
2023-07-18T19:03:28.268, ubuntu22-b, 0.004760
2023-07-18T19:03:28.473, ubuntu22-b, 0.005218
2023-07-18T19:03:28.680, ubuntu22-b, 0.006010
2023-07-18T19:03:28.885, ubuntu22-b, 0.004770
2023-07-18T19:03:29.090, ubuntu22-b, 0.004903
2023-07-18T19:03:29.300, ubuntu22-b, 0.009433
2023-07-18T19:03:29.506, ubuntu22-b, 0.005751
2023-07-18T19:03:29.711, ubuntu22-b, 0.004725
2023-07-18T19:03:29.920, ubuntu22-b, 0.008513
2023-07-18T19:03:30.125, ubuntu22-b, 0.005081
2023-07-18T19:03:30.330, ubuntu22-b, 0.004844
2023-07-18T19:03:30.536, ubuntu22-b, 0.004959
2023-07-18T19:03:30.741, ubuntu22-b, 0.005056
2023-07-18T19:03:30.947, ubuntu22-b, 0.005344
2023-07-18T19:03:31.153, ubuntu22-b, 0.005143
2023-07-18T19:03:31.358, ubuntu22-b, 0.004798
2023-07-18T19:03:31.564, ubuntu22-b, 0.005937
2023-07-18T19:03:31.770, ubuntu22-b, 0.004995
2023-07-18T19:03:31.975, ubuntu22-b, 0.004926
2023-07-18T19:03:32.180, ubuntu22-b, 0.004842
2023-07-18T19:03:32.386, ubuntu22-b, 0.005220
2023-07-18T19:03:32.591, ubuntu22-b, 0.004892
2023-07-18T19:03:32.797, ubuntu22-d, 0.005447
2023-07-18T19:03:33.003, ubuntu22-d, 0.004865
2023-07-18T19:03:33.208, ubuntu22-d, 0.004705
2023-07-18T19:03:33.413, ubuntu22-d, 0.005076
2023-07-18T19:03:33.618, ubuntu22-d, 0.004723
2023-07-18T19:03:33.824, ubuntu22-d, 0.004878
2023-07-18T19:03:34.029, ubuntu22-b, 0.005140
2023-07-18T19:03:34.238, ubuntu22-d, 0.008371
2023-07-18T19:03:34.443, , 
2023-07-18T19:03:34.648, ubuntu22-d, 0.005134
2023-07-18T19:03:34.854, ubuntu22-d, 0.005617
2023-07-18T19:03:35.060, ubuntu22-d, 0.005307
2023-07-18T19:03:35.266, ubuntu22-d, 0.006162
2023-07-18T19:03:35.482, ubuntu22-d, 0.014958
2023-07-18T19:03:35.687, ubuntu22-d, 0.005311
2023-07-18T19:03:35.893, ubuntu22-d, 0.004991
2023-07-18T19:03:36.098, ubuntu22-d, 0.005296
2023-07-18T19:03:36.305, ubuntu22-d, 0.005715
2023-07-18T19:03:36.514, ubuntu22-d, 0.008607
2023-07-18T19:03:36.722, ubuntu22-d, 0.007905
2023-07-18T19:03:36.927, ubuntu22-d, 0.005072
2023-07-18T19:03:37.133, ubuntu22-d, 0.005571
2023-07-18T19:03:37.339, ubuntu22-d, 0.005069
2023-07-18T19:03:37.546, ubuntu22-d, 0.006802
2023-07-18T19:03:37.753, ubuntu22-d, 0.006883
2023-07-18T19:03:37.959, ubuntu22-d, 0.005032
2023-07-18T19:03:38.164, ubuntu22-d, 0.005146
2023-07-18T19:03:38.370, ubuntu22-d, 0.005365
2023-07-18T19:03:38.575, ubuntu22-d, 0.004960
2023-07-18T19:03:38.781, ubuntu22-d, 0.005522
2023-07-18T19:03:38.987, ubuntu22-d, 0.005011
2023-07-18T19:03:39.192, ubuntu22-d, 0.005171
2023-07-18T19:03:39.397, ubuntu22-d, 0.005024
2023-07-18T19:03:39.603, ubuntu22-d, 0.004935
2023-07-18T19:03:39.808, ubuntu22-d, 0.004865
2023-07-18T19:03:40.014, ubuntu22-d, 0.006097
2023-07-18T19:03:40.220, ubuntu22-d, 0.004992
2023-07-18T19:03:40.426, ubuntu22-d, 0.006256
2023-07-18T19:03:40.631, ubuntu22-d, 0.004874
2023-07-18T19:03:40.837, ubuntu22-d, 0.005073
2023-07-18T19:03:41.043, ubuntu22-d, 0.005325
2023-07-18T19:03:41.248, ubuntu22-c, 0.005522
2023-07-18T19:03:41.454, ubuntu22-c, 0.005373
2023-07-18T19:03:41.660, ubuntu22-d, 0.005358
2023-07-18T19:03:41.866, ubuntu22-d, 0.005271
2023-07-18T19:03:42.072, ubuntu22-c, 0.005541
2023-07-18T19:03:42.282, ubuntu22-c, 0.010160
2023-07-18T19:03:42.487, , 
2023-07-18T19:03:42.692, ubuntu22-c, 0.005224
2023-07-18T19:03:42.898, ubuntu22-c, 0.004840
2023-07-18T19:03:43.103, ubuntu22-c, 0.004790
2023-07-18T19:03:43.308, ubuntu22-c, 0.004785
2023-07-18T19:03:43.513, ubuntu22-c, 0.004960
2023-07-18T19:03:43.719, ubuntu22-c, 0.004878
2023-07-18T19:03:43.924, ubuntu22-c, 0.005136
2023-07-18T19:03:44.130, ubuntu22-c, 0.005213
2023-07-18T19:03:44.335, ubuntu22-c, 0.005110
2023-07-18T19:03:44.540, ubuntu22-c, 0.004710
2023-07-18T19:03:44.746, ubuntu22-c, 0.005525
2023-07-18T19:03:44.952, ubuntu22-c, 0.005078
2023-07-18T19:03:45.160, ubuntu22-c, 0.007742
2023-07-18T19:03:45.367, ubuntu22-c, 0.005998
2023-07-18T19:03:45.572, ubuntu22-c, 0.004719
2023-07-18T19:03:45.778, ubuntu22-c, 0.005260
2023-07-18T19:03:45.983, ubuntu22-c, 0.004952
2023-07-18T19:03:46.188, ubuntu22-c, 0.004681
2023-07-18T19:03:46.394, ubuntu22-c, 0.005052
2023-07-18T19:03:46.599, ubuntu22-c, 0.004727
2023-07-18T19:03:46.804, ubuntu22-c, 0.004917
2023-07-18T19:03:47.009, ubuntu22-c, 0.004991
2023-07-18T19:03:47.215, ubuntu22-c, 0.005163
2023-07-18T19:03:47.424, ubuntu22-c, 0.008804
2023-07-18T19:03:47.630, ubuntu22-c, 0.004773
2023-07-18T19:03:47.835, ubuntu22-c, 0.004704
2023-07-18T19:03:48.040, ubuntu22-c, 0.004784
2023-07-18T19:03:48.245, ubuntu22-c, 0.004879
2023-07-18T19:03:48.450, ubuntu22-c, 0.004912
2023-07-18T19:03:48.656, ubuntu22-c, 0.005483
2023-07-18T19:03:48.863, ubuntu22-c, 0.006492
2023-07-18T19:03:49.069, ubuntu22-c, 0.005168
2023-07-18T19:03:49.274, ubuntu22-c, 0.004704
2023-07-18T19:03:49.482, ubuntu22-c, 0.007387
2023-07-18T19:03:49.687, ubuntu22-c, 0.004789
2023-07-18T19:03:49.892, ubuntu22-c, 0.004678
2023-07-18T19:03:50.097, ubuntu22-c, 0.004890
2023-07-18T19:03:50.303, ubuntu22-c, 0.005430
2023-07-18T19:03:50.508, ubuntu22-c, 0.004877
2023-07-18T19:03:50.714, ubuntu22-c, 0.004790
2023-07-18T19:03:50.919, ubuntu22-c, 0.004767
2023-07-18T19:03:51.124, ubuntu22-c, 0.004732
2023-07-18T19:03:51.329, ubuntu22-c, 0.004671
2023-07-18T19:03:51.534, ubuntu22-c, 0.004880
2023-07-18T19:03:51.743, ubuntu22-c, 0.008892
2023-07-18T19:03:51.949, ubuntu22-c, 0.004811
2023-07-18T19:03:52.154, ubuntu22-c, 0.004954
2023-07-18T19:03:52.359, ubuntu22-b, 0.005201
2023-07-18T19:03:52.564, ubuntu22-b, 0.004597
2023-07-18T19:03:52.769, ubuntu22-b, 0.004690
2023-07-18T19:03:52.975, ubuntu22-c, 0.005081
2023-07-18T19:03:53.180, ubuntu22-b, 0.004638
2023-07-18T19:03:53.385, ubuntu22-b, 0.004846
2023-07-18T19:03:53.592, ubuntu22-b, 0.005711
2023-07-18T19:03:53.798, ubuntu22-b, 0.005736
2023-07-18T19:03:54.021, ubuntu22-b, 0.022157
2023-07-18T19:03:54.248, ubuntu22-b, 0.027074
2023-07-18T19:03:54.456, ubuntu22-b, 0.007302
2023-07-18T19:03:54.664, ubuntu22-b, 0.007570
2023-07-18T19:03:54.869, ubuntu22-b, 0.005029
2023-07-18T19:03:55.074, ubuntu22-b, 0.004939
2023-07-18T19:03:55.280, ubuntu22-b, 0.005051
2023-07-18T19:03:55.485, ubuntu22-b, 0.005185
2023-07-18T19:03:55.691, ubuntu22-b, 0.005036
2023-07-18T19:03:55.897, ubuntu22-b, 0.005930
2023-07-18T19:03:56.103, ubuntu22-b, 0.005117
2023-07-18T19:03:56.308, ubuntu22-b, 0.005101
2023-07-18T19:03:56.520, ubuntu22-b, 0.011338
2023-07-18T19:03:56.726, ubuntu22-b, 0.005252
2023-07-18T19:03:56.931, ubuntu22-b, 0.005194
2023-07-18T19:03:57.137, ubuntu22-b, 0.005463
2023-07-18T19:03:57.343, ubuntu22-b, 0.005441
2023-07-18T19:03:57.549, ubuntu22-b, 0.005369
2023-07-18T19:03:57.754, ubuntu22-b, 0.005430
2023-07-18T19:03:57.960, ubuntu22-b, 0.005065
2023-07-18T19:03:58.167, ubuntu22-b, 0.006459
2023-07-18T19:03:58.375, ubuntu22-b, 0.007812
2023-07-18T19:03:58.580, ubuntu22-b, 0.005073
2023-07-18T19:03:58.786, ubuntu22-b, 0.005355
2023-07-18T19:03:58.992, ubuntu22-b, 0.005399
2023-07-18T19:03:59.198, ubuntu22-b, 0.005603
2023-07-18T19:03:59.405, ubuntu22-b, 0.006099
2023-07-18T19:03:59.610, ubuntu22-b, 0.005361
2023-07-18T19:03:59.816, ubuntu22-b, 0.005177
2023-07-18T19:04:00.021, ubuntu22-b, 0.005111
2023-07-18T19:04:00.227, ubuntu22-b, 0.005386
2023-07-18T19:04:00.437, ubuntu22-b, 0.009302
2023-07-18T19:04:00.642, ubuntu22-b, 0.004924
2023-07-18T19:04:00.847, ubuntu22-b, 0.004702
2023-07-18T19:04:01.052, ubuntu22-b, 0.004572
2023-07-18T19:04:01.263, ubuntu22-b, 0.010254
2023-07-18T19:04:01.468, ubuntu22-b, 0.004733
2023-07-18T19:04:01.673, ubuntu22-b, 0.005117
2023-07-18T19:04:01.879, ubuntu22-b, 0.005166
2023-07-18T19:04:02.084, ubuntu22-b, 0.004720
2023-07-18T19:04:02.289, ubuntu22-b, 0.004897
2023-07-18T19:04:02.496, ubuntu22-c, 0.005936
2023-07-18T19:04:02.701, ubuntu22-b, 0.004681
2023-07-18T19:04:02.906, ubuntu22-c, 0.005072
2023-07-18T19:04:03.111, ubuntu22-b, 0.004544
2023-07-18T19:04:03.318, ubuntu22-c, 0.006420
2023-07-18T19:04:03.523, ubuntu22-c, 0.004863
2023-07-18T19:04:03.729, ubuntu22-c, 0.004835
2023-07-18T19:04:03.934, ubuntu22-c, 0.005113
2023-07-18T19:04:04.140, ubuntu22-c, 0.004826
2023-07-18T19:04:04.345, ubuntu22-c, 0.005389
2023-07-18T19:04:04.551, ubuntu22-c, 0.004987
2023-07-18T19:04:04.757, ubuntu22-c, 0.006110
2023-07-18T19:04:04.962, ubuntu22-c, 0.004798
2023-07-18T19:04:05.168, ubuntu22-c, 0.004979
2023-07-18T19:04:05.374, ubuntu22-c, 0.005836
2023-07-18T19:04:05.579, ubuntu22-c, 0.004859
2023-07-18T19:04:05.785, ubuntu22-c, 0.005817
2023-07-18T19:04:05.990, ubuntu22-c, 0.004834
2023-07-18T19:04:06.198, ubuntu22-c, 0.007807
2023-07-18T19:04:06.404, ubuntu22-c, 0.005143
2023-07-18T19:04:06.609, ubuntu22-c, 0.004773
2023-07-18T19:04:06.817, ubuntu22-c, 0.007139
2023-07-18T19:04:07.023, ubuntu22-c, 0.005091
2023-07-18T19:04:07.228, ubuntu22-c, 0.005393
2023-07-18T19:04:07.434, ubuntu22-c, 0.005596
2023-07-18T19:04:07.640, ubuntu22-c, 0.005359
2023-07-18T19:04:07.846, ubuntu22-c, 0.005028
2023-07-18T19:04:08.051, ubuntu22-c, 0.004970
2023-07-18T19:04:08.257, ubuntu22-c, 0.005247
2023-07-18T19:04:08.462, ubuntu22-c, 0.005255
2023-07-18T19:04:08.668, ubuntu22-c, 0.005414
2023-07-18T19:04:08.876, ubuntu22-c, 0.007589
2023-07-18T19:04:09.081, ubuntu22-c, 0.004970
2023-07-18T19:04:09.287, ubuntu22-c, 0.005246
2023-07-18T19:04:09.492, ubuntu22-c, 0.004546
2023-07-18T19:04:09.697, ubuntu22-c, 0.005125
2023-07-18T19:04:09.903, ubuntu22-c, 0.005160
2023-07-18T19:04:10.108, ubuntu22-c, 0.004866
2023-07-18T19:04:10.314, ubuntu22-c, 0.005304
2023-07-18T19:04:10.520, ubuntu22-c, 0.005346
2023-07-18T19:04:10.725, ubuntu22-c, 0.005382
2023-07-18T19:04:10.931, ubuntu22-c, 0.005298
2023-07-18T19:04:11.136, ubuntu22-c, 0.004846
2023-07-18T19:04:11.342, ubuntu22-c, 0.005187
2023-07-18T19:04:11.548, ubuntu22-c, 0.005396
2023-07-18T19:04:11.754, ubuntu22-b, 0.005606
2023-07-18T19:04:11.959, ubuntu22-c, 0.004721
2023-07-18T19:04:12.164, ubuntu22-c, 0.004976
2023-07-18T19:04:12.372, ubuntu22-b, 0.007324
2023-07-18T19:04:12.578, ubuntu22-c, 0.005256
2023-07-18T19:04:12.783, ubuntu22-b, 0.004997
2023-07-18T19:04:12.988, ubuntu22-c, 0.004949
2023-07-18T19:04:13.194, ubuntu22-b, 0.005186
2023-07-18T19:04:13.406, ubuntu22-b, 0.011435
2023-07-18T19:04:13.611, ubuntu22-b, 0.005106
2023-07-18T19:04:13.817, ubuntu22-b, 0.005109
2023-07-18T19:04:14.022, ubuntu22-b, 0.005225
2023-07-18T19:04:14.228, ubuntu22-b, 0.005373
2023-07-18T19:04:14.450, ubuntu22-b, 0.021415
2023-07-18T19:04:14.656, ubuntu22-b, 0.005635
2023-07-18T19:04:14.861, ubuntu22-b, 0.005033
2023-07-18T19:04:15.068, ubuntu22-b, 0.006067
2023-07-18T19:04:15.274, ubuntu22-b, 0.006361
2023-07-18T19:04:15.480, ubuntu22-b, 0.005275
2023-07-18T19:04:15.686, ubuntu22-b, 0.005215
2023-07-18T19:04:15.891, ubuntu22-b, 0.005271
2023-07-18T19:04:16.097, ubuntu22-b, 0.005206
2023-07-18T19:04:16.303, ubuntu22-b, 0.005320
2023-07-18T19:04:16.512, ubuntu22-b, 0.008945
2023-07-18T19:04:16.718, ubuntu22-b, 0.005402
2023-07-18T19:04:16.923, ubuntu22-b, 0.005233
2023-07-18T19:04:17.130, ubuntu22-b, 0.006119
2023-07-18T19:04:17.335, ubuntu22-b, 0.005357
2023-07-18T19:04:17.548, ubuntu22-b, 0.012249
2023-07-18T19:04:17.758, ubuntu22-b, 0.009589
2023-07-18T19:04:17.964, ubuntu22-b, 0.005337
2023-07-18T19:04:18.169, ubuntu22-b, 0.005322
2023-07-18T19:04:18.375, ubuntu22-b, 0.005473
2023-07-18T19:04:18.581, ubuntu22-b, 0.004974
2023-07-18T19:04:18.787, ubuntu22-b, 0.005510
2023-07-18T19:04:18.992, ubuntu22-b, 0.005037
2023-07-18T19:04:19.197, ubuntu22-b, 0.004820
2023-07-18T19:04:19.404, ubuntu22-b, 0.006424
2023-07-18T19:04:19.609, ubuntu22-b, 0.005021
2023-07-18T19:04:19.815, ubuntu22-b, 0.005210
2023-07-18T19:04:20.021, ubuntu22-b, 0.005248
2023-07-18T19:04:20.227, ubuntu22-b, 0.005461
2023-07-18T19:04:20.434, ubuntu22-d, 0.006738
2023-07-18T19:04:20.639, ubuntu22-d, 0.005046
2023-07-18T19:04:20.845, ubuntu22-b, 0.005181
2023-07-18T19:04:21.051, ubuntu22-d, 0.006255
2023-07-18T19:04:21.257, ubuntu22-d, 0.005090
2023-07-18T19:04:21.461, , 
2023-07-18T19:04:21.667, ubuntu22-d, 0.005099
2023-07-18T19:04:21.872, ubuntu22-d, 0.005076
2023-07-18T19:04:22.078, ubuntu22-d, 0.005236
2023-07-18T19:04:22.283, ubuntu22-d, 0.004937
2023-07-18T19:04:22.489, ubuntu22-d, 0.005065
2023-07-18T19:04:22.694, ubuntu22-d, 0.005191
2023-07-18T19:04:22.900, ubuntu22-d, 0.005052
2023-07-18T19:04:23.106, ubuntu22-d, 0.005461
2023-07-18T19:04:23.311, ubuntu22-d, 0.005115
2023-07-18T19:04:23.517, ubuntu22-d, 0.005408
2023-07-18T19:04:23.722, ubuntu22-d, 0.005128
2023-07-18T19:04:23.928, ubuntu22-d, 0.005040
2023-07-18T19:04:24.135, ubuntu22-d, 0.007219
2023-07-18T19:04:24.341, ubuntu22-d, 0.005172
2023-07-18T19:04:24.547, ubuntu22-d, 0.005720
2023-07-18T19:04:24.753, ubuntu22-d, 0.005335
2023-07-18T19:04:24.959, ubuntu22-d, 0.005294
2023-07-18T19:04:25.164, ubuntu22-d, 0.005166
2023-07-18T19:04:25.371, ubuntu22-d, 0.006483
2023-07-18T19:04:25.582, ubuntu22-d, 0.010284
2023-07-18T19:04:25.787, ubuntu22-d, 0.005104
2023-07-18T19:04:25.993, ubuntu22-d, 0.005764
2023-07-18T19:04:26.199, ubuntu22-d, 0.005306
2023-07-18T19:04:26.405, ubuntu22-d, 0.005358
2023-07-18T19:04:26.634, ubuntu22-d, 0.028913
2023-07-18T19:04:26.840, ubuntu22-d, 0.005183
2023-07-18T19:04:27.046, ubuntu22-d, 0.005682
2023-07-18T19:04:27.252, ubuntu22-d, 0.005571
2023-07-18T19:04:27.458, ubuntu22-d, 0.005560
2023-07-18T19:04:27.664, ubuntu22-d, 0.005475
2023-07-18T19:04:27.869, ubuntu22-d, 0.004963
2023-07-18T19:04:28.075, ubuntu22-d, 0.005324
2023-07-18T19:04:28.281, ubuntu22-d, 0.005433
2023-07-18T19:04:28.486, ubuntu22-d, 0.005246
2023-07-18T19:04:28.692, ubuntu22-d, 0.005305
2023-07-18T19:04:28.898, ubuntu22-d, 0.005292
2023-07-18T19:04:29.103, ubuntu22-d, 0.005131
2023-07-18T19:04:29.309, ubuntu22-d, 0.005522
2023-07-18T19:04:29.515, ubuntu22-d, 0.005289
2023-07-18T19:04:29.721, ubuntu22-d, 0.005418
2023-07-18T19:04:29.927, ubuntu22-d, 0.005495
2023-07-18T19:04:30.133, ubuntu22-d, 0.005719
2023-07-18T19:04:30.339, ubuntu22-d, 0.005383
2023-07-18T19:04:30.545, ubuntu22-d, 0.006175
2023-07-18T19:04:30.751, ubuntu22-b, 0.005582
2023-07-18T19:04:30.956, ubuntu22-b, 0.005219
2023-07-18T19:04:31.165, ubuntu22-d, 0.007908
2023-07-18T19:04:31.371, ubuntu22-d, 0.005161
2023-07-18T19:04:31.580, ubuntu22-b, 0.009226
2023-07-18T19:04:31.785, , 
2023-07-18T19:04:31.996, ubuntu22-b, 0.011256
2023-07-18T19:04:32.202, ubuntu22-b, 0.005437
2023-07-18T19:04:32.408, ubuntu22-b, 0.005497
2023-07-18T19:04:32.613, ubuntu22-b, 0.005312
2023-07-18T19:04:32.829, ubuntu22-b, 0.015127
2023-07-18T19:04:33.034, ubuntu22-b, 0.005047
2023-07-18T19:04:33.244, ubuntu22-b, 0.009485
2023-07-18T19:04:33.452, ubuntu22-b, 0.006754
2023-07-18T19:04:33.657, ubuntu22-b, 0.005369
2023-07-18T19:04:33.863, ubuntu22-b, 0.005365
2023-07-18T19:04:34.069, ubuntu22-b, 0.005802
2023-07-18T19:04:34.275, ubuntu22-b, 0.005537
2023-07-18T19:04:34.481, ubuntu22-b, 0.005235
2023-07-18T19:04:34.686, ubuntu22-b, 0.005118
2023-07-18T19:04:34.893, ubuntu22-b, 0.005734
2023-07-18T19:04:35.098, ubuntu22-b, 0.005224
2023-07-18T19:04:35.304, ubuntu22-b, 0.005139
2023-07-18T19:04:35.513, ubuntu22-b, 0.008922
2023-07-18T19:04:35.718, ubuntu22-b, 0.004693
2023-07-18T19:04:35.924, ubuntu22-b, 0.004868
2023-07-18T19:04:36.129, ubuntu22-b, 0.004974
2023-07-18T19:04:36.343, ubuntu22-b, 0.013571
2023-07-18T19:04:36.552, ubuntu22-b, 0.008376
2023-07-18T19:04:36.759, ubuntu22-b, 0.006694
2023-07-18T19:04:36.965, ubuntu22-b, 0.005480
2023-07-18T19:04:37.170, ubuntu22-b, 0.005178
2023-07-18T19:04:37.376, ubuntu22-b, 0.005028
2023-07-18T19:04:37.581, ubuntu22-b, 0.004909
2023-07-18T19:04:37.787, ubuntu22-b, 0.005968
2023-07-18T19:04:37.993, ubuntu22-d, 0.005379
2023-07-18T19:04:38.198, ubuntu22-d, 0.004695
2023-07-18T19:04:38.404, ubuntu22-d, 0.005125
2023-07-18T19:04:38.610, ubuntu22-b, 0.006028
2023-07-18T19:04:38.816, ubuntu22-b, 0.004865
2023-07-18T19:04:39.021, ubuntu22-b, 0.004692
2023-07-18T19:04:39.229, ubuntu22-b, 0.007087
2023-07-18T19:04:39.437, ubuntu22-b, 0.007783
2023-07-18T19:04:39.643, ubuntu22-d, 0.005876
2023-07-18T19:04:39.854, ubuntu22-d, 0.010441
2023-07-18T19:04:40.061, ubuntu22-d, 0.005937
2023-07-18T19:04:40.270, ubuntu22-d, 0.008455
2023-07-18T19:04:40.477, ubuntu22-d, 0.006741
2023-07-18T19:04:40.685, ubuntu22-d, 0.007336
2023-07-18T19:04:40.891, ubuntu22-d, 0.005144
2023-07-18T19:04:41.096, ubuntu22-d, 0.004868
2023-07-18T19:04:41.301, ubuntu22-d, 0.005097
2023-07-18T19:04:41.507, ubuntu22-d, 0.005590
2023-07-18T19:04:41.713, ubuntu22-d, 0.005195
2023-07-18T19:04:41.926, ubuntu22-d, 0.012564
2023-07-18T19:04:42.132, ubuntu22-d, 0.005855
2023-07-18T19:04:42.338, ubuntu22-d, 0.005111
2023-07-18T19:04:42.543, ubuntu22-d, 0.004732
2023-07-18T19:04:42.748, ubuntu22-d, 0.005239
2023-07-18T19:04:42.954, ubuntu22-d, 0.005041
2023-07-18T19:04:43.159, ubuntu22-d, 0.004822
2023-07-18T19:04:43.365, ubuntu22-d, 0.005267
2023-07-18T19:04:43.570, ubuntu22-d, 0.004905
2023-07-18T19:04:43.776, ubuntu22-d, 0.005351
2023-07-18T19:04:43.981, ubuntu22-d, 0.005123
2023-07-18T19:04:44.191, ubuntu22-d, 0.009075
2023-07-18T19:04:44.397, ubuntu22-d, 0.005419
2023-07-18T19:04:44.602, ubuntu22-d, 0.004810
2023-07-18T19:04:44.808, ubuntu22-d, 0.005136
2023-07-18T19:04:45.013, ubuntu22-d, 0.004930
2023-07-18T19:04:45.218, ubuntu22-d, 0.004843
2023-07-18T19:04:45.423, ubuntu22-d, 0.004849
2023-07-18T19:04:45.633, ubuntu22-d, 0.009124
2023-07-18T19:04:45.838, ubuntu22-d, 0.005563
2023-07-18T19:04:46.044, ubuntu22-d, 0.004893
2023-07-18T19:04:46.252, ubuntu22-d, 0.008183
2023-07-18T19:04:46.460, ubuntu22-d, 0.007392
2023-07-18T19:04:46.669, ubuntu22-d, 0.008059
2023-07-18T19:04:46.875, ubuntu22-d, 0.005368
2023-07-18T19:04:47.080, ubuntu22-d, 0.005474
2023-07-18T19:04:47.286, ubuntu22-d, 0.005387
2023-07-18T19:04:47.492, ubuntu22-c, 0.005809
2023-07-18T19:04:47.697, , 
2023-07-18T19:04:47.901, , 
2023-07-18T19:04:48.106, ubuntu22-c, 0.005405
2023-07-18T19:04:53.315, , 
2023-07-18T19:04:53.522, ubuntu22-c, 0.007073
2023-07-18T19:04:53.729, ubuntu22-c, 0.006160
2023-07-18T19:04:53.935, ubuntu22-c, 0.005792
2023-07-18T19:04:54.141, ubuntu22-c, 0.005462
2023-07-18T19:04:54.346, ubuntu22-c, 0.005227
2023-07-18T19:04:54.552, ubuntu22-c, 0.005249
2023-07-18T19:04:54.758, ubuntu22-c, 0.005327
2023-07-18T19:04:54.963, ubuntu22-c, 0.005172
2023-07-18T19:04:55.169, ubuntu22-c, 0.005219
2023-07-18T19:04:55.375, ubuntu22-b, 0.005534
2023-07-18T19:04:55.580, ubuntu22-b, 0.005047
2023-07-18T19:04:55.786, ubuntu22-b, 0.005200
2023-07-18T19:04:55.991, ubuntu22-b, 0.004619
2023-07-18T19:04:56.196, ubuntu22-c, 0.005071
2023-07-18T19:04:56.401, , 
2023-07-18T19:04:56.610, ubuntu22-b, 0.009272
2023-07-18T19:04:56.828, ubuntu22-b, 0.017654
2023-07-18T19:04:57.036, ubuntu22-b, 0.007276
2023-07-18T19:04:57.335, ubuntu22-b, 0.098295
2023-07-18T19:04:57.553, ubuntu22-b, 0.017448
2023-07-18T19:04:57.758, ubuntu22-b, 0.005153
2023-07-18T19:04:57.995, ubuntu22-b, 0.036768
2023-07-18T19:04:58.201, ubuntu22-b, 0.005078
2023-07-18T19:04:58.406, ubuntu22-b, 0.005094
2023-07-18T19:04:58.612, ubuntu22-b, 0.005557
2023-07-18T19:04:58.817, ubuntu22-b, 0.005127
2023-07-18T19:04:59.023, ubuntu22-b, 0.005261
2023-07-18T19:04:59.229, ubuntu22-b, 0.005191
2023-07-18T19:04:59.437, ubuntu22-b, 0.007870
2023-07-18T19:04:59.643, ubuntu22-b, 0.005147
2023-07-18T19:04:59.849, ubuntu22-b, 0.005561
2023-07-18T19:05:00.054, ubuntu22-b, 0.005260
2023-07-18T19:05:00.260, ubuntu22-b, 0.005195
2023-07-18T19:05:00.466, ubuntu22-b, 0.005335
2023-07-18T19:05:00.671, ubuntu22-b, 0.004995
2023-07-18T19:05:00.877, ubuntu22-b, 0.005452
2023-07-18T19:05:01.083, ubuntu22-b, 0.006007
2023-07-18T19:05:01.289, ubuntu22-b, 0.005065
2023-07-18T19:05:01.495, ubuntu22-b, 0.005336
2023-07-18T19:05:01.701, ubuntu22-d, 0.005648
2023-07-18T19:05:01.906, ubuntu22-b, 0.005218
2023-07-18T19:05:02.112, ubuntu22-b, 0.005237
2023-07-18T19:05:02.318, ubuntu22-d, 0.005248
2023-07-18T19:05:02.523, ubuntu22-d, 0.005535
2023-07-18T19:05:02.729, ubuntu22-d, 0.005032
2023-07-18T19:05:02.935, ubuntu22-d, 0.005384
2023-07-18T19:05:03.140, ubuntu22-d, 0.005155
2023-07-18T19:05:03.346, ubuntu22-d, 0.005136
2023-07-18T19:05:03.551, ubuntu22-d, 0.005344
2023-07-18T19:05:03.760, ubuntu22-d, 0.008227
2023-07-18T19:05:03.966, ubuntu22-d, 0.005383
2023-07-18T19:05:04.171, ubuntu22-d, 0.005430
2023-07-18T19:05:04.377, ubuntu22-d, 0.005327
2023-07-18T19:05:04.583, ubuntu22-d, 0.005256
2023-07-18T19:05:04.788, ubuntu22-d, 0.005276
2023-07-18T19:05:04.994, ubuntu22-d, 0.005304
2023-07-18T19:05:05.200, ubuntu22-d, 0.005149
2023-07-18T19:05:05.406, ubuntu22-d, 0.005565
2023-07-18T19:05:05.611, ubuntu22-d, 0.005070
2023-07-18T19:05:05.817, ubuntu22-d, 0.005327
2023-07-18T19:05:06.022, ubuntu22-d, 0.005129
2023-07-18T19:05:06.228, ubuntu22-d, 0.005696
2023-07-18T19:05:06.434, ubuntu22-d, 0.005485
2023-07-18T19:05:06.640, ubuntu22-d, 0.005255
2023-07-18T19:05:06.846, ubuntu22-d, 0.005371
2023-07-18T19:05:07.051, ubuntu22-d, 0.005388
2023-07-18T19:05:07.257, ubuntu22-d, 0.005380
2023-07-18T19:05:07.463, ubuntu22-d, 0.005245
2023-07-18T19:05:07.668, ubuntu22-d, 0.005205
2023-07-18T19:05:07.874, ubuntu22-d, 0.005325
2023-07-18T19:05:08.080, ubuntu22-d, 0.005315
2023-07-18T19:05:08.286, ubuntu22-d, 0.005543
2023-07-18T19:05:08.492, ubuntu22-d, 0.005428
2023-07-18T19:05:08.698, ubuntu22-d, 0.005640
2023-07-18T19:05:08.903, ubuntu22-d, 0.005307
2023-07-18T19:05:09.111, ubuntu22-d, 0.007313
2023-07-18T19:05:09.317, ubuntu22-d, 0.005469
2023-07-18T19:05:09.523, ubuntu22-d, 0.005461
2023-07-18T19:05:09.729, ubuntu22-d, 0.005388
2023-07-18T19:05:09.934, ubuntu22-d, 0.005319
2023-07-18T19:05:10.140, ubuntu22-d, 0.005031
2023-07-18T19:05:10.363, ubuntu22-d, 0.022577
2023-07-18T19:05:10.569, ubuntu22-d, 0.005407
2023-07-18T19:05:10.775, ubuntu22-d, 0.005293
2023-07-18T19:05:10.981, ubuntu22-d, 0.005450
2023-07-18T19:05:11.186, ubuntu22-d, 0.005107
2023-07-18T19:05:11.392, ubuntu22-d, 0.005288
2023-07-18T19:05:11.597, ubuntu22-d, 0.004856
2023-07-18T19:05:11.804, ubuntu22-d, 0.006459
2023-07-18T19:05:12.011, ubuntu22-d, 0.005950
2023-07-18T19:05:12.217, ubuntu22-d, 0.005822
2023-07-18T19:05:12.427, ubuntu22-d, 0.009966
2023-07-18T19:05:12.634, ubuntu22-d, 0.004912
2023-07-18T19:05:12.840, ubuntu22-c, 0.005582
2023-07-18T19:05:13.045, ubuntu22-d, 0.005370
2023-07-18T19:05:13.250, ubuntu22-d, 0.004700
2023-07-18T19:05:13.456, ubuntu22-d, 0.005220
2023-07-18T19:05:13.661, ubuntu22-d, 0.004932
2023-07-18T19:05:13.865, , 
2023-07-18T19:05:14.071, ubuntu22-c, 0.005339
2023-07-18T19:05:14.277, ubuntu22-c, 0.005288
2023-07-18T19:05:14.482, ubuntu22-c, 0.005103
2023-07-18T19:05:14.688, ubuntu22-c, 0.004959
2023-07-18T19:05:14.893, ubuntu22-c, 0.005176
2023-07-18T19:05:15.098, ubuntu22-c, 0.004767
2023-07-18T19:05:15.304, ubuntu22-c, 0.005464
2023-07-18T19:05:15.510, ubuntu22-c, 0.004858
2023-07-18T19:05:15.715, ubuntu22-c, 0.004978
2023-07-18T19:05:15.920, ubuntu22-c, 0.004685
2023-07-18T19:05:16.125, ubuntu22-c, 0.004971
2023-07-18T19:05:16.331, ubuntu22-c, 0.004916
2023-07-18T19:05:16.536, ubuntu22-c, 0.005016
2023-07-18T19:05:16.749, ubuntu22-c, 0.012816
2023-07-18T19:05:16.955, ubuntu22-c, 0.004986
2023-07-18T19:05:17.159, ubuntu22-c, 0.004690
2023-07-18T19:05:17.365, ubuntu22-c, 0.004881
2023-07-18T19:05:17.570, ubuntu22-c, 0.004874
2023-07-18T19:05:17.775, ubuntu22-c, 0.005009
2023-07-18T19:05:17.981, ubuntu22-c, 0.005064
2023-07-18T19:05:18.186, ubuntu22-c, 0.004798
2023-07-18T19:05:18.391, ubuntu22-c, 0.004864
2023-07-18T19:05:18.597, ubuntu22-c, 0.005682
2023-07-18T19:05:18.803, ubuntu22-c, 0.005435
2023-07-18T19:05:19.027, ubuntu22-c, 0.023278
2023-07-18T19:05:19.232, ubuntu22-c, 0.005062
2023-07-18T19:05:19.438, ubuntu22-c, 0.005183
2023-07-18T19:05:19.644, ubuntu22-c, 0.005778
2023-07-18T19:05:19.849, ubuntu22-c, 0.005188
2023-07-18T19:05:20.055, ubuntu22-c, 0.005199
2023-07-18T19:05:20.261, ubuntu22-c, 0.005320
2023-07-18T19:05:20.466, ubuntu22-c, 0.005136
2023-07-18T19:05:20.671, ubuntu22-c, 0.004650
2023-07-18T19:05:20.877, ubuntu22-c, 0.004810
2023-07-18T19:05:21.082, ubuntu22-c, 0.004891
2023-07-18T19:05:21.287, ubuntu22-c, 0.004660
2023-07-18T19:05:21.498, ubuntu22-d, 0.010528
2023-07-18T19:05:21.707, ubuntu22-d, 0.008453
2023-07-18T19:05:21.912, ubuntu22-d, 0.004651
2023-07-18T19:05:22.117, ubuntu22-d, 0.004891
2023-07-18T19:05:22.326, ubuntu22-d, 0.008364
2023-07-18T19:05:22.532, ubuntu22-d, 0.005908
2023-07-18T19:05:22.737, ubuntu22-d, 0.004923
2023-07-18T19:05:22.942, ubuntu22-d, 0.004846
2023-07-18T19:05:23.148, ubuntu22-d, 0.004843
2023-07-18T19:05:23.354, ubuntu22-d, 0.005676
2023-07-18T19:05:23.560, ubuntu22-d, 0.005113
2023-07-18T19:05:23.765, ubuntu22-d, 0.004714
2023-07-18T19:05:23.970, ubuntu22-d, 0.005038
2023-07-18T19:05:24.176, ubuntu22-d, 0.004948
2023-07-18T19:05:24.381, ubuntu22-d, 0.004686
2023-07-18T19:05:24.586, ubuntu22-d, 0.004732
2023-07-18T19:05:24.791, ubuntu22-d, 0.004876
2023-07-18T19:05:24.997, ubuntu22-d, 0.004985
2023-07-18T19:05:25.202, ubuntu22-d, 0.005034
2023-07-18T19:05:25.407, ubuntu22-d, 0.004931
2023-07-18T19:05:25.613, ubuntu22-d, 0.004844
2023-07-18T19:05:25.818, ubuntu22-d, 0.004816
2023-07-18T19:05:26.023, ubuntu22-d, 0.004918
2023-07-18T19:05:26.229, ubuntu22-d, 0.005144
2023-07-18T19:05:26.434, ubuntu22-d, 0.005064
2023-07-18T19:05:26.639, ubuntu22-d, 0.004723
2023-07-18T19:05:26.845, ubuntu22-d, 0.005265
2023-07-18T19:05:27.051, ubuntu22-d, 0.005672
2023-07-18T19:05:27.257, ubuntu22-d, 0.005209
2023-07-18T19:05:27.463, ubuntu22-d, 0.005647
2023-07-18T19:05:27.668, ubuntu22-d, 0.004770
2023-07-18T19:05:27.873, ubuntu22-d, 0.004772
2023-07-18T19:05:28.078, ubuntu22-d, 0.004688
2023-07-18T19:05:28.284, ubuntu22-d, 0.005015
2023-07-18T19:05:28.489, ubuntu22-d, 0.004673
2023-07-18T19:05:28.694, ubuntu22-d, 0.004856
2023-07-18T19:05:28.899, ubuntu22-d, 0.004906
2023-07-18T19:05:29.104, ubuntu22-d, 0.004700
2023-07-18T19:05:29.310, ubuntu22-d, 0.004860
2023-07-18T19:05:29.515, ubuntu22-d, 0.004533
2023-07-18T19:05:29.720, ubuntu22-d, 0.004793
2023-07-18T19:05:29.926, ubuntu22-d, 0.005490
2023-07-18T19:05:30.131, ubuntu22-d, 0.005327
2023-07-18T19:05:30.338, ubuntu22-d, 0.005605
2023-07-18T19:05:30.543, ubuntu22-d, 0.005546
2023-07-18T19:05:30.749, ubuntu22-d, 0.005220
2023-07-18T19:05:30.955, ubuntu22-d, 0.005187
2023-07-18T19:05:31.160, ubuntu22-d, 0.005111
2023-07-18T19:05:31.367, ubuntu22-d, 0.005940
2023-07-18T19:05:31.573, ubuntu22-b, 0.005892
2023-07-18T19:05:31.778, ubuntu22-b, 0.005225
2023-07-18T19:05:31.984, ubuntu22-d, 0.005191
2023-07-18T19:05:32.190, ubuntu22-d, 0.005248
2023-07-18T19:05:32.395, ubuntu22-b, 0.005188
2023-07-18T19:05:32.608, ubuntu22-b, 0.012676
2023-07-18T19:05:32.814, ubuntu22-b, 0.004902
2023-07-18T19:05:33.021, ubuntu22-b, 0.007093
2023-07-18T19:05:33.225, , 
2023-07-18T19:05:33.432, ubuntu22-b, 0.006120
2023-07-18T19:05:33.639, ubuntu22-b, 0.006416
2023-07-18T19:05:33.844, ubuntu22-b, 0.004982
2023-07-18T19:05:34.080, ubuntu22-b, 0.035910
2023-07-18T19:05:34.290, ubuntu22-b, 0.009446
2023-07-18T19:05:34.496, ubuntu22-b, 0.005839
2023-07-18T19:05:34.702, ubuntu22-b, 0.005610
2023-07-18T19:05:34.907, ubuntu22-b, 0.004603
2023-07-18T19:05:35.112, ubuntu22-b, 0.004870
2023-07-18T19:05:35.317, ubuntu22-b, 0.004807
2023-07-18T19:05:35.522, ubuntu22-b, 0.004656
2023-07-18T19:05:35.727, ubuntu22-b, 0.004565
2023-07-18T19:05:35.936, ubuntu22-b, 0.008488
2023-07-18T19:05:36.143, ubuntu22-b, 0.006838
2023-07-18T19:05:36.354, ubuntu22-b, 0.010254
2023-07-18T19:05:36.560, ubuntu22-b, 0.005564
2023-07-18T19:05:36.767, ubuntu22-b, 0.006875
2023-07-18T19:05:36.974, ubuntu22-b, 0.006556
2023-07-18T19:05:37.179, ubuntu22-b, 0.004677
2023-07-18T19:05:37.384, ubuntu22-b, 0.004807
2023-07-18T19:05:37.589, ubuntu22-b, 0.004864
2023-07-18T19:05:37.796, ubuntu22-b, 0.006330
2023-07-18T19:05:38.001, ubuntu22-b, 0.005086
2023-07-18T19:05:38.207, ubuntu22-b, 0.004677
2023-07-18T19:05:38.412, ubuntu22-b, 0.004866
2023-07-18T19:05:38.617, ubuntu22-b, 0.004854
2023-07-18T19:05:38.822, ubuntu22-b, 0.004841
2023-07-18T19:05:39.028, ubuntu22-b, 0.005122
2023-07-18T19:05:39.234, ubuntu22-b, 0.005471
2023-07-18T19:05:39.439, ubuntu22-b, 0.004744
2023-07-18T19:05:39.644, ubuntu22-b, 0.004756
2023-07-18T19:05:39.849, ubuntu22-b, 0.004728
2023-07-18T19:05:40.055, ubuntu22-c, 0.005387
2023-07-18T19:05:40.260, ubuntu22-b, 0.004886
2023-07-18T19:05:40.466, ubuntu22-b, 0.004827
2023-07-18T19:05:40.671, ubuntu22-b, 0.004800
2023-07-18T19:05:40.882, ubuntu22-c, 0.010760
2023-07-18T19:05:41.087, ubuntu22-c, 0.004486
2023-07-18T19:05:41.292, ubuntu22-c, 0.004768
2023-07-18T19:05:41.500, , 
2023-07-18T19:05:41.705, ubuntu22-c, 0.005055
2023-07-18T19:05:41.910, ubuntu22-c, 0.004779
2023-07-18T19:05:42.116, ubuntu22-c, 0.005121
2023-07-18T19:05:42.321, ubuntu22-c, 0.005016
2023-07-18T19:05:42.527, ubuntu22-c, 0.004919
2023-07-18T19:05:42.732, ubuntu22-c, 0.004765
2023-07-18T19:05:42.937, ubuntu22-c, 0.004940
2023-07-18T19:05:43.142, ubuntu22-c, 0.004616
2023-07-18T19:05:43.347, ubuntu22-c, 0.004871
2023-07-18T19:05:43.553, ubuntu22-c, 0.004963
2023-07-18T19:05:43.758, ubuntu22-c, 0.004895
2023-07-18T19:05:43.963, ubuntu22-c, 0.004830
2023-07-18T19:05:44.169, ubuntu22-c, 0.005152
2023-07-18T19:05:44.379, ubuntu22-c, 0.009655
2023-07-18T19:05:44.584, ubuntu22-c, 0.005343
2023-07-18T19:05:44.790, ubuntu22-c, 0.004775
2023-07-18T19:05:45.004, ubuntu22-c, 0.014311
2023-07-18T19:05:45.222, ubuntu22-c, 0.017358
2023-07-18T19:05:45.427, ubuntu22-c, 0.004765
2023-07-18T19:05:45.633, ubuntu22-c, 0.005487
2023-07-18T19:05:45.839, ubuntu22-c, 0.005393
2023-07-18T19:05:46.045, ubuntu22-c, 0.005317
2023-07-18T19:05:46.250, ubuntu22-c, 0.004923
2023-07-18T19:05:46.456, ubuntu22-c, 0.004851
2023-07-18T19:05:46.661, ubuntu22-c, 0.005181
2023-07-18T19:05:46.867, ubuntu22-c, 0.005072
2023-07-18T19:05:47.073, ubuntu22-c, 0.005288
2023-07-18T19:05:47.278, ubuntu22-c, 0.004730
2023-07-18T19:05:47.486, ubuntu22-c, 0.007720
2023-07-18T19:05:47.691, ubuntu22-c, 0.004707
2023-07-18T19:05:47.897, ubuntu22-c, 0.005344
2023-07-18T19:05:48.102, ubuntu22-c, 0.004683
2023-07-18T19:05:48.308, ubuntu22-c, 0.004756
2023-07-18T19:05:48.513, ubuntu22-c, 0.004931
2023-07-18T19:05:48.718, ubuntu22-c, 0.004766
2023-07-18T19:05:48.925, ubuntu22-c, 0.005976
2023-07-18T19:05:49.131, ubuntu22-c, 0.006126
2023-07-18T19:05:49.337, ubuntu22-c, 0.005261
2023-07-18T19:05:49.543, ubuntu22-c, 0.005580
2023-07-18T19:05:49.752, ubuntu22-b, 0.008844
2023-07-18T19:05:49.959, ubuntu22-c, 0.006631
2023-07-18T19:05:50.168, ubuntu22-c, 0.007615
2023-07-18T19:05:50.373, ubuntu22-c, 0.005444
2023-07-18T19:05:50.579, ubuntu22-c, 0.005238
2023-07-18T19:05:50.785, ubuntu22-b, 0.005736
2023-07-18T19:05:50.991, ubuntu22-c, 0.005354
2023-07-18T19:05:51.196, ubuntu22-b, 0.005147
2023-07-18T19:05:51.401, , 
2023-07-18T19:05:51.608, ubuntu22-b, 0.006493
2023-07-18T19:05:51.816, ubuntu22-b, 0.007668
2023-07-18T19:05:52.022, ubuntu22-b, 0.005647
2023-07-18T19:05:52.228, ubuntu22-b, 0.005349
2023-07-18T19:05:52.434, ubuntu22-b, 0.005490
2023-07-18T19:05:52.640, ubuntu22-b, 0.005420
2023-07-18T19:05:52.847, ubuntu22-b, 0.006918
2023-07-18T19:05:53.053, ubuntu22-b, 0.005527
2023-07-18T19:05:53.258, ubuntu22-b, 0.005049
2023-07-18T19:05:53.464, ubuntu22-b, 0.005272
2023-07-18T19:05:53.669, ubuntu22-b, 0.005163
2023-07-18T19:05:53.875, ubuntu22-b, 0.005180
2023-07-18T19:05:54.081, ubuntu22-b, 0.005287
2023-07-18T19:05:54.287, ubuntu22-b, 0.005422
2023-07-18T19:05:54.493, ubuntu22-b, 0.005933
2023-07-18T19:05:54.699, ubuntu22-b, 0.005869
2023-07-18T19:05:54.905, ubuntu22-b, 0.005468
2023-07-18T19:05:55.113, ubuntu22-b, 0.008358
2023-07-18T19:05:55.319, ubuntu22-b, 0.004860
2023-07-18T19:05:55.524, ubuntu22-b, 0.005095
2023-07-18T19:05:55.731, ubuntu22-b, 0.006442
2023-07-18T19:05:55.936, ubuntu22-b, 0.004956
2023-07-18T19:05:56.142, ubuntu22-b, 0.004795
2023-07-18T19:05:56.347, ubuntu22-b, 0.004910
2023-07-18T19:05:56.561, ubuntu22-b, 0.013559
2023-07-18T19:05:56.766, ubuntu22-b, 0.004944
2023-07-18T19:05:56.980, ubuntu22-c, 0.013232
2023-07-18T19:05:57.186, ubuntu22-c, 0.005029
2023-07-18T19:05:57.391, ubuntu22-b, 0.004964
2023-07-18T19:05:57.597, ubuntu22-b, 0.005773
2023-07-18T19:05:57.803, ubuntu22-b, 0.005326
2023-07-18T19:05:58.008, ubuntu22-b, 0.004904
2023-07-18T19:05:58.214, ubuntu22-b, 0.005064
2023-07-18T19:05:58.428, ubuntu22-b, 0.014507
2023-07-18T19:05:58.634, ubuntu22-c, 0.005193
2023-07-18T19:05:58.839, ubuntu22-c, 0.004925
2023-07-18T19:05:59.048, ubuntu22-c, 0.008408
2023-07-18T19:05:59.255, ubuntu22-c, 0.006519
2023-07-18T19:05:59.460, ubuntu22-c, 0.004888
2023-07-18T19:05:59.666, ubuntu22-c, 0.004812
2023-07-18T19:05:59.871, ubuntu22-c, 0.005131
2023-07-18T19:06:00.076, ubuntu22-c, 0.004844
2023-07-18T19:06:00.282, ubuntu22-c, 0.004887
2023-07-18T19:06:00.486, ubuntu22-c, 0.004681
2023-07-18T19:06:00.692, ubuntu22-c, 0.005203
2023-07-18T19:06:00.897, ubuntu22-c, 0.004946
2023-07-18T19:06:01.103, ubuntu22-c, 0.005057
2023-07-18T19:06:01.308, ubuntu22-c, 0.004736
2023-07-18T19:06:01.515, ubuntu22-c, 0.006760
2023-07-18T19:06:01.721, ubuntu22-c, 0.005278
2023-07-18T19:06:01.926, ubuntu22-c, 0.004989
2023-07-18T19:06:02.131, ubuntu22-c, 0.004867
2023-07-18T19:06:02.336, ubuntu22-c, 0.004825
2023-07-18T19:06:02.545, ubuntu22-c, 0.008125
2023-07-18T19:06:02.750, ubuntu22-c, 0.004895
2023-07-18T19:06:02.956, ubuntu22-c, 0.005036
2023-07-18T19:06:03.161, ubuntu22-c, 0.004888
2023-07-18T19:06:03.367, ubuntu22-c, 0.004994
2023-07-18T19:06:03.572, ubuntu22-c, 0.005450
2023-07-18T19:06:03.778, ubuntu22-c, 0.005140
2023-07-18T19:06:03.983, ubuntu22-c, 0.004907
2023-07-18T19:06:04.188, ubuntu22-c, 0.004819
2023-07-18T19:06:04.394, ubuntu22-c, 0.005136
2023-07-18T19:06:04.619, ubuntu22-c, 0.024761
2023-07-18T19:06:04.825, ubuntu22-c, 0.005378
2023-07-18T19:06:05.031, ubuntu22-c, 0.005764
2023-07-18T19:06:05.236, ubuntu22-c, 0.004982
2023-07-18T19:06:05.442, ubuntu22-c, 0.005574
2023-07-18T19:06:05.647, ubuntu22-c, 0.005011
2023-07-18T19:06:05.853, ubuntu22-c, 0.005563
2023-07-18T19:06:06.059, ubuntu22-c, 0.005682
2023-07-18T19:06:06.265, ubuntu22-c, 0.005272
2023-07-18T19:06:06.471, ubuntu22-c, 0.005924
2023-07-18T19:06:06.679, ubuntu22-c, 0.007120
2023-07-18T19:06:06.884, ubuntu22-c, 0.005019
2023-07-18T19:06:07.099, ubuntu22-b, 0.013588
2023-07-18T19:06:07.304, ubuntu22-c, 0.005392
2023-07-18T19:06:07.514, ubuntu22-b, 0.008964
2023-07-18T19:06:07.728, ubuntu22-b, 0.013852
2023-07-18T19:06:07.938, ubuntu22-b, 0.009200
2023-07-18T19:06:08.143, ubuntu22-c, 0.004919
2023-07-18T19:06:08.348, ubuntu22-c, 0.004761
2023-07-18T19:06:08.554, ubuntu22-b, 0.005964
2023-07-18T19:06:08.760, ubuntu22-b, 0.005104
2023-07-18T19:06:08.966, ubuntu22-b, 0.005369
2023-07-18T19:06:09.171, ubuntu22-b, 0.005106
2023-07-18T19:06:09.377, ubuntu22-b, 0.005177
2023-07-18T19:06:09.584, ubuntu22-b, 0.007312
2023-07-18T19:06:09.791, ubuntu22-b, 0.006622
2023-07-18T19:06:09.996, ubuntu22-b, 0.004894
2023-07-18T19:06:10.201, ubuntu22-b, 0.004686
2023-07-18T19:06:10.407, ubuntu22-b, 0.004738
2023-07-18T19:06:10.612, ubuntu22-b, 0.004753
2023-07-18T19:06:10.819, ubuntu22-b, 0.006502
2023-07-18T19:06:11.024, ubuntu22-b, 0.005049
2023-07-18T19:06:11.229, ubuntu22-b, 0.005030
2023-07-18T19:06:11.441, ubuntu22-b, 0.010567
2023-07-18T19:06:11.646, ubuntu22-b, 0.004741
2023-07-18T19:06:11.851, ubuntu22-b, 0.004659
2023-07-18T19:06:12.056, ubuntu22-b, 0.005287
2023-07-18T19:06:12.262, ubuntu22-b, 0.004731
2023-07-18T19:06:12.468, ubuntu22-b, 0.005897
2023-07-18T19:06:12.674, ubuntu22-b, 0.005488
2023-07-18T19:06:12.879, ubuntu22-b, 0.005091
2023-07-18T19:06:13.085, ubuntu22-b, 0.005001
2023-07-18T19:06:13.290, ubuntu22-b, 0.005035
2023-07-18T19:06:13.496, ubuntu22-c, 0.005595
2023-07-18T19:06:13.702, ubuntu22-c, 0.005144
2023-07-18T19:06:13.907, ubuntu22-c, 0.004862
2023-07-18T19:06:14.112, ubuntu22-c, 0.004761
2023-07-18T19:06:14.317, ubuntu22-c, 0.005092
2023-07-18T19:06:14.523, ubuntu22-c, 0.004751
2023-07-18T19:06:14.728, ubuntu22-c, 0.004767
2023-07-18T19:06:14.933, ubuntu22-c, 0.005010
2023-07-18T19:06:15.138, ubuntu22-c, 0.004983
2023-07-18T19:06:15.344, ubuntu22-c, 0.004980
2023-07-18T19:06:15.550, ubuntu22-c, 0.006122
2023-07-18T19:06:15.756, ubuntu22-c, 0.004910
2023-07-18T19:06:15.963, ubuntu22-c, 0.007306
2023-07-18T19:06:16.169, ubuntu22-c, 0.004831
2023-07-18T19:06:16.374, ubuntu22-c, 0.004958
2023-07-18T19:06:16.580, ubuntu22-c, 0.005700
2023-07-18T19:06:16.786, ubuntu22-c, 0.005627
2023-07-18T19:06:16.992, ubuntu22-c, 0.005516
2023-07-18T19:06:17.197, ubuntu22-c, 0.004980
2023-07-18T19:06:17.403, ubuntu22-c, 0.004863
2023-07-18T19:06:17.608, ubuntu22-c, 0.004914
2023-07-18T19:06:17.813, ubuntu22-c, 0.004906
2023-07-18T19:06:18.019, ubuntu22-c, 0.004996
2023-07-18T19:06:18.224, ubuntu22-c, 0.005117
2023-07-18T19:06:18.430, ubuntu22-c, 0.005642
2023-07-18T19:06:18.635, ubuntu22-c, 0.004866
2023-07-18T19:06:18.843, ubuntu22-c, 0.007172
2023-07-18T19:06:19.049, ubuntu22-c, 0.006222
2023-07-18T19:06:19.254, ubuntu22-c, 0.004755
2023-07-18T19:06:19.460, ubuntu22-c, 0.005734
2023-07-18T19:06:19.666, ubuntu22-c, 0.005073
2023-07-18T19:06:19.871, ubuntu22-c, 0.004721
2023-07-18T19:06:20.076, ubuntu22-c, 0.004778
2023-07-18T19:06:20.282, ubuntu22-c, 0.005294
2023-07-18T19:06:20.487, ubuntu22-c, 0.004677
2023-07-18T19:06:20.692, ubuntu22-c, 0.004720
2023-07-18T19:06:20.897, ubuntu22-c, 0.005124
2023-07-18T19:06:21.102, ubuntu22-c, 0.004840
2023-07-18T19:06:21.308, ubuntu22-c, 0.004716
2023-07-18T19:06:21.513, ubuntu22-c, 0.004803
2023-07-18T19:06:21.718, ubuntu22-c, 0.005120
2023-07-18T19:06:21.924, ubuntu22-c, 0.005063
2023-07-18T19:06:22.130, ubuntu22-c, 0.005588
2023-07-18T19:06:22.335, ubuntu22-c, 0.004849
2023-07-18T19:06:22.540, ubuntu22-c, 0.004811
2023-07-18T19:06:22.746, ubuntu22-c, 0.004971
2023-07-18T19:06:22.952, ubuntu22-c, 0.004990
2023-07-18T19:06:23.157, ubuntu22-c, 0.004999
2023-07-18T19:06:23.362, ubuntu22-c, 0.004979
2023-07-18T19:06:23.568, ubuntu22-c, 0.005130
2023-07-18T19:06:23.773, ubuntu22-c, 0.005010
2023-07-18T19:06:23.979, ubuntu22-b, 0.005632
2023-07-18T19:06:24.185, ubuntu22-c, 0.005072
2023-07-18T19:06:24.390, ubuntu22-c, 0.005041
2023-07-18T19:06:24.595, ubuntu22-c, 0.004823
2023-07-18T19:06:24.804, ubuntu22-c, 0.008714
2023-07-18T19:06:25.017, ubuntu22-c, 0.012515
2023-07-18T19:06:25.223, ubuntu22-c, 0.005138
2023-07-18T19:06:25.429, ubuntu22-c, 0.005452
2023-07-18T19:06:25.633, , 
2023-07-18T19:06:25.839, ubuntu22-b, 0.005221
2023-07-18T19:06:26.044, ubuntu22-b, 0.005100
2023-07-18T19:06:26.250, ubuntu22-b, 0.005164
2023-07-18T19:06:26.462, ubuntu22-b, 0.011788
2023-07-18T19:06:26.669, ubuntu22-b, 0.006667
2023-07-18T19:06:26.880, ubuntu22-b, 0.010345
2023-07-18T19:06:27.086, ubuntu22-b, 0.005703
2023-07-18T19:06:27.291, ubuntu22-b, 0.004893
2023-07-18T19:06:27.497, ubuntu22-b, 0.004948
2023-07-18T19:06:27.735, ubuntu22-b, 0.037589
2023-07-18T19:06:27.940, ubuntu22-b, 0.004936
2023-07-18T19:06:28.145, ubuntu22-b, 0.004961
2023-07-18T19:06:28.350, ubuntu22-b, 0.004597
2023-07-18T19:06:28.555, ubuntu22-b, 0.004771
2023-07-18T19:06:28.761, ubuntu22-b, 0.005443
2023-07-18T19:06:28.966, ubuntu22-b, 0.004998
2023-07-18T19:06:29.172, ubuntu22-b, 0.004776
2023-07-18T19:06:29.377, ubuntu22-b, 0.004953
2023-07-18T19:06:29.584, ubuntu22-b, 0.006832
2023-07-18T19:06:29.790, ubuntu22-b, 0.005126
2023-07-18T19:06:29.995, ubuntu22-b, 0.004884
2023-07-18T19:06:30.200, ubuntu22-b, 0.004925
2023-07-18T19:06:30.406, ubuntu22-b, 0.005081
2023-07-18T19:06:30.611, ubuntu22-b, 0.004882
2023-07-18T19:06:30.816, ubuntu22-b, 0.005075
2023-07-18T19:06:31.022, ubuntu22-b, 0.005391
2023-07-18T19:06:31.227, ubuntu22-b, 0.005042
2023-07-18T19:06:31.432, ubuntu22-b, 0.004317
2023-07-18T19:06:31.638, ubuntu22-b, 0.005072
2023-07-18T19:06:31.843, ubuntu22-b, 0.004819
2023-07-18T19:06:32.048, ubuntu22-b, 0.005038
2023-07-18T19:06:32.254, ubuntu22-c, 0.005741
2023-07-18T19:06:32.460, ubuntu22-b, 0.005392
2023-07-18T19:06:32.665, ubuntu22-b, 0.004801
2023-07-18T19:06:32.870, ubuntu22-c, 0.004914
2023-07-18T19:06:33.076, ubuntu22-b, 0.005512
2023-07-18T19:06:33.282, ubuntu22-c, 0.005539
2023-07-18T19:06:33.487, ubuntu22-c, 0.004896
2023-07-18T19:06:33.693, ubuntu22-c, 0.004992
2023-07-18T19:06:33.898, ubuntu22-c, 0.005239
2023-07-18T19:06:34.103, ubuntu22-c, 0.004824
2023-07-18T19:06:34.309, ubuntu22-c, 0.004918
2023-07-18T19:06:34.514, ubuntu22-c, 0.004845
2023-07-18T19:06:34.719, ubuntu22-c, 0.004784
2023-07-18T19:06:34.925, ubuntu22-c, 0.005353
2023-07-18T19:06:35.131, ubuntu22-c, 0.005830
2023-07-18T19:06:35.336, ubuntu22-c, 0.004843
2023-07-18T19:06:35.541, ubuntu22-c, 0.004963
2023-07-18T19:06:35.747, ubuntu22-c, 0.005069
2023-07-18T19:06:35.952, ubuntu22-c, 0.004897
2023-07-18T19:06:36.160, ubuntu22-c, 0.007739
2023-07-18T19:06:36.365, ubuntu22-c, 0.004844
2023-07-18T19:06:36.570, ubuntu22-c, 0.004765
2023-07-18T19:06:36.777, ubuntu22-c, 0.005884
2023-07-18T19:06:36.982, ubuntu22-c, 0.005013
2023-07-18T19:06:37.188, ubuntu22-c, 0.005140
2023-07-18T19:06:37.393, ubuntu22-c, 0.004939
2023-07-18T19:06:37.598, ubuntu22-c, 0.004904
2023-07-18T19:06:37.804, ubuntu22-c, 0.005430
2023-07-18T19:06:38.009, ubuntu22-c, 0.004739
2023-07-18T19:06:38.215, ubuntu22-c, 0.005196
2023-07-18T19:06:38.428, ubuntu22-c, 0.012973
2023-07-18T19:06:38.633, ubuntu22-c, 0.004942
2023-07-18T19:06:38.839, ubuntu22-c, 0.005122
2023-07-18T19:06:39.045, ubuntu22-c, 0.005773
2023-07-18T19:06:39.252, ubuntu22-c, 0.006747
2023-07-18T19:06:39.458, ubuntu22-c, 0.004978
2023-07-18T19:06:39.663, ubuntu22-c, 0.004792
2023-07-18T19:06:39.868, ubuntu22-d, 0.005253
2023-07-18T19:06:40.074, ubuntu22-d, 0.004785
2023-07-18T19:06:40.279, ubuntu22-c, 0.004939
2023-07-18T19:06:40.484, ubuntu22-c, 0.005065
2023-07-18T19:06:40.690, ubuntu22-d, 0.005019
2023-07-18T19:06:40.895, ubuntu22-d, 0.005094
2023-07-18T19:06:41.102, ubuntu22-d, 0.006842
2023-07-18T19:06:41.307, ubuntu22-d, 0.004854
2023-07-18T19:06:41.514, ubuntu22-d, 0.005800
2023-07-18T19:06:41.719, ubuntu22-d, 0.004777
2023-07-18T19:06:41.924, ubuntu22-d, 0.005069
2023-07-18T19:06:42.138, ubuntu22-d, 0.013382
2023-07-18T19:06:42.346, ubuntu22-d, 0.007102
2023-07-18T19:06:42.551, ubuntu22-d, 0.004853
2023-07-18T19:06:42.756, ubuntu22-d, 0.004928
2023-07-18T19:06:42.961, ubuntu22-d, 0.004958
2023-07-18T19:06:43.167, ubuntu22-d, 0.005081
2023-07-18T19:06:43.372, ubuntu22-d, 0.005066
2023-07-18T19:06:43.578, ubuntu22-d, 0.005093
2023-07-18T19:06:43.783, ubuntu22-d, 0.004790
2023-07-18T19:06:43.989, ubuntu22-d, 0.005075
2023-07-18T19:06:44.194, ubuntu22-d, 0.004813
2023-07-18T19:06:44.400, ubuntu22-d, 0.005965
2023-07-18T19:06:44.605, ubuntu22-d, 0.004962
2023-07-18T19:06:44.811, ubuntu22-d, 0.004863
2023-07-18T19:06:45.016, ubuntu22-d, 0.005167
2023-07-18T19:06:45.222, ubuntu22-d, 0.005256
2023-07-18T19:06:45.427, ubuntu22-d, 0.005028
2023-07-18T19:06:45.633, ubuntu22-d, 0.004824
2023-07-18T19:06:45.838, ubuntu22-d, 0.004874
2023-07-18T19:06:46.043, ubuntu22-d, 0.004894
2023-07-18T19:06:46.250, ubuntu22-d, 0.006102
2023-07-18T19:06:46.458, ubuntu22-d, 0.008085
2023-07-18T19:06:46.664, ubuntu22-d, 0.005137
2023-07-18T19:06:46.870, ubuntu22-d, 0.005428
2023-07-18T19:06:47.075, ubuntu22-d, 0.005132
2023-07-18T19:06:47.282, ubuntu22-d, 0.006464
2023-07-18T19:06:47.488, ubuntu22-d, 0.005210
2023-07-18T19:06:47.694, ubuntu22-d, 0.005558
2023-07-18T19:06:47.899, ubuntu22-d, 0.005139
2023-07-18T19:06:48.105, ubuntu22-d, 0.005298
2023-07-18T19:06:48.311, ubuntu22-d, 0.005156
2023-07-18T19:06:48.516, ubuntu22-d, 0.005170
2023-07-18T19:06:48.722, ubuntu22-d, 0.005368
2023-07-18T19:06:48.930, ubuntu22-d, 0.007682
2023-07-18T19:06:49.135, ubuntu22-d, 0.004982
2023-07-18T19:06:49.340, ubuntu22-d, 0.005069
2023-07-18T19:06:49.546, ubuntu22-b, 0.005430
2023-07-18T19:06:49.751, ubuntu22-d, 0.004755
2023-07-18T19:06:49.956, ubuntu22-d, 0.004850
2023-07-18T19:06:50.161, ubuntu22-b, 0.004662
2023-07-18T19:06:50.368, ubuntu22-b, 0.006275
2023-07-18T19:06:50.573, ubuntu22-d, 0.005091
2023-07-18T19:06:50.789, ubuntu22-b, 0.014267
2023-07-18T19:06:50.995, ubuntu22-b, 0.005215
2023-07-18T19:06:51.200, ubuntu22-b, 0.005178
2023-07-18T19:06:51.408, ubuntu22-b, 0.007201
2023-07-18T19:06:51.616, ubuntu22-b, 0.007849
2023-07-18T19:06:51.828, ubuntu22-b, 0.011625
2023-07-18T19:06:52.044, ubuntu22-b, 0.015631
2023-07-18T19:06:52.324, ubuntu22-b, 0.079540
2023-07-18T19:06:52.529, ubuntu22-b, 0.004902
2023-07-18T19:06:52.734, ubuntu22-b, 0.004752
2023-07-18T19:06:52.940, ubuntu22-b, 0.005569
2023-07-18T19:06:53.145, ubuntu22-b, 0.004913
2023-07-18T19:06:53.361, ubuntu22-b, 0.015630
2023-07-18T19:06:53.567, ubuntu22-b, 0.005098
2023-07-18T19:06:53.772, ubuntu22-b, 0.004942
2023-07-18T19:06:53.977, ubuntu22-b, 0.004815
2023-07-18T19:06:54.182, ubuntu22-b, 0.005012
2023-07-18T19:06:54.388, ubuntu22-b, 0.005123
2023-07-18T19:06:54.593, ubuntu22-b, 0.004789
2023-07-18T19:06:54.798, ubuntu22-b, 0.004508
2023-07-18T19:06:55.003, ubuntu22-b, 0.005077
2023-07-18T19:06:55.210, ubuntu22-b, 0.005771
2023-07-18T19:06:55.415, ubuntu22-b, 0.004775
2023-07-18T19:06:55.621, ubuntu22-d, 0.005572
2023-07-18T19:06:55.827, ubuntu22-b, 0.006351
2023-07-18T19:06:56.033, ubuntu22-b, 0.005070
2023-07-18T19:06:56.239, ubuntu22-d, 0.005102
2023-07-18T19:06:56.445, ubuntu22-d, 0.005541
2023-07-18T19:06:56.650, ubuntu22-b, 0.005076
2023-07-18T19:06:56.856, ubuntu22-d, 0.005393
2023-07-18T19:06:57.062, ubuntu22-d, 0.005826
2023-07-18T19:06:57.268, ubuntu22-d, 0.005289
2023-07-18T19:06:57.473, ubuntu22-d, 0.005079
2023-07-18T19:06:57.679, ubuntu22-d, 0.005176
2023-07-18T19:06:57.884, ubuntu22-d, 0.005186
2023-07-18T19:06:58.090, ubuntu22-d, 0.005282
2023-07-18T19:06:58.295, ubuntu22-d, 0.005082
2023-07-18T19:06:58.502, ubuntu22-d, 0.006000
2023-07-18T19:06:58.716, ubuntu22-d, 0.012307
2023-07-18T19:06:58.922, ubuntu22-d, 0.005309
2023-07-18T19:06:59.128, ubuntu22-d, 0.005715
2023-07-18T19:06:59.334, ubuntu22-d, 0.005646
2023-07-18T19:06:59.540, ubuntu22-d, 0.004935
2023-07-18T19:06:59.751, ubuntu22-d, 0.010381
2023-07-18T19:06:59.956, ubuntu22-d, 0.005206
2023-07-18T19:07:00.162, ubuntu22-d, 0.005431
2023-07-18T19:07:00.385, ubuntu22-d, 0.022592
2023-07-18T19:07:00.593, ubuntu22-d, 0.007724
2023-07-18T19:07:00.799, ubuntu22-d, 0.005590
2023-07-18T19:07:01.005, ubuntu22-d, 0.005306
2023-07-18T19:07:01.211, ubuntu22-d, 0.005837
2023-07-18T19:07:01.417, ubuntu22-d, 0.005284
2023-07-18T19:07:01.623, ubuntu22-d, 0.005149
2023-07-18T19:07:01.828, ubuntu22-d, 0.005083
2023-07-18T19:07:02.035, ubuntu22-d, 0.006382
2023-07-18T19:07:02.241, ubuntu22-d, 0.005004
2023-07-18T19:07:02.447, ubuntu22-d, 0.005973
2023-07-18T19:07:02.653, ubuntu22-d, 0.005099
2023-07-18T19:07:02.858, ubuntu22-d, 0.004861
2023-07-18T19:07:03.067, ubuntu22-d, 0.008614
2023-07-18T19:07:03.273, ubuntu22-d, 0.005719
2023-07-18T19:07:03.479, ubuntu22-d, 0.004943
2023-07-18T19:07:03.684, ubuntu22-d, 0.005264
2023-07-18T19:07:03.890, ubuntu22-d, 0.004917
2023-07-18T19:07:04.095, ubuntu22-d, 0.005077
2023-07-18T19:07:04.302, ubuntu22-c, 0.005862
2023-07-18T19:07:04.507, ubuntu22-c, 0.005052
2023-07-18T19:07:04.713, ubuntu22-c, 0.005111
2023-07-18T19:07:04.918, ubuntu22-c, 0.005193
2023-07-18T19:07:05.123, ubuntu22-d, 0.005012
2023-07-18T19:07:05.329, ubuntu22-c, 0.005460
2023-07-18T19:07:05.536, ubuntu22-c, 0.006501
2023-07-18T19:07:05.742, ubuntu22-c, 0.005223
2023-07-18T19:07:05.948, ubuntu22-c, 0.005642
2023-07-18T19:07:06.154, ubuntu22-c, 0.005448
2023-07-18T19:07:06.360, ubuntu22-c, 0.005330
2023-07-18T19:07:06.569, ubuntu22-c, 0.008690
2023-07-18T19:07:06.775, ubuntu22-c, 0.005574
2023-07-18T19:07:06.983, ubuntu22-c, 0.008053
2023-07-18T19:07:07.189, ubuntu22-c, 0.005004
2023-07-18T19:07:07.394, ubuntu22-c, 0.004675
2023-07-18T19:07:07.600, ubuntu22-c, 0.005775
2023-07-18T19:07:07.806, ubuntu22-c, 0.005158
2023-07-18T19:07:08.012, ubuntu22-c, 0.005157
2023-07-18T19:07:08.217, ubuntu22-c, 0.005154
2023-07-18T19:07:08.434, ubuntu22-c, 0.016413
2023-07-18T19:07:08.639, ubuntu22-c, 0.004990
2023-07-18T19:07:08.845, ubuntu22-c, 0.005522
2023-07-18T19:07:09.051, ubuntu22-c, 0.005183
2023-07-18T19:07:09.257, ubuntu22-c, 0.005306
2023-07-18T19:07:09.462, ubuntu22-c, 0.005113
2023-07-18T19:07:09.668, ubuntu22-c, 0.005274
2023-07-18T19:07:09.874, ubuntu22-c, 0.005661
2023-07-18T19:07:10.080, ubuntu22-c, 0.005324
2023-07-18T19:07:10.286, ubuntu22-c, 0.005644
2023-07-18T19:07:10.492, ubuntu22-c, 0.005579
2023-07-18T19:07:10.698, ubuntu22-c, 0.005340
2023-07-18T19:07:10.903, ubuntu22-c, 0.005430
2023-07-18T19:07:11.109, ubuntu22-c, 0.005370
2023-07-18T19:07:11.315, ubuntu22-c, 0.004889
2023-07-18T19:07:11.520, ubuntu22-c, 0.005625
2023-07-18T19:07:11.726, ubuntu22-c, 0.005281
2023-07-18T19:07:11.931, ubuntu22-c, 0.005034
2023-07-18T19:07:12.137, ubuntu22-c, 0.005196
2023-07-18T19:07:12.342, ubuntu22-c, 0.004807
2023-07-18T19:07:12.547, ubuntu22-c, 0.005080
2023-07-18T19:07:12.753, ubuntu22-c, 0.004880
2023-07-18T19:07:12.958, ubuntu22-c, 0.004916
2023-07-18T19:07:13.163, ubuntu22-c, 0.004715
2023-07-18T19:07:13.369, ubuntu22-c, 0.005018
2023-07-18T19:07:13.574, ubuntu22-c, 0.004922
2023-07-18T19:07:13.780, ubuntu22-c, 0.004924
2023-07-18T19:07:13.985, ubuntu22-c, 0.005232
2023-07-18T19:07:14.191, ubuntu22-c, 0.004901
2023-07-18T19:07:14.396, ubuntu22-c, 0.004578
2023-07-18T19:07:14.602, ubuntu22-c, 0.005954
2023-07-18T19:07:14.807, ubuntu22-c, 0.004995
2023-07-18T19:07:15.017, ubuntu22-b, 0.008955
2023-07-18T19:07:15.223, ubuntu22-b, 0.004865
2023-07-18T19:07:15.429, ubuntu22-c, 0.005740
2023-07-18T19:07:15.634, ubuntu22-c, 0.005006
2023-07-18T19:07:15.839, ubuntu22-c, 0.004986
2023-07-18T19:07:16.046, ubuntu22-b, 0.005709
2023-07-18T19:07:16.251, ubuntu22-b, 0.005054
2023-07-18T19:07:16.467, ubuntu22-b, 0.015795
2023-07-18T19:07:16.673, ubuntu22-b, 0.005003
2023-07-18T19:07:16.888, ubuntu22-b, 0.015112
2023-07-18T19:07:17.101, ubuntu22-b, 0.011993
2023-07-18T19:07:17.373, ubuntu22-b, 0.071496
2023-07-18T19:07:17.580, ubuntu22-b, 0.007266
2023-07-18T19:07:17.792, ubuntu22-b, 0.011627
2023-07-18T19:07:17.999, ubuntu22-b, 0.005889
2023-07-18T19:07:18.204, ubuntu22-b, 0.005356
2023-07-18T19:07:18.410, ubuntu22-b, 0.005126
2023-07-18T19:07:18.616, ubuntu22-b, 0.005414
2023-07-18T19:07:18.822, ubuntu22-b, 0.005489
2023-07-18T19:07:19.028, ubuntu22-b, 0.005628
2023-07-18T19:07:19.234, ubuntu22-b, 0.005319
2023-07-18T19:07:19.439, ubuntu22-b, 0.005345
2023-07-18T19:07:19.645, ubuntu22-b, 0.005205
2023-07-18T19:07:19.851, ubuntu22-b, 0.004855
2023-07-18T19:07:20.056, ubuntu22-b, 0.005250
2023-07-18T19:07:20.262, ubuntu22-b, 0.005141
2023-07-18T19:07:20.468, ubuntu22-b, 0.005645
2023-07-18T19:07:20.674, ubuntu22-b, 0.005179
2023-07-18T19:07:20.880, ubuntu22-b, 0.005275
2023-07-18T19:07:21.085, ubuntu22-b, 0.005237
2023-07-18T19:07:21.291, ubuntu22-b, 0.005069
2023-07-18T19:07:21.500, ubuntu22-b, 0.008091
2023-07-18T19:07:21.707, ubuntu22-b, 0.006716
2023-07-18T19:07:21.913, ubuntu22-c, 0.005680
2023-07-18T19:07:22.118, ubuntu22-c, 0.004833
2023-07-18T19:07:22.324, ubuntu22-c, 0.005073
2023-07-18T19:07:22.529, ubuntu22-c, 0.004947
2023-07-18T19:07:22.735, ubuntu22-b, 0.004881
2023-07-18T19:07:22.940, ubuntu22-b, 0.005068
2023-07-18T19:07:23.146, ubuntu22-c, 0.005202
2023-07-18T19:07:23.359, ubuntu22-b, 0.012755
2023-07-18T19:07:23.565, ubuntu22-c, 0.005419
2023-07-18T19:07:23.771, ubuntu22-c, 0.005478
2023-07-18T19:07:23.976, ubuntu22-c, 0.004970
2023-07-18T19:07:24.181, ubuntu22-c, 0.004632
2023-07-18T19:07:24.387, ubuntu22-c, 0.005197
2023-07-18T19:07:24.593, ubuntu22-c, 0.005455
2023-07-18T19:07:24.801, ubuntu22-c, 0.007132
2023-07-18T19:07:25.007, ubuntu22-c, 0.005703
2023-07-18T19:07:25.212, ubuntu22-c, 0.005176
2023-07-18T19:07:25.418, ubuntu22-c, 0.005104
2023-07-18T19:07:25.623, ubuntu22-c, 0.005138
2023-07-18T19:07:25.829, ubuntu22-c, 0.005385
2023-07-18T19:07:26.035, ubuntu22-c, 0.005157
2023-07-18T19:07:26.240, ubuntu22-c, 0.005166
2023-07-18T19:07:26.446, ubuntu22-c, 0.005312
2023-07-18T19:07:26.651, ubuntu22-c, 0.005069
2023-07-18T19:07:26.858, ubuntu22-c, 0.006033
2023-07-18T19:07:27.064, ubuntu22-c, 0.005432
2023-07-18T19:07:27.271, ubuntu22-c, 0.006641
2023-07-18T19:07:27.476, ubuntu22-c, 0.005065
2023-07-18T19:07:27.682, ubuntu22-c, 0.005484
2023-07-18T19:07:27.895, ubuntu22-c, 0.012343
2023-07-18T19:07:28.101, ubuntu22-c, 0.005451
2023-07-18T19:07:28.307, ubuntu22-c, 0.005197
2023-07-18T19:07:28.512, ubuntu22-c, 0.005006
2023-07-18T19:07:28.718, ubuntu22-c, 0.005309
2023-07-18T19:07:28.923, ubuntu22-c, 0.004894
2023-07-18T19:07:29.133, ubuntu22-c, 0.009252
2023-07-18T19:07:29.339, ubuntu22-c, 0.005264
2023-07-18T19:07:29.546, ubuntu22-c, 0.006315
2023-07-18T19:07:29.751, ubuntu22-c, 0.005146
2023-07-18T19:07:29.957, ubuntu22-c, 0.004992
2023-07-18T19:07:30.165, ubuntu22-c, 0.007998
2023-07-18T19:07:30.371, ubuntu22-c, 0.005331
2023-07-18T19:07:30.577, ubuntu22-c, 0.005499
2023-07-18T19:07:30.782, ubuntu22-c, 0.004800
2023-07-18T19:07:30.988, ubuntu22-c, 0.004979
2023-07-18T19:07:31.193, ubuntu22-c, 0.005098
2023-07-18T19:07:31.399, ubuntu22-c, 0.005380
2023-07-18T19:07:31.604, ubuntu22-c, 0.005148
2023-07-18T19:07:31.810, ubuntu22-b, 0.005474
2023-07-18T19:07:32.016, ubuntu22-b, 0.005139
2023-07-18T19:07:32.221, ubuntu22-b, 0.005036
2023-07-18T19:07:32.426, ubuntu22-c, 0.004870
2023-07-18T19:07:32.632, ubuntu22-b, 0.004791
2023-07-18T19:07:32.837, ubuntu22-c, 0.005044
2023-07-18T19:07:33.042, ubuntu22-b, 0.004998
2023-07-18T19:07:33.249, ubuntu22-b, 0.005898
2023-07-18T19:07:33.454, ubuntu22-b, 0.004826
2023-07-18T19:07:33.660, ubuntu22-b, 0.005611
2023-07-18T19:07:33.866, ubuntu22-b, 0.005320
2023-07-18T19:07:34.071, ubuntu22-b, 0.005080
2023-07-18T19:07:34.276, ubuntu22-b, 0.005009
2023-07-18T19:07:34.484, ubuntu22-b, 0.007039
2023-07-18T19:07:34.696, ubuntu22-b, 0.011493
2023-07-18T19:07:34.920, ubuntu22-b, 0.023923
2023-07-18T19:07:35.126, ubuntu22-b, 0.005345
2023-07-18T19:07:35.331, ubuntu22-b, 0.004850
2023-07-18T19:07:35.538, ubuntu22-b, 0.006127
2023-07-18T19:07:35.743, ubuntu22-b, 0.005076
2023-07-18T19:07:35.950, ubuntu22-b, 0.006037
2023-07-18T19:07:36.157, ubuntu22-b, 0.007375
2023-07-18T19:07:36.370, ubuntu22-b, 0.011705
2023-07-18T19:07:36.584, ubuntu22-b, 0.014316
2023-07-18T19:07:36.795, ubuntu22-b, 0.009936
2023-07-18T19:07:37.000, ubuntu22-b, 0.005084
2023-07-18T19:07:37.208, ubuntu22-b, 0.007921
2023-07-18T19:07:37.414, ubuntu22-b, 0.005303
2023-07-18T19:07:37.620, ubuntu22-b, 0.005337
2023-07-18T19:07:37.828, ubuntu22-b, 0.007735
2023-07-18T19:07:38.034, ubuntu22-b, 0.005266
2023-07-18T19:07:38.240, ubuntu22-b, 0.005167
2023-07-18T19:07:38.445, ubuntu22-b, 0.005236
2023-07-18T19:07:38.654, ubuntu22-b, 0.008503
2023-07-18T19:07:38.860, ubuntu22-b, 0.004994
2023-07-18T19:07:39.066, ubuntu22-b, 0.005411
2023-07-18T19:07:39.273, ubuntu22-b, 0.006505
2023-07-18T19:07:39.478, ubuntu22-b, 0.005246
2023-07-18T19:07:39.685, ubuntu22-d, 0.005824
2023-07-18T19:07:39.891, ubuntu22-b, 0.005826
2023-07-18T19:07:40.097, ubuntu22-b, 0.005119
2023-07-18T19:07:40.321, ubuntu22-d, 0.023779
2023-07-18T19:07:40.527, ubuntu22-d, 0.005521
2023-07-18T19:07:40.733, ubuntu22-d, 0.005298
2023-07-18T19:07:40.938, ubuntu22-b, 0.005013
2023-07-18T19:07:41.143, ubuntu22-b, 0.005147
2023-07-18T19:07:41.349, ubuntu22-d, 0.005354
2023-07-18T19:07:41.558, ubuntu22-b, 0.008399
2023-07-18T19:07:41.764, ubuntu22-d, 0.005341
2023-07-18T19:07:41.970, ubuntu22-d, 0.006218
2023-07-18T19:07:42.176, ubuntu22-d, 0.005159
2023-07-18T19:07:42.383, ubuntu22-d, 0.006245
2023-07-18T19:07:42.588, ubuntu22-d, 0.005104
2023-07-18T19:07:42.794, ubuntu22-d, 0.005055
2023-07-18T19:07:42.999, ubuntu22-d, 0.004946
2023-07-18T19:07:43.204, ubuntu22-d, 0.004937
2023-07-18T19:07:43.410, ubuntu22-d, 0.005042
2023-07-18T19:07:43.615, ubuntu22-d, 0.004906
2023-07-18T19:07:43.820, ubuntu22-d, 0.004838
2023-07-18T19:07:44.025, ubuntu22-d, 0.004989
2023-07-18T19:07:44.231, ubuntu22-d, 0.004954
2023-07-18T19:07:44.436, ubuntu22-d, 0.004849
2023-07-18T19:07:44.642, ubuntu22-d, 0.005300
2023-07-18T19:07:44.847, ubuntu22-d, 0.004944
2023-07-18T19:07:45.052, ubuntu22-d, 0.005312
2023-07-18T19:07:45.258, ubuntu22-d, 0.004941
2023-07-18T19:07:45.467, ubuntu22-d, 0.008425
2023-07-18T19:07:45.673, ubuntu22-d, 0.006059
2023-07-18T19:07:45.879, ubuntu22-d, 0.005049
2023-07-18T19:07:46.084, ubuntu22-d, 0.005164
2023-07-18T19:07:46.290, ubuntu22-d, 0.005084
2023-07-18T19:07:46.495, ubuntu22-d, 0.004759
2023-07-18T19:07:46.700, ubuntu22-d, 0.005110
2023-07-18T19:07:46.906, ubuntu22-d, 0.005080
2023-07-18T19:07:47.111, ubuntu22-d, 0.004953
2023-07-18T19:07:47.316, ubuntu22-d, 0.005012
2023-07-18T19:07:47.522, ubuntu22-d, 0.005261
2023-07-18T19:07:47.727, ubuntu22-d, 0.005053
2023-07-18T19:07:47.933, ubuntu22-d, 0.005037
2023-07-18T19:07:48.138, ubuntu22-d, 0.004977
2023-07-18T19:07:48.343, ubuntu22-d, 0.004990
2023-07-18T19:07:48.549, ubuntu22-d, 0.005028
2023-07-18T19:07:48.758, ubuntu22-d, 0.009110
2023-07-18T19:07:48.964, ubuntu22-d, 0.005035
2023-07-18T19:07:49.169, ubuntu22-d, 0.005387
2023-07-18T19:07:49.375, ubuntu22-d, 0.005164
2023-07-18T19:07:49.580, ubuntu22-d, 0.004746
2023-07-18T19:07:49.788, ubuntu22-d, 0.007481
2023-07-18T19:07:49.993, ubuntu22-d, 0.005031
2023-07-18T19:07:50.199, ubuntu22-d, 0.005067
2023-07-18T19:07:50.405, ubuntu22-d, 0.005417
2023-07-18T19:07:50.610, ubuntu22-d, 0.004762
2023-07-18T19:07:50.815, ubuntu22-d, 0.004825
2023-07-18T19:07:51.021, ubuntu22-d, 0.005629
2023-07-18T19:07:51.227, ubuntu22-d, 0.005821
2023-07-18T19:07:51.433, ubuntu22-d, 0.005039
2023-07-18T19:07:51.638, ubuntu22-d, 0.004750
2023-07-18T19:07:51.843, ubuntu22-d, 0.004979
2023-07-18T19:07:52.052, ubuntu22-b, 0.008134
2023-07-18T19:07:52.257, ubuntu22-b, 0.004847
2023-07-18T19:07:52.462, ubuntu22-b, 0.004514
2023-07-18T19:07:52.667, ubuntu22-d, 0.004777
2023-07-18T19:07:52.872, ubuntu22-b, 0.004697
2023-07-18T19:07:53.078, ubuntu22-d, 0.004730
2023-07-18T19:07:53.283, ubuntu22-b, 0.005141
2023-07-18T19:07:53.488, ubuntu22-d, 0.004921
2023-07-18T19:07:53.694, ubuntu22-b, 0.005611
2023-07-18T19:07:53.899, , 
2023-07-18T19:07:54.104, ubuntu22-b, 0.004983
2023-07-18T19:07:54.309, ubuntu22-b, 0.004883
2023-07-18T19:07:54.515, ubuntu22-b, 0.005329
2023-07-18T19:07:54.720, ubuntu22-b, 0.004926
2023-07-18T19:07:54.925, ubuntu22-b, 0.004865
2023-07-18T19:07:55.131, ubuntu22-b, 0.004985
2023-07-18T19:07:55.337, ubuntu22-b, 0.004807
2023-07-18T19:07:55.542, ubuntu22-b, 0.004781
2023-07-18T19:07:55.748, ubuntu22-b, 0.005349
2023-07-18T19:07:55.953, ubuntu22-b, 0.005059
2023-07-18T19:07:56.159, ubuntu22-b, 0.004952
2023-07-18T19:07:56.364, ubuntu22-b, 0.004981
2023-07-18T19:07:56.572, ubuntu22-b, 0.007661
2023-07-18T19:07:56.778, ubuntu22-b, 0.005216
2023-07-18T19:07:56.987, ubuntu22-b, 0.007564
2023-07-18T19:07:57.192, ubuntu22-b, 0.005038
2023-07-18T19:07:57.398, ubuntu22-b, 0.004965
2023-07-18T19:07:57.605, ubuntu22-b, 0.006753
2023-07-18T19:07:57.810, ubuntu22-b, 0.004924
2023-07-18T19:07:58.016, ubuntu22-b, 0.005374
2023-07-18T19:07:58.222, ubuntu22-b, 0.005236
2023-07-18T19:07:58.428, ubuntu22-b, 0.005601
2023-07-18T19:07:58.633, ubuntu22-b, 0.005118
2023-07-18T19:07:58.839, ubuntu22-c, 0.005624
2023-07-18T19:07:59.045, ubuntu22-c, 0.004785
2023-07-18T19:07:59.250, ubuntu22-c, 0.004808
2023-07-18T19:07:59.455, ubuntu22-b, 0.004905
2023-07-18T19:07:59.660, ubuntu22-c, 0.004809
2023-07-18T19:07:59.866, ubuntu22-c, 0.005113
2023-07-18T19:08:00.071, ubuntu22-c, 0.005217
2023-07-18T19:08:00.277, ubuntu22-c, 0.005608
2023-07-18T19:08:00.483, ubuntu22-c, 0.005201
2023-07-18T19:08:00.689, ubuntu22-c, 0.005825
2023-07-18T19:08:00.895, ubuntu22-c, 0.004804
2023-07-18T19:08:01.100, ubuntu22-c, 0.004936
2023-07-18T19:08:01.305, ubuntu22-c, 0.005083
2023-07-18T19:08:01.511, ubuntu22-c, 0.005221
2023-07-18T19:08:01.716, ubuntu22-c, 0.005120
2023-07-18T19:08:01.922, ubuntu22-c, 0.004836
2023-07-18T19:08:02.127, ubuntu22-c, 0.004735
2023-07-18T19:08:02.332, ubuntu22-c, 0.004806
2023-07-18T19:08:02.538, ubuntu22-c, 0.005284
2023-07-18T19:08:02.746, ubuntu22-c, 0.008311
2023-07-18T19:08:02.952, ubuntu22-c, 0.004730
2023-07-18T19:08:03.157, ubuntu22-c, 0.004832
2023-07-18T19:08:03.362, ubuntu22-c, 0.004711
2023-07-18T19:08:03.567, ubuntu22-c, 0.004925
2023-07-18T19:08:03.772, ubuntu22-c, 0.004926
2023-07-18T19:08:03.978, ubuntu22-c, 0.004962
2023-07-18T19:08:04.183, ubuntu22-c, 0.005326
2023-07-18T19:08:04.389, ubuntu22-c, 0.005024
2023-07-18T19:08:04.594, ubuntu22-c, 0.005134
2023-07-18T19:08:04.799, ubuntu22-c, 0.004757
2023-07-18T19:08:05.005, ubuntu22-c, 0.004892
2023-07-18T19:08:05.210, ubuntu22-c, 0.004966
2023-07-18T19:08:05.415, ubuntu22-c, 0.004822
2023-07-18T19:08:05.620, ubuntu22-c, 0.004761
2023-07-18T19:08:05.825, ubuntu22-c, 0.004749
2023-07-18T19:08:06.031, ubuntu22-c, 0.004908
2023-07-18T19:08:06.236, ubuntu22-c, 0.004717
2023-07-18T19:08:06.441, ubuntu22-c, 0.005029
2023-07-18T19:08:06.647, ubuntu22-d, 0.005424
2023-07-18T19:08:06.855, ubuntu22-c, 0.007862
2023-07-18T19:08:07.061, ubuntu22-d, 0.005522
2023-07-18T19:08:07.267, ubuntu22-d, 0.005125
2023-07-18T19:08:07.472, ubuntu22-d, 0.005255
2023-07-18T19:08:07.678, ubuntu22-d, 0.005174
2023-07-18T19:08:07.883, ubuntu22-d, 0.005327
2023-07-18T19:08:08.089, ubuntu22-d, 0.005450
2023-07-18T19:08:08.295, ubuntu22-d, 0.005117
2023-07-18T19:08:08.501, ubuntu22-d, 0.005462
2023-07-18T19:08:08.706, ubuntu22-d, 0.005004
2023-07-18T19:08:08.911, ubuntu22-d, 0.005024
2023-07-18T19:08:09.118, ubuntu22-d, 0.005603
2023-07-18T19:08:09.323, ubuntu22-d, 0.005261
2023-07-18T19:08:09.530, ubuntu22-d, 0.005908
2023-07-18T19:08:09.735, ubuntu22-d, 0.005114
2023-07-18T19:08:09.941, ubuntu22-d, 0.005087
2023-07-18T19:08:10.147, ubuntu22-d, 0.005113
2023-07-18T19:08:10.352, ubuntu22-d, 0.005010
2023-07-18T19:08:10.558, ubuntu22-d, 0.005211
2023-07-18T19:08:10.764, ubuntu22-d, 0.005467
2023-07-18T19:08:10.970, ubuntu22-d, 0.005681
2023-07-18T19:08:11.175, ubuntu22-d, 0.004973
2023-07-18T19:08:11.381, ubuntu22-d, 0.005140
2023-07-18T19:08:11.587, ubuntu22-d, 0.005196
2023-07-18T19:08:11.792, ubuntu22-d, 0.005171
2023-07-18T19:08:11.998, ubuntu22-d, 0.005235
2023-07-18T19:08:12.204, ubuntu22-d, 0.005219
2023-07-18T19:08:12.409, ubuntu22-d, 0.005416
2023-07-18T19:08:12.615, ubuntu22-d, 0.005243
2023-07-18T19:08:12.821, ubuntu22-c, 0.005471
2023-07-18T19:08:13.027, ubuntu22-c, 0.005732
2023-07-18T19:08:13.232, ubuntu22-c, 0.004946
2023-07-18T19:08:13.438, ubuntu22-d, 0.004967
2023-07-18T19:08:13.643, ubuntu22-d, 0.005070
2023-07-18T19:08:13.849, ubuntu22-d, 0.005017
2023-07-18T19:08:14.055, ubuntu22-c, 0.005549
2023-07-18T19:08:14.260, ubuntu22-c, 0.005132
2023-07-18T19:08:14.466, ubuntu22-c, 0.005268
2023-07-18T19:08:14.671, ubuntu22-c, 0.004997
2023-07-18T19:08:14.877, ubuntu22-c, 0.005324
2023-07-18T19:08:15.084, ubuntu22-c, 0.006945
2023-07-18T19:08:15.290, ubuntu22-c, 0.005130
2023-07-18T19:08:15.495, ubuntu22-c, 0.004889
2023-07-18T19:08:15.701, ubuntu22-c, 0.004934
2023-07-18T19:08:15.907, ubuntu22-c, 0.006049
2023-07-18T19:08:16.113, ubuntu22-c, 0.005341
2023-07-18T19:08:16.319, ubuntu22-c, 0.004949
2023-07-18T19:08:16.524, ubuntu22-c, 0.005085
2023-07-18T19:08:16.730, ubuntu22-c, 0.005196
2023-07-18T19:08:16.935, ubuntu22-c, 0.005047
2023-07-18T19:08:17.141, ubuntu22-c, 0.005031
2023-07-18T19:08:17.346, ubuntu22-c, 0.004947
2023-07-18T19:08:17.552, ubuntu22-c, 0.005208
2023-07-18T19:08:17.758, ubuntu22-c, 0.005209
2023-07-18T19:08:17.967, ubuntu22-c, 0.008095
2023-07-18T19:08:18.172, ubuntu22-c, 0.005274
2023-07-18T19:08:18.378, ubuntu22-c, 0.005051
2023-07-18T19:08:18.584, ubuntu22-c, 0.006007
2023-07-18T19:08:18.790, ubuntu22-c, 0.005141
2023-07-18T19:08:18.995, ubuntu22-c, 0.005172
2023-07-18T19:08:19.201, ubuntu22-c, 0.005505
2023-07-18T19:08:19.407, ubuntu22-c, 0.005020
2023-07-18T19:08:19.613, ubuntu22-c, 0.005596
2023-07-18T19:08:19.818, ubuntu22-c, 0.005082
2023-07-18T19:08:20.024, ubuntu22-c, 0.005233
2023-07-18T19:08:20.230, ubuntu22-c, 0.005735
2023-07-18T19:08:20.436, ubuntu22-c, 0.005196
2023-07-18T19:08:20.642, ubuntu22-c, 0.005222
2023-07-18T19:08:20.847, ubuntu22-d, 0.005438
2023-07-18T19:08:21.053, ubuntu22-d, 0.005235
2023-07-18T19:08:21.258, ubuntu22-d, 0.004872
2023-07-18T19:08:21.464, ubuntu22-d, 0.005157
2023-07-18T19:08:21.669, , 
2023-07-18T19:08:21.874, ubuntu22-d, 0.005296
2023-07-18T19:08:22.080, ubuntu22-d, 0.005117
2023-07-18T19:08:22.286, ubuntu22-d, 0.005275
2023-07-18T19:08:22.492, ubuntu22-d, 0.005425
2023-07-18T19:08:22.697, ubuntu22-d, 0.005207
2023-07-18T19:08:22.903, ubuntu22-d, 0.005596
2023-07-18T19:08:23.109, ubuntu22-d, 0.005241
2023-07-18T19:08:23.315, ubuntu22-d, 0.005042
2023-07-18T19:08:23.521, ubuntu22-d, 0.006233
2023-07-18T19:08:23.727, ubuntu22-d, 0.005118
2023-07-18T19:08:23.933, ubuntu22-d, 0.005251
2023-07-18T19:08:24.138, ubuntu22-d, 0.005262
2023-07-18T19:08:24.344, ubuntu22-d, 0.005265
2023-07-18T19:08:24.555, ubuntu22-d, 0.010267
2023-07-18T19:08:24.761, ubuntu22-d, 0.005414
2023-07-18T19:08:24.967, ubuntu22-d, 0.005257
2023-07-18T19:08:25.172, ubuntu22-d, 0.005031
2023-07-18T19:08:25.377, ubuntu22-d, 0.005115
2023-07-18T19:08:25.583, ubuntu22-d, 0.005492
2023-07-18T19:08:25.789, ubuntu22-d, 0.005090
2023-07-18T19:08:25.994, ubuntu22-d, 0.005079
2023-07-18T19:08:26.201, ubuntu22-d, 0.006306
2023-07-18T19:08:26.406, ubuntu22-d, 0.005142
2023-07-18T19:08:26.612, ubuntu22-d, 0.005234
2023-07-18T19:08:26.818, ubuntu22-d, 0.005576
2023-07-18T19:08:27.024, ubuntu22-d, 0.005452
2023-07-18T19:08:27.230, ubuntu22-d, 0.005206
2023-07-18T19:08:27.438, ubuntu22-d, 0.007735
2023-07-18T19:08:27.644, ubuntu22-c, 0.005909
2023-07-18T19:08:27.850, ubuntu22-d, 0.005133
2023-07-18T19:08:28.055, ubuntu22-d, 0.005024
2023-07-18T19:08:28.261, ubuntu22-d, 0.004880
2023-07-18T19:08:28.466, ubuntu22-d, 0.005230
2023-07-18T19:08:28.672, ubuntu22-d, 0.004951
2023-07-18T19:08:28.878, ubuntu22-d, 0.005769
2023-07-18T19:08:29.083, ubuntu22-d, 0.005175
2023-07-18T19:08:29.289, ubuntu22-d, 0.004819
2023-07-18T19:08:29.494, ubuntu22-d, 0.004933
2023-07-18T19:08:29.700, ubuntu22-c, 0.005935
2023-07-18T19:08:29.906, ubuntu22-c, 0.005724
2023-07-18T19:08:30.112, ubuntu22-c, 0.005197
2023-07-18T19:08:30.318, ubuntu22-c, 0.005512
2023-07-18T19:08:30.524, ubuntu22-c, 0.005618
2023-07-18T19:08:30.740, ubuntu22-c, 0.015216
2023-07-18T19:08:30.947, ubuntu22-c, 0.007082
2023-07-18T19:08:31.153, ubuntu22-c, 0.005790
2023-07-18T19:08:31.359, ubuntu22-c, 0.004895
2023-07-18T19:08:31.565, ubuntu22-c, 0.005577
2023-07-18T19:08:31.770, ubuntu22-c, 0.005168
2023-07-18T19:08:31.976, ubuntu22-c, 0.005069
2023-07-18T19:08:32.181, ubuntu22-c, 0.005022
2023-07-18T19:08:32.386, ubuntu22-c, 0.004876
2023-07-18T19:08:32.592, ubuntu22-c, 0.005045
2023-07-18T19:08:32.798, ubuntu22-c, 0.005347
2023-07-18T19:08:33.008, ubuntu22-c, 0.009119
2023-07-18T19:08:33.213, ubuntu22-c, 0.005262
2023-07-18T19:08:33.419, ubuntu22-c, 0.005509
2023-07-18T19:08:33.625, ubuntu22-c, 0.005429
2023-07-18T19:08:33.831, ubuntu22-c, 0.005093
2023-07-18T19:08:34.036, ubuntu22-c, 0.004987
2023-07-18T19:08:34.242, ubuntu22-c, 0.005224
2023-07-18T19:08:34.447, ubuntu22-c, 0.005216
2023-07-18T19:08:34.653, ubuntu22-c, 0.005737
2023-07-18T19:08:34.859, ubuntu22-c, 0.004899
2023-07-18T19:08:35.064, ubuntu22-c, 0.005187
2023-07-18T19:08:35.270, ubuntu22-c, 0.005011
2023-07-18T19:08:35.476, ubuntu22-c, 0.005590
2023-07-18T19:08:35.681, ubuntu22-c, 0.005014
2023-07-18T19:08:35.887, ubuntu22-c, 0.005022
2023-07-18T19:08:36.092, ubuntu22-c, 0.005236
2023-07-18T19:08:36.299, ubuntu22-c, 0.006053
2023-07-18T19:08:36.505, ubuntu22-c, 0.005287
2023-07-18T19:08:36.712, ubuntu22-c, 0.007298
2023-07-18T19:08:36.918, ubuntu22-c, 0.005152
2023-07-18T19:08:37.124, ubuntu22-c, 0.005175
2023-07-18T19:08:37.329, ubuntu22-c, 0.005046
2023-07-18T19:08:37.535, ubuntu22-c, 0.005021
2023-07-18T19:08:37.740, ubuntu22-c, 0.004974
2023-07-18T19:08:37.946, ubuntu22-c, 0.005050
2023-07-18T19:08:38.152, ubuntu22-c, 0.005167
2023-07-18T19:08:38.358, ubuntu22-b, 0.005883
2023-07-18T19:08:38.564, ubuntu22-c, 0.005527
2023-07-18T19:08:38.770, ubuntu22-c, 0.005469
2023-07-18T19:08:38.976, ubuntu22-c, 0.006050
2023-07-18T19:08:39.181, ubuntu22-b, 0.005002
2023-07-18T19:08:39.388, ubuntu22-b, 0.006080
2023-07-18T19:08:39.594, ubuntu22-b, 0.005569
2023-07-18T19:08:39.804, ubuntu22-b, 0.009994
2023-07-18T19:08:40.016, ubuntu22-b, 0.011443
2023-07-18T19:08:40.228, ubuntu22-b, 0.011647
2023-07-18T19:08:40.436, ubuntu22-b, 0.007445
2023-07-18T19:08:40.644, ubuntu22-b, 0.008086
2023-07-18T19:08:40.850, ubuntu22-b, 0.005249
2023-07-18T19:08:41.055, ubuntu22-b, 0.005148
2023-07-18T19:08:41.262, ubuntu22-b, 0.005821
2023-07-18T19:08:41.468, ubuntu22-b, 0.005212
2023-07-18T19:08:41.681, ubuntu22-b, 0.013028
2023-07-18T19:08:41.888, ubuntu22-b, 0.006393
2023-07-18T19:08:42.094, ubuntu22-b, 0.005136
2023-07-18T19:08:42.299, ubuntu22-b, 0.004951
2023-07-18T19:08:42.505, ubuntu22-b, 0.005414
2023-07-18T19:08:42.710, ubuntu22-b, 0.004990
2023-07-18T19:08:42.916, ubuntu22-b, 0.004923
2023-07-18T19:08:43.124, ubuntu22-b, 0.007761
2023-07-18T19:08:43.329, ubuntu22-b, 0.004996
2023-07-18T19:08:43.535, ubuntu22-b, 0.005085
2023-07-18T19:08:43.740, ubuntu22-b, 0.004862
2023-07-18T19:08:43.949, ubuntu22-b, 0.008279
2023-07-18T19:08:44.155, ubuntu22-b, 0.005191
2023-07-18T19:08:44.361, ubuntu22-b, 0.005017
2023-07-18T19:08:44.566, ubuntu22-b, 0.005061
2023-07-18T19:08:44.772, ubuntu22-b, 0.005206
2023-07-18T19:08:44.978, ubuntu22-b, 0.005327
2023-07-18T19:08:45.184, ubuntu22-d, 0.005537
2023-07-18T19:08:45.390, ubuntu22-d, 0.005429
2023-07-18T19:08:45.595, ubuntu22-d, 0.004982
2023-07-18T19:08:45.801, ubuntu22-d, 0.004990
2023-07-18T19:08:46.006, ubuntu22-b, 0.005212
2023-07-18T19:08:46.212, ubuntu22-b, 0.005002
2023-07-18T19:08:46.416, , 
2023-07-18T19:08:46.623, ubuntu22-d, 0.006533
2023-07-18T19:08:46.830, ubuntu22-d, 0.005867
2023-07-18T19:08:47.035, ubuntu22-d, 0.005126
2023-07-18T19:08:47.241, ubuntu22-d, 0.005919
2023-07-18T19:08:47.447, ubuntu22-d, 0.005327
2023-07-18T19:08:47.653, ubuntu22-d, 0.005611
2023-07-18T19:08:47.859, ubuntu22-d, 0.005186
2023-07-18T19:08:48.065, ubuntu22-d, 0.005725
2023-07-18T19:08:48.270, ubuntu22-d, 0.004963
2023-07-18T19:08:48.476, ubuntu22-d, 0.005645
2023-07-18T19:08:48.682, ubuntu22-d, 0.005012
2023-07-18T19:08:48.887, ubuntu22-d, 0.005153
2023-07-18T19:08:49.093, ubuntu22-d, 0.005115
2023-07-18T19:08:49.299, ubuntu22-d, 0.005235
2023-07-18T19:08:49.505, ubuntu22-d, 0.005326
2023-07-18T19:08:49.710, ubuntu22-d, 0.004994
2023-07-18T19:08:49.915, ubuntu22-d, 0.005016
2023-07-18T19:08:50.121, ubuntu22-d, 0.005188
2023-07-18T19:08:50.329, ubuntu22-d, 0.007709
2023-07-18T19:08:50.539, ubuntu22-d, 0.009442
2023-07-18T19:08:50.745, ubuntu22-d, 0.005157
2023-07-18T19:08:50.951, ubuntu22-d, 0.005232
2023-07-18T19:08:51.156, ubuntu22-d, 0.005257
2023-07-18T19:08:51.362, ubuntu22-d, 0.005100
2023-07-18T19:08:51.568, ubuntu22-d, 0.005910
2023-07-18T19:08:51.774, ubuntu22-d, 0.005077
2023-07-18T19:08:51.979, ubuntu22-d, 0.004837
2023-07-18T19:08:52.185, ubuntu22-d, 0.005370
2023-07-18T19:08:52.391, ubuntu22-d, 0.005306
2023-07-18T19:08:52.605, ubuntu22-d, 0.012698
2023-07-18T19:08:52.811, ubuntu22-d, 0.005182
2023-07-18T19:08:53.017, ubuntu22-d, 0.005430
2023-07-18T19:08:53.222, ubuntu22-d, 0.005274
2023-07-18T19:08:53.428, ubuntu22-d, 0.005627
2023-07-18T19:08:53.634, ubuntu22-d, 0.005185
2023-07-18T19:08:53.839, ubuntu22-d, 0.005093
2023-07-18T19:08:54.045, ubuntu22-d, 0.005483
2023-07-18T19:08:54.251, ubuntu22-d, 0.005046
2023-07-18T19:08:54.456, ubuntu22-d, 0.004801
2023-07-18T19:08:54.662, ubuntu22-d, 0.005149
2023-07-18T19:08:54.868, ubuntu22-d, 0.005422
2023-07-18T19:08:55.073, ubuntu22-d, 0.005127
2023-07-18T19:08:55.279, ubuntu22-d, 0.005275
2023-07-18T19:08:55.485, ubuntu22-d, 0.005108
2023-07-18T19:08:55.691, ubuntu22-d, 0.005500
2023-07-18T19:08:55.897, ubuntu22-d, 0.005397
2023-07-18T19:08:56.102, ubuntu22-d, 0.005205
2023-07-18T19:08:56.308, ubuntu22-b, 0.005309
2023-07-18T19:08:56.514, ubuntu22-d, 0.005260
2023-07-18T19:08:56.719, ubuntu22-b, 0.004862
2023-07-18T19:08:56.925, ubuntu22-b, 0.005130
2023-07-18T19:08:57.131, ubuntu22-d, 0.005572
2023-07-18T19:08:57.336, ubuntu22-b, 0.004980
2023-07-18T19:08:57.542, ubuntu22-b, 0.005260
2023-07-18T19:08:57.750, ubuntu22-b, 0.007525
2023-07-18T19:08:57.955, ubuntu22-b, 0.005133
2023-07-18T19:08:58.165, ubuntu22-b, 0.009381
2023-07-18T19:08:58.426, ubuntu22-b, 0.059930
2023-07-18T19:08:58.649, ubuntu22-b, 0.022553
2023-07-18T19:08:58.862, ubuntu22-b, 0.012670
2023-07-18T19:08:59.067, ubuntu22-b, 0.005161
2023-07-18T19:08:59.276, ubuntu22-b, 0.008891
2023-07-18T19:08:59.482, ubuntu22-b, 0.005072
2023-07-18T19:08:59.688, ubuntu22-b, 0.005658
2023-07-18T19:08:59.894, ubuntu22-b, 0.005855
2023-07-18T19:09:00.100, ubuntu22-b, 0.005244
2023-07-18T19:09:00.306, ubuntu22-b, 0.005399
2023-07-18T19:09:00.512, ubuntu22-b, 0.005742
2023-07-18T19:09:00.718, ubuntu22-b, 0.005272
2023-07-18T19:09:00.924, ubuntu22-b, 0.005436
2023-07-18T19:09:01.129, ubuntu22-b, 0.005352
2023-07-18T19:09:01.336, ubuntu22-b, 0.006036
2023-07-18T19:09:01.542, ubuntu22-b, 0.005800
2023-07-18T19:09:01.748, ubuntu22-b, 0.005421
2023-07-18T19:09:01.954, ubuntu22-b, 0.005507
2023-07-18T19:09:02.160, ubuntu22-b, 0.006094
2023-07-18T19:09:02.366, ubuntu22-b, 0.005287
2023-07-18T19:09:02.572, ubuntu22-b, 0.005582
2023-07-18T19:09:02.778, ubuntu22-b, 0.005510
2023-07-18T19:09:02.983, ubuntu22-b, 0.005282
2023-07-18T19:09:03.189, ubuntu22-b, 0.005257
2023-07-18T19:09:03.395, ubuntu22-b, 0.005736
2023-07-18T19:09:03.601, ubuntu22-b, 0.005360
2023-07-18T19:09:03.807, ubuntu22-b, 0.005292
2023-07-18T19:09:04.012, ubuntu22-b, 0.005016
2023-07-18T19:09:04.218, ubuntu22-b, 0.005196
2023-07-18T19:09:04.428, ubuntu22-b, 0.009421
2023-07-18T19:09:04.634, ubuntu22-c, 0.005602
2023-07-18T19:09:04.839, ubuntu22-b, 0.005170
2023-07-18T19:09:05.046, ubuntu22-c, 0.006270
2023-07-18T19:09:05.251, ubuntu22-c, 0.005183
2023-07-18T19:09:05.463, ubuntu22-b, 0.011134
2023-07-18T19:09:05.679, , 
2023-07-18T19:09:05.885, ubuntu22-c, 0.005954
2023-07-18T19:09:06.091, ubuntu22-c, 0.004987
2023-07-18T19:09:06.297, ubuntu22-c, 0.005544
2023-07-18T19:09:06.502, ubuntu22-c, 0.005128
2023-07-18T19:09:06.715, ubuntu22-c, 0.011753
2023-07-18T19:09:06.921, ubuntu22-c, 0.005156
2023-07-18T19:09:07.126, ubuntu22-c, 0.005045
2023-07-18T19:09:07.332, ubuntu22-c, 0.005011
2023-07-18T19:09:07.537, ubuntu22-c, 0.005103
2023-07-18T19:09:07.743, ubuntu22-c, 0.004917
2023-07-18T19:09:07.951, ubuntu22-c, 0.007904
2023-07-18T19:09:08.157, ubuntu22-c, 0.005002
2023-07-18T19:09:08.362, ubuntu22-c, 0.005105
2023-07-18T19:09:08.568, ubuntu22-c, 0.004977
2023-07-18T19:09:08.773, ubuntu22-c, 0.005053
2023-07-18T19:09:08.980, ubuntu22-c, 0.006580
2023-07-18T19:09:09.186, ubuntu22-c, 0.005029
2023-07-18T19:09:09.392, ubuntu22-c, 0.005706
2023-07-18T19:09:09.597, ubuntu22-c, 0.005142
2023-07-18T19:09:09.803, ubuntu22-c, 0.005445
2023-07-18T19:09:10.008, ubuntu22-c, 0.005022
2023-07-18T19:09:10.214, ubuntu22-c, 0.005126
2023-07-18T19:09:10.419, ubuntu22-c, 0.005032
2023-07-18T19:09:10.625, ubuntu22-c, 0.005072
2023-07-18T19:09:10.830, ubuntu22-c, 0.005069
2023-07-18T19:09:11.036, ubuntu22-c, 0.005051
2023-07-18T19:09:11.241, ubuntu22-c, 0.005092
2023-07-18T19:09:11.446, ubuntu22-c, 0.004934
2023-07-18T19:09:11.652, ubuntu22-c, 0.005308
2023-07-18T19:09:11.858, ubuntu22-c, 0.005114
2023-07-18T19:09:12.064, ubuntu22-c, 0.005265
2023-07-18T19:09:12.269, ubuntu22-c, 0.004885
2023-07-18T19:09:12.484, , 
2023-07-18T19:09:12.690, ubuntu22-d, 0.005363
2023-07-18T19:09:12.895, ubuntu22-d, 0.005289
2023-07-18T19:09:13.101, ubuntu22-d, 0.005366
2023-07-18T19:09:13.307, ubuntu22-d, 0.004981
2023-07-18T19:09:13.512, ubuntu22-d, 0.005018
2023-07-18T19:09:13.719, ubuntu22-d, 0.006678
2023-07-18T19:09:13.925, ubuntu22-d, 0.005049
2023-07-18T19:09:14.131, ubuntu22-d, 0.005215
2023-07-18T19:09:14.337, ubuntu22-d, 0.005131
2023-07-18T19:09:14.542, ubuntu22-d, 0.005048
2023-07-18T19:09:14.748, ubuntu22-d, 0.004979
2023-07-18T19:09:14.953, ubuntu22-d, 0.005264
2023-07-18T19:09:15.159, ubuntu22-d, 0.005353
2023-07-18T19:09:15.364, ubuntu22-d, 0.005129
2023-07-18T19:09:15.570, ubuntu22-d, 0.005070
2023-07-18T19:09:15.776, ubuntu22-d, 0.005217
2023-07-18T19:09:15.981, ubuntu22-d, 0.005104
2023-07-18T19:09:16.190, ubuntu22-d, 0.007905
2023-07-18T19:09:16.395, ubuntu22-d, 0.005122
2023-07-18T19:09:16.603, ubuntu22-d, 0.007622
2023-07-18T19:09:16.809, ubuntu22-d, 0.005030
2023-07-18T19:09:17.015, ubuntu22-d, 0.005263
2023-07-18T19:09:17.220, ubuntu22-d, 0.005100
2023-07-18T19:09:17.426, ubuntu22-d, 0.005556
2023-07-18T19:09:17.632, ubuntu22-d, 0.005050
2023-07-18T19:09:17.837, ubuntu22-d, 0.005203
2023-07-18T19:09:18.043, ubuntu22-d, 0.005021
2023-07-18T19:09:18.248, ubuntu22-d, 0.005127
2023-07-18T19:09:18.454, ubuntu22-d, 0.005027
2023-07-18T19:09:18.659, ubuntu22-d, 0.004729
2023-07-18T19:09:18.864, ubuntu22-d, 0.004960
2023-07-18T19:09:19.070, ubuntu22-d, 0.005335
2023-07-18T19:09:19.275, ubuntu22-d, 0.005138
2023-07-18T19:09:19.481, ubuntu22-d, 0.005314
2023-07-18T19:09:19.686, ubuntu22-d, 0.004919
2023-07-18T19:09:19.892, ubuntu22-d, 0.005103
2023-07-18T19:09:20.097, ubuntu22-d, 0.004751
2023-07-18T19:09:20.307, ubuntu22-d, 0.009186
2023-07-18T19:09:20.516, ubuntu22-c, 0.008869
2023-07-18T19:09:20.721, ubuntu22-d, 0.005136
2023-07-18T19:09:20.926, , 
2023-07-18T19:09:21.135, ubuntu22-c, 0.008936
2023-07-18T19:09:21.341, ubuntu22-c, 0.004959
2023-07-18T19:09:21.546, ubuntu22-c, 0.004905
2023-07-18T19:09:21.752, ubuntu22-c, 0.005332
2023-07-18T19:09:21.964, ubuntu22-c, 0.012241
2023-07-18T19:09:22.171, ubuntu22-c, 0.005939
2023-07-18T19:09:22.376, ubuntu22-c, 0.005074
2023-07-18T19:09:22.582, ubuntu22-c, 0.004891
2023-07-18T19:09:22.787, ubuntu22-c, 0.004844
2023-07-18T19:09:22.992, ubuntu22-c, 0.004821
2023-07-18T19:09:23.198, ubuntu22-c, 0.004941
2023-07-18T19:09:23.403, ubuntu22-c, 0.004807
2023-07-18T19:09:23.608, ubuntu22-c, 0.005039
2023-07-18T19:09:23.814, ubuntu22-c, 0.005087
2023-07-18T19:09:24.019, ubuntu22-c, 0.004847
2023-07-18T19:09:24.225, ubuntu22-c, 0.004812
2023-07-18T19:09:24.430, ubuntu22-c, 0.005032
2023-07-18T19:09:24.635, ubuntu22-c, 0.004885
2023-07-18T19:09:24.841, ubuntu22-c, 0.004851
2023-07-18T19:09:25.046, ubuntu22-c, 0.004992
2023-07-18T19:09:25.251, ubuntu22-c, 0.004848
2023-07-18T19:09:25.457, ubuntu22-c, 0.004952
2023-07-18T19:09:25.662, ubuntu22-c, 0.005059
2023-07-18T19:09:25.867, ubuntu22-c, 0.004596
2023-07-18T19:09:26.072, ubuntu22-c, 0.004766
2023-07-18T19:09:26.278, ubuntu22-c, 0.004919
2023-07-18T19:09:26.483, ubuntu22-c, 0.004806
2023-07-18T19:09:26.688, ubuntu22-c, 0.004898
2023-07-18T19:09:26.894, ubuntu22-c, 0.005246
2023-07-18T19:09:27.099, ubuntu22-c, 0.005339
2023-07-18T19:09:27.305, ubuntu22-c, 0.005291
2023-07-18T19:09:27.511, ubuntu22-c, 0.005486
2023-07-18T19:09:27.717, ubuntu22-c, 0.005128
2023-07-18T19:09:27.922, ubuntu22-c, 0.004863
2023-07-18T19:09:28.127, ubuntu22-c, 0.005195
2023-07-18T19:09:28.334, ubuntu22-d, 0.006030
2023-07-18T19:09:28.539, ubuntu22-c, 0.004895
2023-07-18T19:09:28.745, ubuntu22-c, 0.005520
2023-07-18T19:09:28.951, ubuntu22-d, 0.005225
2023-07-18T19:09:29.157, ubuntu22-d, 0.005479
2023-07-18T19:09:29.362, ubuntu22-d, 0.005181
2023-07-18T19:09:29.568, ubuntu22-d, 0.005502
2023-07-18T19:09:29.774, ubuntu22-d, 0.005790
2023-07-18T19:09:29.980, ubuntu22-d, 0.005510
2023-07-18T19:09:30.189, ubuntu22-d, 0.008027
2023-07-18T19:09:30.394, ubuntu22-d, 0.005301
2023-07-18T19:09:30.601, ubuntu22-d, 0.006127
2023-07-18T19:09:30.807, ubuntu22-d, 0.005820
2023-07-18T19:09:31.013, ubuntu22-d, 0.005319
2023-07-18T19:09:31.231, ubuntu22-d, 0.016974
2023-07-18T19:09:31.437, ubuntu22-d, 0.005441
2023-07-18T19:09:31.642, ubuntu22-d, 0.005188
2023-07-18T19:09:31.848, ubuntu22-d, 0.005125
2023-07-18T19:09:32.053, ubuntu22-d, 0.005176
2023-07-18T19:09:32.259, ubuntu22-d, 0.004970
2023-07-18T19:09:32.465, ubuntu22-d, 0.005378
2023-07-18T19:09:32.670, ubuntu22-d, 0.005067
2023-07-18T19:09:32.876, ubuntu22-d, 0.005135
2023-07-18T19:09:33.081, ubuntu22-d, 0.005279
2023-07-18T19:09:33.287, ubuntu22-d, 0.005554
2023-07-18T19:09:33.493, ubuntu22-d, 0.005256
2023-07-18T19:09:33.699, ubuntu22-d, 0.005277
2023-07-18T19:09:33.906, ubuntu22-d, 0.006417
2023-07-18T19:09:34.111, ubuntu22-d, 0.005399
2023-07-18T19:09:34.317, ubuntu22-d, 0.004986
2023-07-18T19:09:34.522, ubuntu22-d, 0.005168
2023-07-18T19:09:34.728, ubuntu22-d, 0.004988
2023-07-18T19:09:34.933, ubuntu22-d, 0.005133
2023-07-18T19:09:35.139, ubuntu22-d, 0.005303
2023-07-18T19:09:35.345, ubuntu22-d, 0.005498
2023-07-18T19:09:35.550, ubuntu22-d, 0.005064
2023-07-18T19:09:35.756, ubuntu22-d, 0.005285
2023-07-18T19:09:35.962, ubuntu22-d, 0.005451
2023-07-18T19:09:36.170, ubuntu22-d, 0.007467
2023-07-18T19:09:36.375, ubuntu22-c, 0.005380
2023-07-18T19:09:36.581, ubuntu22-c, 0.005262
2023-07-18T19:09:36.787, ubuntu22-d, 0.005126
2023-07-18T19:09:36.992, ubuntu22-c, 0.005306
2023-07-18T19:09:37.198, ubuntu22-c, 0.004953
2023-07-18T19:09:37.403, ubuntu22-d, 0.005063
2023-07-18T19:09:37.609, ubuntu22-c, 0.005052
2023-07-18T19:09:37.814, ubuntu22-c, 0.005181
2023-07-18T19:09:38.020, ubuntu22-c, 0.005320
2023-07-18T19:09:38.225, ubuntu22-c, 0.004853
2023-07-18T19:09:38.437, ubuntu22-c, 0.011545
2023-07-18T19:09:38.643, ubuntu22-c, 0.005036
2023-07-18T19:09:38.848, ubuntu22-c, 0.004974
2023-07-18T19:09:39.054, ubuntu22-c, 0.005258
2023-07-18T19:09:39.260, ubuntu22-c, 0.005358
2023-07-18T19:09:39.465, ubuntu22-c, 0.005137
2023-07-18T19:09:39.671, ubuntu22-c, 0.004919
2023-07-18T19:09:39.876, ubuntu22-c, 0.005083
2023-07-18T19:09:40.081, ubuntu22-c, 0.004380
2023-07-18T19:09:40.286, ubuntu22-c, 0.004873
2023-07-18T19:09:40.491, ubuntu22-c, 0.004996
2023-07-18T19:09:40.700, ubuntu22-c, 0.008168
2023-07-18T19:09:40.906, ubuntu22-c, 0.005370
2023-07-18T19:09:41.112, ubuntu22-c, 0.005072
2023-07-18T19:09:41.317, ubuntu22-c, 0.004837
2023-07-18T19:09:41.523, ubuntu22-c, 0.004956
2023-07-18T19:09:41.731, ubuntu22-c, 0.007863
2023-07-18T19:09:41.936, ubuntu22-c, 0.005094
2023-07-18T19:09:42.142, ubuntu22-c, 0.005072
2023-07-18T19:09:42.348, ubuntu22-c, 0.005664
2023-07-18T19:09:42.554, ubuntu22-c, 0.005322
2023-07-18T19:09:42.759, ubuntu22-c, 0.004846
2023-07-18T19:09:42.964, ubuntu22-c, 0.004835
2023-07-18T19:09:43.174, ubuntu22-c, 0.009691
2023-07-18T19:09:43.380, ubuntu22-c, 0.005699
2023-07-18T19:09:43.586, ubuntu22-c, 0.005016
2023-07-18T19:09:43.792, ubuntu22-c, 0.005214
2023-07-18T19:09:43.997, ubuntu22-c, 0.005300
2023-07-18T19:09:44.203, ubuntu22-c, 0.005405
2023-07-18T19:09:44.409, ubuntu22-c, 0.005285
2023-07-18T19:09:44.614, ubuntu22-c, 0.005006
2023-07-18T19:09:44.820, ubuntu22-c, 0.005228
2023-07-18T19:09:45.026, ubuntu22-d, 0.005655
2023-07-18T19:09:45.231, ubuntu22-c, 0.005022
2023-07-18T19:09:45.437, ubuntu22-d, 0.004985
2023-07-18T19:09:45.642, ubuntu22-d, 0.005120
2023-07-18T19:09:45.848, ubuntu22-c, 0.005089
2023-07-18T19:09:46.052, , 
2023-07-18T19:09:46.258, ubuntu22-d, 0.005272
2023-07-18T19:09:46.463, ubuntu22-d, 0.005262
2023-07-18T19:09:46.669, ubuntu22-d, 0.005311
2023-07-18T19:09:46.875, ubuntu22-d, 0.005267
2023-07-18T19:09:47.081, ubuntu22-d, 0.005580
2023-07-18T19:09:47.287, ubuntu22-d, 0.005710
2023-07-18T19:09:47.492, ubuntu22-d, 0.004887
2023-07-18T19:09:47.698, ubuntu22-d, 0.005427
2023-07-18T19:09:47.905, ubuntu22-d, 0.006599
2023-07-18T19:09:48.111, ubuntu22-d, 0.005475
2023-07-18T19:09:48.317, ubuntu22-d, 0.005368
2023-07-18T19:09:48.523, ubuntu22-d, 0.005042
2023-07-18T19:09:48.730, ubuntu22-d, 0.006785
2023-07-18T19:09:48.935, ubuntu22-d, 0.005013
2023-07-18T19:09:49.141, ubuntu22-d, 0.005048
2023-07-18T19:09:49.346, ubuntu22-d, 0.005079
2023-07-18T19:09:49.551, ubuntu22-d, 0.004746
2023-07-18T19:09:49.756, ubuntu22-d, 0.004956
2023-07-18T19:09:49.961, ubuntu22-d, 0.004915
2023-07-18T19:09:50.167, ubuntu22-d, 0.005456
2023-07-18T19:09:50.373, ubuntu22-d, 0.004995
2023-07-18T19:09:50.578, ubuntu22-d, 0.005029
2023-07-18T19:09:50.784, ubuntu22-d, 0.005121
2023-07-18T19:09:50.989, ubuntu22-d, 0.005011
2023-07-18T19:09:51.194, ubuntu22-d, 0.005030
2023-07-18T19:09:51.400, ubuntu22-d, 0.004956
2023-07-18T19:09:51.605, ubuntu22-d, 0.005081
2023-07-18T19:09:51.814, ubuntu22-d, 0.008186
2023-07-18T19:09:52.020, ubuntu22-d, 0.005113
2023-07-18T19:09:52.225, ubuntu22-d, 0.005303
2023-07-18T19:09:52.431, ubuntu22-d, 0.005093
2023-07-18T19:09:52.636, ubuntu22-d, 0.005163
2023-07-18T19:09:52.842, ubuntu22-d, 0.005126
2023-07-18T19:09:53.047, ubuntu22-d, 0.004879
2023-07-18T19:09:53.253, ubuntu22-d, 0.004905
2023-07-18T19:09:53.458, ubuntu22-d, 0.004992
2023-07-18T19:09:53.663, ubuntu22-d, 0.005156
2023-07-18T19:09:53.869, ubuntu22-d, 0.005162
2023-07-18T19:09:54.077, ubuntu22-d, 0.007782
2023-07-18T19:09:54.283, ubuntu22-d, 0.005244
2023-07-18T19:09:54.488, ubuntu22-d, 0.005013
2023-07-18T19:09:54.694, ubuntu22-d, 0.005203
2023-07-18T19:09:54.900, ubuntu22-d, 0.005272
2023-07-18T19:09:55.106, ubuntu22-d, 0.005496
2023-07-18T19:09:55.313, ubuntu22-d, 0.006279
2023-07-18T19:09:55.519, ubuntu22-d, 0.006063
2023-07-18T19:09:55.725, ubuntu22-d, 0.005270
2023-07-18T19:09:55.930, ubuntu22-d, 0.005119
2023-07-18T19:09:56.137, ubuntu22-b, 0.005857
2023-07-18T19:09:56.342, ubuntu22-d, 0.005280
2023-07-18T19:09:56.548, ubuntu22-d, 0.005360
2023-07-18T19:09:56.754, ubuntu22-b, 0.005204
2023-07-18T19:09:56.964, ubuntu22-b, 0.010194
2023-07-18T19:09:57.170, ubuntu22-d, 0.005317
2023-07-18T19:09:57.375, , 
2023-07-18T19:09:57.581, ubuntu22-b, 0.005685
2023-07-18T19:09:57.787, ubuntu22-b, 0.005296
2023-07-18T19:09:57.992, ubuntu22-b, 0.005431
2023-07-18T19:09:58.214, ubuntu22-b, 0.020760
2023-07-18T19:09:58.420, ubuntu22-b, 0.005690
2023-07-18T19:09:58.626, ubuntu22-b, 0.005399
2023-07-18T19:09:58.832, ubuntu22-b, 0.005272
2023-07-18T19:09:59.038, ubuntu22-b, 0.005583
2023-07-18T19:09:59.243, ubuntu22-b, 0.005172
2023-07-18T19:09:59.485, ubuntu22-b, 0.041567
2023-07-18T19:09:59.692, ubuntu22-b, 0.006247
2023-07-18T19:09:59.898, ubuntu22-b, 0.005250
2023-07-18T19:10:00.104, ubuntu22-b, 0.005794
2023-07-18T19:10:00.310, ubuntu22-b, 0.005219
2023-07-18T19:10:00.516, ubuntu22-b, 0.005542
2023-07-18T19:10:00.722, ubuntu22-b, 0.005353
2023-07-18T19:10:00.928, ubuntu22-b, 0.005693
2023-07-18T19:10:01.134, ubuntu22-b, 0.005661
2023-07-18T19:10:01.340, ubuntu22-b, 0.005243
2023-07-18T19:10:01.546, ubuntu22-b, 0.005363
2023-07-18T19:10:01.751, ubuntu22-b, 0.005258
2023-07-18T19:10:01.957, ubuntu22-b, 0.005300
2023-07-18T19:10:02.163, ubuntu22-b, 0.005454
2023-07-18T19:10:02.369, ubuntu22-b, 0.005325
2023-07-18T19:10:02.578, ubuntu22-b, 0.008597
2023-07-18T19:10:02.785, ubuntu22-b, 0.005644
2023-07-18T19:10:02.990, ubuntu22-b, 0.005366
2023-07-18T19:10:03.197, ubuntu22-b, 0.005678
2023-07-18T19:10:03.402, ubuntu22-b, 0.005359
2023-07-18T19:10:03.608, ubuntu22-b, 0.005629
2023-07-18T19:10:03.816, ubuntu22-d, 0.006715
2023-07-18T19:10:04.021, ubuntu22-d, 0.005411
2023-07-18T19:10:04.227, ubuntu22-b, 0.005729
2023-07-18T19:10:04.434, ubuntu22-b, 0.005686
2023-07-18T19:10:04.639, ubuntu22-b, 0.005339
2023-07-18T19:10:04.850, ubuntu22-d, 0.009519
2023-07-18T19:10:05.056, ubuntu22-b, 0.005609
2023-07-18T19:10:05.264, ubuntu22-d, 0.008125
2023-07-18T19:10:05.470, ubuntu22-d, 0.005108
2023-07-18T19:10:05.675, ubuntu22-d, 0.005004
2023-07-18T19:10:05.880, ubuntu22-d, 0.004852
2023-07-18T19:10:06.086, ubuntu22-d, 0.005225
2023-07-18T19:10:06.293, ubuntu22-d, 0.007503
2023-07-18T19:10:06.499, ubuntu22-d, 0.005344
2023-07-18T19:10:06.705, ubuntu22-d, 0.005299
2023-07-18T19:10:06.910, ubuntu22-d, 0.005415
2023-07-18T19:10:07.118, ubuntu22-d, 0.007536
2023-07-18T19:10:07.324, ubuntu22-d, 0.005077
2023-07-18T19:10:07.529, ubuntu22-d, 0.004953
2023-07-18T19:10:07.737, ubuntu22-d, 0.007631
2023-07-18T19:10:07.943, ubuntu22-d, 0.005560
2023-07-18T19:10:08.149, ubuntu22-d, 0.005643
2023-07-18T19:10:08.355, ubuntu22-d, 0.005250
2023-07-18T19:10:08.561, ubuntu22-d, 0.005496
2023-07-18T19:10:08.767, ubuntu22-d, 0.005484
2023-07-18T19:10:08.972, ubuntu22-d, 0.005316
2023-07-18T19:10:09.180, ubuntu22-d, 0.007049
2023-07-18T19:10:09.386, ubuntu22-d, 0.005216
2023-07-18T19:10:09.591, ubuntu22-d, 0.005008
2023-07-18T19:10:09.796, ubuntu22-d, 0.005038
2023-07-18T19:10:10.002, ubuntu22-d, 0.005224
2023-07-18T19:10:10.207, ubuntu22-d, 0.005236
2023-07-18T19:10:10.414, ubuntu22-d, 0.005903
2023-07-18T19:10:10.619, ubuntu22-d, 0.004988
2023-07-18T19:10:10.825, ubuntu22-d, 0.005427
2023-07-18T19:10:11.030, ubuntu22-d, 0.005255
2023-07-18T19:10:11.236, ubuntu22-d, 0.005264
2023-07-18T19:10:11.445, ubuntu22-d, 0.008218
2023-07-18T19:10:11.650, ubuntu22-d, 0.004932
2023-07-18T19:10:11.855, ubuntu22-d, 0.005021
2023-07-18T19:10:12.060, ubuntu22-d, 0.004904
2023-07-18T19:10:12.266, ubuntu22-d, 0.005396
2023-07-18T19:10:12.472, ubuntu22-d, 0.005062
2023-07-18T19:10:12.677, ubuntu22-d, 0.005064
2023-07-18T19:10:12.883, ubuntu22-d, 0.005247
2023-07-18T19:10:13.088, ubuntu22-d, 0.005302
2023-07-18T19:10:13.294, ubuntu22-d, 0.005133
2023-07-18T19:10:13.499, ubuntu22-d, 0.005220
2023-07-18T19:10:13.706, ubuntu22-d, 0.005741
2023-07-18T19:10:13.911, ubuntu22-d, 0.005269
2023-07-18T19:10:14.117, ubuntu22-d, 0.005399
2023-07-18T19:10:14.323, ubuntu22-d, 0.005318
2023-07-18T19:10:14.528, ubuntu22-d, 0.005144
2023-07-18T19:10:14.734, ubuntu22-d, 0.005165
2023-07-18T19:10:14.939, ubuntu22-d, 0.005016
2023-07-18T19:10:15.145, ubuntu22-d, 0.005615
2023-07-18T19:10:15.351, ubuntu22-d, 0.005176
2023-07-18T19:10:15.556, ubuntu22-d, 0.005265
2023-07-18T19:10:15.762, ubuntu22-d, 0.005152
2023-07-18T19:10:15.970, ubuntu22-d, 0.008214
2023-07-18T19:10:16.176, ubuntu22-d, 0.005073
2023-07-18T19:10:16.383, ubuntu22-b, 0.007288
2023-07-18T19:10:16.589, ubuntu22-d, 0.005542
2023-07-18T19:10:16.798, ubuntu22-b, 0.007890
2023-07-18T19:10:17.006, ubuntu22-d, 0.007866
2023-07-18T19:10:17.211, ubuntu22-d, 0.004910
2023-07-18T19:10:17.420, ubuntu22-b, 0.008579
2023-07-18T19:10:17.676, ubuntu22-b, 0.055376
2023-07-18T19:10:17.893, ubuntu22-b, 0.016248
2023-07-18T19:10:18.113, ubuntu22-b, 0.019388
2023-07-18T19:10:18.355, ubuntu22-b, 0.041663
2023-07-18T19:10:18.564, ubuntu22-b, 0.009114
2023-07-18T19:10:18.771, ubuntu22-b, 0.005989
2023-07-18T19:10:18.980, ubuntu22-b, 0.009180
2023-07-18T19:10:19.186, ubuntu22-b, 0.005596
2023-07-18T19:10:19.392, ubuntu22-b, 0.005202
2023-07-18T19:10:19.598, ubuntu22-b, 0.005372
2023-07-18T19:10:19.803, ubuntu22-b, 0.005197
2023-07-18T19:10:20.009, ubuntu22-b, 0.005650
2023-07-18T19:10:20.215, ubuntu22-b, 0.005389
2023-07-18T19:10:20.421, ubuntu22-b, 0.005075
2023-07-18T19:10:20.626, ubuntu22-b, 0.005020
2023-07-18T19:10:20.832, ubuntu22-b, 0.004926
2023-07-18T19:10:21.038, ubuntu22-b, 0.006155
2023-07-18T19:10:21.244, ubuntu22-b, 0.004979
2023-07-18T19:10:21.449, ubuntu22-b, 0.004945
2023-07-18T19:10:21.655, ubuntu22-b, 0.005148
2023-07-18T19:10:21.860, ubuntu22-b, 0.005091
2023-07-18T19:10:22.066, ubuntu22-b, 0.005363
2023-07-18T19:10:22.275, ubuntu22-b, 0.008431
2023-07-18T19:10:22.480, ubuntu22-b, 0.005270
2023-07-18T19:10:22.686, ubuntu22-b, 0.005032
2023-07-18T19:10:22.892, ubuntu22-b, 0.005253
2023-07-18T19:10:23.097, ubuntu22-b, 0.004928
2023-07-18T19:10:23.302, ubuntu22-b, 0.004982
2023-07-18T19:10:23.509, ubuntu22-d, 0.005872
2023-07-18T19:10:23.714, ubuntu22-d, 0.005017
2023-07-18T19:10:23.920, ubuntu22-d, 0.005356
2023-07-18T19:10:24.125, ubuntu22-d, 0.004829
2023-07-18T19:10:24.333, ubuntu22-d, 0.006975
2023-07-18T19:10:24.538, ubuntu22-d, 0.005336
2023-07-18T19:10:24.744, ubuntu22-b, 0.005164
2023-07-18T19:10:24.950, ubuntu22-b, 0.005489
2023-07-18T19:10:25.156, ubuntu22-d, 0.006069
2023-07-18T19:10:25.362, ubuntu22-d, 0.005591
2023-07-18T19:10:25.568, ubuntu22-d, 0.005571
2023-07-18T19:10:25.774, ubuntu22-d, 0.005354
2023-07-18T19:10:25.980, ubuntu22-d, 0.005225
2023-07-18T19:10:26.198, ubuntu22-d, 0.016027
2023-07-18T19:10:26.404, ubuntu22-d, 0.005216
2023-07-18T19:10:26.611, ubuntu22-d, 0.006916
2023-07-18T19:10:26.817, ubuntu22-d, 0.005154
2023-07-18T19:10:27.023, ubuntu22-d, 0.005313
2023-07-18T19:10:27.228, ubuntu22-d, 0.005189
